000761 本钢板材 日线 前复权
      日期	    开盘	    最高	    最低	    收盘	    成交量	    成交额
2011-10-10,4.78,4.82,4.60,4.67,665411,3282328.25
2011-10-11,4.80,4.80,4.66,4.68,551050,2731150.25
2011-10-12,4.68,4.87,4.60,4.83,760819,3819024.50
2011-10-13,4.86,5.05,4.81,4.93,929603,4801601.00
2011-10-14,4.91,4.92,4.80,4.83,613356,3107506.00
2011-10-17,4.87,4.91,4.82,4.85,538132,2729948.50
2011-10-18,4.83,4.87,4.72,4.72,760200,3813433.00
2011-10-19,4.72,4.77,4.67,4.67,455300,2243692.00
2011-10-20,4.67,4.67,4.49,4.63,1093000,5245592.00
2011-10-21,4.62,4.63,4.54,4.62,374360,1804710.63
2011-10-24,4.65,4.70,4.57,4.68,681504,3315475.25
2011-10-25,4.68,4.86,4.60,4.79,1376077,6848853.00
2011-10-26,4.78,4.87,4.76,4.84,1006634,5077216.50
2011-10-27,4.87,5.35,4.86,5.35,4796414,26238676.00
2011-10-28,5.46,5.57,5.26,5.41,7368487,41231024.00
2011-10-31,5.33,5.42,5.29,5.41,3620038,20137308.00
2011-11-01,5.32,5.39,5.29,5.31,2518177,13972779.00
2011-11-02,5.23,5.32,5.10,5.31,3386757,18376680.00
2011-11-03,5.28,5.54,5.23,5.35,5148868,28888674.00
2011-11-04,5.33,5.56,5.28,5.56,4985735,28200112.00
2011-11-07,5.61,5.97,5.56,5.66,8715932,52115492.00
2011-11-08,5.60,5.68,5.40,5.42,4212543,24044940.00
2011-11-09,5.38,5.49,5.29,5.45,2236237,12561416.00
2011-11-10,5.35,5.71,5.33,5.43,3701826,21383818.00
2011-11-11,5.42,5.48,5.25,5.30,1867791,10386271.00
2011-11-14,5.32,5.45,5.30,5.45,2103079,11757631.00
2011-11-15,5.41,5.45,5.34,5.38,1708247,9584091.00
2011-11-16,5.37,5.38,5.14,5.17,1781814,9756806.00
2011-11-17,5.17,5.23,5.14,5.18,1185076,6394175.00
2011-11-18,5.18,5.22,5.08,5.08,1313070,7057302.00
2011-11-21,5.09,5.09,4.99,5.06,731433,3835519.25
2011-11-22,5.02,5.03,4.88,4.97,975835,5059434.50
2011-11-23,4.98,4.98,4.84,4.91,633424,3251130.00
2011-11-24,4.91,5.33,4.86,5.17,3230584,17345730.00
2011-11-25,5.11,5.17,4.93,5.01,1620737,8486340.00
2011-11-28,5.00,5.01,4.83,4.88,1151957,5895033.50
2011-11-29,4.90,5.03,4.87,5.00,897341,4631330.50
2011-11-30,4.96,4.98,4.80,4.80,1414735,7208468.00
2011-12-01,4.91,4.97,4.84,4.86,1341310,6883496.00
2011-12-02,4.87,4.92,4.71,4.72,1075002,5400729.00
2011-12-05,4.73,4.78,4.56,4.64,874981,4256069.50
2011-12-06,4.63,4.70,4.59,4.63,551737,2685107.75
2011-12-07,4.64,4.75,4.64,4.66,634500,3119813.00
2011-12-08,4.67,4.74,4.56,4.70,684182,3342134.50
2011-12-09,4.68,4.69,4.60,4.64,578142,2811421.50
2011-12-12,4.66,4.70,4.61,4.67,573460,2803557.75
2011-12-13,4.66,4.66,4.51,4.56,735379,3520749.00
2011-12-14,4.60,5.04,4.59,4.66,1256716,6222445.00
2011-12-15,4.61,4.62,4.30,4.30,951086,4445490.00
2011-12-16,4.30,4.44,4.30,4.43,612317,2797395.00
2011-12-19,4.42,4.53,4.27,4.53,1035644,4773092.50
2011-12-20,4.51,4.54,4.41,4.52,461189,2171387.00
2011-12-21,4.52,4.59,4.41,4.50,443583,2086253.38
2011-12-22,4.49,4.50,4.28,4.50,669272,3084095.75
2011-12-23,4.46,4.58,4.43,4.53,595371,2820899.25
2011-12-26,4.49,4.71,4.45,4.53,1009988,4850998.00
2011-12-27,4.48,4.53,4.37,4.43,624231,2896941.50
2011-12-28,4.39,4.45,4.28,4.42,783458,3586034.00
2011-12-29,4.38,4.42,4.34,4.34,564137,2593064.75
2011-12-30,4.35,4.44,4.35,4.44,501318,2318518.75
2012-01-04,4.47,4.48,4.35,4.35,369743,1711895.63
2012-01-05,4.32,4.40,4.25,4.25,469953,2124175.50
2012-01-06,4.26,4.28,4.17,4.27,442890,1967314.75
2012-01-09,4.29,4.40,4.18,4.40,677884,3078431.00
2012-01-10,4.40,4.58,4.37,4.58,1348055,6379254.50
2012-01-11,4.56,4.82,4.50,4.62,1893374,9270145.00
2012-01-12,4.55,4.63,4.53,4.55,1449683,6942411.50
2012-01-13,4.55,4.56,4.38,4.38,1325516,6191640.00
2012-01-16,4.38,4.43,4.26,4.31,586105,2676993.00
2012-01-17,4.36,4.55,4.30,4.54,1155170,5400416.50
2012-01-18,4.54,4.70,4.39,4.44,1440713,6894978.50
2012-01-19,4.40,4.56,4.40,4.51,1103729,5196925.50
2012-01-20,4.52,4.56,4.43,4.53,864480,4090923.50
2012-01-30,4.59,4.59,4.42,4.46,818059,3864221.25
2012-01-31,4.43,4.43,4.33,4.40,618376,2845709.75
2012-02-01,4.36,4.44,4.33,4.34,468418,2149996.00
2012-02-02,4.34,4.41,4.33,4.41,463102,2129894.00
2012-02-03,4.38,4.48,4.38,4.45,816358,3807562.50
2012-02-06,4.44,4.53,4.44,4.50,1028649,4850808.50
2012-02-07,4.46,4.55,4.45,4.54,1860854,8796835.00
2012-02-08,4.55,4.63,4.47,4.61,1532360,7318159.50
2012-02-09,4.60,4.62,4.53,4.55,2226995,10678039.00
2012-02-10,4.55,4.71,4.55,4.56,2312610,11186007.00
2012-02-13,4.50,4.58,4.39,4.58,1827562,8625843.00
2012-02-14,4.55,4.60,4.48,4.58,1270792,6069312.00
2012-02-15,4.55,4.65,4.54,4.64,2417484,11707997.00
2012-02-16,4.63,4.67,4.54,4.60,1668751,8061636.00
2012-02-17,4.61,4.64,4.54,4.58,1159728,5572729.50
2012-02-20,4.63,4.66,4.57,4.58,1533006,7394807.00
2012-02-21,4.58,4.61,4.53,4.61,925448,4434762.50
2012-02-22,4.61,4.67,4.59,4.65,2103535,10211638.00
2012-02-23,4.68,4.78,4.65,4.71,3857409,19054034.00
2012-02-24,4.69,4.78,4.64,4.77,3614582,17872182.00
2012-02-27,4.81,4.93,4.78,4.79,3296814,16705237.00
2012-02-28,4.76,4.90,4.71,4.84,2560347,12809639.00
2012-02-29,4.83,4.83,4.72,4.73,1714565,8552506.00
2012-03-01,4.70,4.76,4.68,4.72,1100780,5438124.50
2012-03-02,4.77,4.80,4.73,4.79,1331861,6652580.00
2012-03-05,4.80,4.86,4.78,4.78,1728495,8706448.00
2012-03-06,4.76,4.76,4.64,4.66,1712942,8389079.00
2012-03-07,4.61,4.74,4.58,4.65,1348368,6580730.00
2012-03-08,4.64,4.71,4.63,4.67,1400508,6842106.50
2012-03-09,4.66,4.70,4.66,4.70,1532022,7501200.00
2012-03-12,4.70,4.73,4.66,4.72,1334246,6554669.50
2012-03-13,4.72,4.96,4.69,4.96,2439145,12244676.00
2012-03-14,4.89,5.05,4.69,4.71,5147633,26302060.00
2012-03-15,4.67,4.71,4.52,4.52,2765102,13352024.00
2012-03-16,4.52,4.60,4.51,4.56,1641661,7830309.00
2012-03-19,4.56,4.92,4.53,4.77,3221133,15955608.00
2012-03-20,4.68,4.88,4.64,4.71,2564360,12764642.00
2012-03-21,4.71,4.77,4.62,4.66,1876228,9184180.00
2012-03-22,4.72,4.72,4.60,4.60,1118049,5436434.00
2012-03-23,4.60,4.68,4.58,4.61,1347901,6532304.00
2012-03-26,4.66,4.68,4.59,4.60,770146,3731846.00
2012-03-27,4.65,4.66,4.59,4.60,731487,3539679.00
2012-03-28,4.61,4.63,4.37,4.38,1307791,6112985.00
2012-03-29,4.38,4.40,4.26,4.28,894840,4056600.00
2012-03-30,4.24,4.30,4.23,4.29,638109,2866847.50
2012-04-05,4.29,4.37,4.23,4.37,875939,3981255.00
2012-04-06,4.37,4.41,4.33,4.37,718872,3299525.50
2012-04-09,4.37,4.42,4.32,4.35,724868,3324161.25
2012-04-10,4.35,4.36,4.24,4.35,702519,3179622.50
2012-04-11,4.31,4.36,4.25,4.35,640839,2916138.25
2012-04-12,4.35,4.43,4.30,4.42,1137556,5229140.00
2012-04-13,4.46,4.47,4.40,4.45,1088089,5069658.50
2012-04-16,4.42,4.46,4.39,4.42,1008099,4684160.00
2012-04-17,4.45,4.51,4.40,4.42,1132220,5288528.00
2012-04-18,4.43,4.50,4.40,4.48,1117855,5221193.00
2012-04-19,4.49,4.49,4.45,4.47,686801,3225415.00
2012-04-20,4.45,4.50,4.45,4.48,1100439,5173454.00
2012-04-23,4.51,4.51,4.41,4.47,1171182,5466232.50
2012-04-24,4.43,4.48,4.36,4.47,1400961,6483909.50
2012-04-25,4.50,4.61,4.43,4.53,1797261,8488316.00
2012-04-26,4.53,4.58,4.43,4.50,1676836,7899247.50
2012-04-27,4.47,4.57,4.44,4.50,1216102,5753806.50
2012-05-02,4.55,4.56,4.48,4.53,1456267,6908725.00
2012-05-03,4.51,4.55,4.48,4.51,1048301,4961210.50
2012-05-04,4.50,4.55,4.50,4.52,1322456,6277564.00
2012-05-07,4.51,4.58,4.47,4.58,1897008,9009632.00
2012-05-08,4.57,4.61,4.52,4.56,918648,4396897.00
2012-05-09,4.54,4.55,4.46,4.47,952701,4497629.50
2012-05-10,4.47,4.63,4.46,4.54,1762941,8416422.00
2012-05-14,4.58,4.58,4.48,4.50,1210528,5715750.00
2012-05-15,4.50,4.50,4.40,4.43,1097037,5101652.00
2012-05-16,4.44,4.49,4.38,4.42,544814,2529591.75
2012-05-17,4.46,4.47,4.37,4.46,1062330,4939264.50
2012-05-18,4.45,4.50,4.41,4.43,950556,4436472.50
2012-05-21,4.43,4.46,4.34,4.41,851286,3932269.00
2012-05-22,4.41,4.47,4.39,4.42,802253,3717383.00
2012-05-23,4.40,4.43,4.36,4.41,1021356,4714726.00
2012-05-24,4.41,4.41,4.35,4.35,377353,1736455.75
2012-05-25,4.34,4.48,4.32,4.37,1518081,7002043.50
2012-05-28,4.48,4.83,4.48,4.83,9003362,44796880.00
2012-05-29,4.94,5.25,4.90,4.95,17458098,91393432.00
2012-05-30,4.83,4.92,4.78,4.84,7142536,36099048.00
2012-05-31,4.78,4.85,4.71,4.73,4892162,24391480.00
2012-06-01,4.74,4.81,4.72,4.73,2663700,13251162.00
2012-06-04,4.68,4.68,4.52,4.53,3279746,15734436.00
2012-06-05,4.52,4.56,4.44,4.45,2710048,12736768.00
2012-06-06,4.48,4.50,4.39,4.40,2053072,9544777.00
2012-06-07,4.43,4.47,4.35,4.37,1750582,8071150.00
2012-06-08,4.40,4.41,4.34,4.36,1498556,6881192.00
2012-06-11,4.37,4.44,4.32,4.42,1924558,8877778.00
2012-06-12,4.42,4.46,4.38,4.41,1913751,8891889.00
2012-06-14,4.46,4.48,4.33,4.36,1967561,9086445.00
2012-06-15,4.38,4.39,4.33,4.37,1310721,5992811.50
2012-06-18,4.37,4.43,4.36,4.39,1321237,6092361.50
2012-06-19,4.40,4.40,4.33,4.35,1180740,5395773.00
2012-06-20,4.35,4.38,4.34,4.38,846330,3876329.75
2012-06-21,4.38,4.38,4.27,4.27,1172718,5294451.00
2012-06-25,4.27,4.30,4.22,4.23,627659,2811315.00
2012-06-26,4.22,4.26,4.18,4.25,893149,3971587.00
2012-06-27,4.28,4.28,4.15,4.16,900688,3913018.75
2012-06-28,4.13,4.18,4.08,4.08,596800,2532845.00
2012-06-29,4.09,4.12,4.04,4.11,725725,3057703.25
2012-07-02,4.11,4.14,4.10,4.11,496617,2103207.50
2012-07-03,4.12,4.16,4.09,4.10,803403,3407293.75
2012-07-04,4.11,4.13,4.03,4.07,792096,3322815.25
2012-07-05,4.05,4.06,3.92,3.92,1003309,4086224.50
2012-07-06,3.93,3.96,3.87,3.95,873172,3524025.25
2012-07-09,3.94,3.94,3.83,3.83,1084105,4339607.50
2012-07-10,3.81,3.84,3.76,3.81,507154,1987744.88
2012-07-11,3.81,3.85,3.78,3.84,717448,2832103.25
2012-07-12,3.84,3.86,3.78,3.86,937404,3698702.50
2012-07-13,3.88,3.88,3.82,3.84,600172,2375515.75
2012-07-16,3.86,3.86,3.68,3.69,635229,2452499.75
2012-07-17,3.73,3.73,3.69,3.73,347311,1331674.00
2012-07-18,3.73,3.92,3.70,3.86,1359701,5353952.00
2012-07-19,3.83,3.90,3.78,3.85,1213245,4808386.50
2012-07-20,3.83,3.95,3.83,3.85,985504,3952641.75
2012-07-23,3.81,3.84,3.76,3.76,655894,2562131.75
2012-07-24,3.75,3.88,3.75,3.82,926660,3652183.50
2012-07-25,3.80,3.82,3.76,3.77,459100,1790519.00
2012-07-26,3.76,3.84,3.74,3.77,759589,2972153.75
2012-07-27,3.80,3.80,3.72,3.75,531500,2053800.00
2012-07-30,3.75,3.76,3.67,3.70,501708,1923812.50
2012-07-31,3.66,3.72,3.62,3.65,700367,2646577.00
2012-08-01,3.65,3.70,3.63,3.67,759817,2879441.75
2012-08-02,3.67,3.83,3.64,3.71,1395596,5407810.00
2012-08-03,3.70,3.75,3.69,3.73,621441,2384571.00
2012-08-06,3.73,3.80,3.70,3.78,1145313,4452987.00
2012-08-07,3.79,3.89,3.76,3.81,1645896,6481832.00
2012-08-08,3.79,3.81,3.74,3.77,1080215,4203541.50
2012-08-09,3.75,3.78,3.71,3.77,679946,2634211.25
2012-08-10,3.77,3.83,3.75,3.80,1662173,6499903.50
2012-08-13,3.78,3.79,3.69,3.70,936394,3608134.50
2012-08-14,3.71,3.71,3.58,3.67,969664,3647403.75
2012-08-15,3.67,3.69,3.63,3.65,572726,2158521.75
2012-08-16,3.62,3.67,3.61,3.63,364997,1369418.75
2012-08-17,3.62,3.65,3.60,3.64,639820,2395089.75
2012-08-20,3.63,3.63,3.58,3.63,453406,1688842.25
2012-08-21,3.61,3.66,3.61,3.65,612070,2302337.25
2012-08-22,3.66,3.71,3.62,3.70,1140628,4335363.50
2012-08-23,3.67,3.71,3.66,3.70,413081,1572015.50
2012-08-24,3.68,3.76,3.65,3.65,429850,1631886.00
2012-08-27,3.61,3.64,3.53,3.53,622003,2291282.00
2012-08-28,3.57,3.63,3.55,3.57,937112,3477697.75
2012-08-29,3.57,3.57,3.48,3.48,770514,2801886.25
2012-08-30,3.48,3.50,3.39,3.41,708965,2523320.00
2012-08-31,3.44,3.44,3.41,3.43,259890,921053.69
2012-09-03,3.41,3.50,3.40,3.50,1019618,3644306.25
2012-09-04,3.49,3.49,3.32,3.35,995547,3502784.50
2012-09-05,3.33,3.48,3.33,3.38,690140,2418631.25
2012-09-06,3.38,3.41,3.35,3.40,464946,1627333.75
2012-09-07,3.43,3.58,3.43,3.52,2040205,7421513.50
2012-09-10,3.52,3.57,3.50,3.53,1568564,5732385.50
2012-09-11,3.53,3.57,3.50,3.53,1970803,7205534.50
2012-09-12,3.55,3.58,3.51,3.54,1721290,6312409.50
2012-09-13,3.56,3.60,3.53,3.54,3009091,11099196.00
2012-09-14,3.53,3.57,3.47,3.50,2222713,8064705.00
2012-09-17,3.51,3.51,3.38,3.39,1414861,5060034.00
2012-09-18,3.39,3.41,3.36,3.38,506207,1773426.75
2012-09-19,3.37,3.40,3.37,3.40,485921,1703268.75
2012-09-20,3.38,3.40,3.30,3.32,771802,2678208.75
2012-09-21,3.30,3.34,3.30,3.32,545672,1877227.13
2012-09-24,3.31,3.31,3.24,3.29,762157,2581904.25
2012-09-25,3.26,3.30,3.23,3.28,403089,1368912.88
2012-09-26,3.26,3.27,3.18,3.20,688000,2307368.75
2012-09-27,3.21,3.29,3.20,3.27,571810,1929423.75
2012-09-28,3.25,3.31,3.23,3.30,657230,2237939.00
2012-10-08,3.30,3.34,3.27,3.28,594023,2033298.13
2012-10-09,3.28,3.35,3.28,3.34,1137381,3923690.75
2012-10-10,3.33,3.49,3.32,3.42,2243767,7927339.00
2012-10-11,3.41,3.41,3.32,3.32,1750098,6084048.50
2012-10-12,3.33,3.36,3.30,3.33,1235725,4268874.00
2012-10-15,3.32,3.33,3.28,3.30,509716,1743967.00
2012-10-16,3.29,3.33,3.28,3.29,488652,1673487.88
2012-10-17,3.31,3.32,3.27,3.30,639621,2183863.50
2012-10-18,3.28,3.38,3.28,3.36,2280059,7910700.00
2012-10-19,3.38,3.42,3.36,3.37,2167331,7591613.50
2012-10-22,3.35,3.38,3.31,3.35,1074634,3728915.00
2012-10-23,3.35,3.39,3.34,3.36,1745415,6094594.00
2012-10-24,3.34,3.51,3.34,3.40,4126260,14678167.00
2012-10-25,3.40,3.75,3.40,3.74,21140959,80221120.00
2012-10-26,3.58,3.65,3.39,3.48,11436708,41219668.00
2012-10-29,3.46,3.46,3.32,3.37,5081935,17758272.00
2012-10-30,3.37,3.42,3.29,3.35,4611814,15959780.00
2012-10-31,3.35,3.39,3.31,3.33,2723099,9418611.00
2012-11-01,3.35,3.44,3.33,3.39,5047012,17698596.00
2012-11-02,3.40,3.40,3.35,3.39,3547515,12413246.00
2012-11-05,3.39,3.42,3.37,3.41,2690676,9472782.00
2012-11-06,3.40,3.40,3.28,3.34,2854137,9846045.00
2012-11-07,3.31,3.35,3.31,3.34,1435852,4949968.00
2012-11-08,3.30,3.31,3.21,3.21,2055790,6967272.50
2012-11-09,3.22,3.24,3.20,3.22,1082101,3607169.25
2012-11-12,3.23,3.24,3.20,3.23,1058415,3540237.50
2012-11-13,3.24,3.24,3.17,3.18,1440509,4765028.50
2012-11-14,3.18,3.20,3.17,3.19,781445,2580423.25
2012-11-15,3.19,3.19,3.12,3.12,1021654,3350616.50
2012-11-16,3.12,3.13,3.08,3.09,1131941,3639616.75
2012-11-19,3.09,3.11,3.07,3.10,675770,2168036.00
2012-11-20,3.11,3.14,3.09,3.10,685949,2217080.25
2012-11-21,3.11,3.16,3.08,3.15,1344082,4355110.00
2012-11-22,3.15,3.15,3.12,3.12,665204,2161252.00
2012-11-23,3.12,3.16,3.11,3.13,781699,2548237.75
2012-11-26,3.14,3.18,3.13,3.13,1338611,4384847.00
2012-11-27,3.15,3.22,3.08,3.09,2594590,8476219.00
2012-11-28,3.07,3.07,2.91,2.94,2398029,7408806.50
2012-11-29,2.96,3.03,2.93,2.97,2228192,6869893.50
2012-11-30,2.97,3.00,2.94,2.98,3139293,9718618.00
2012-12-03,2.94,2.97,2.89,2.89,1738137,5295355.50
2012-12-04,2.89,2.95,2.87,2.92,1406302,4244214.00
2012-12-05,2.93,3.03,2.91,3.01,3022155,9420842.00
2012-12-06,3.01,3.03,2.99,3.01,1823996,5703061.00
2012-12-07,2.99,3.08,2.99,3.07,4457448,14134487.00
2012-12-10,3.07,3.13,3.03,3.10,4787443,15368705.00
2012-12-11,3.09,3.23,3.07,3.13,6813114,22343574.00
2012-12-12,3.13,3.15,3.07,3.11,2435810,7830890.00
2012-12-13,3.11,3.11,3.05,3.05,1912199,6117114.00
2012-12-14,3.04,3.17,3.03,3.16,7727374,25136052.00
2012-12-17,3.17,3.25,3.14,3.21,7227702,24046658.00
2012-12-18,3.19,3.24,3.17,3.18,3942758,13091234.00
2012-12-19,3.18,3.20,3.16,3.18,1908661,6301404.00
2012-12-20,3.18,3.20,3.13,3.19,2961275,9751015.00
2012-12-21,3.18,3.24,3.15,3.17,2550500,8426169.00
2012-12-24,3.15,3.19,3.15,3.17,1612774,5306302.50
2012-12-25,3.18,3.25,3.16,3.24,4465380,14935554.00
2012-12-26,3.24,3.26,3.22,3.26,3539721,11920027.00
2012-12-27,3.27,3.39,3.23,3.29,6667866,22789416.00
2012-12-28,3.28,3.28,3.23,3.26,5278865,17780374.00
2012-12-31,3.26,3.29,3.23,3.28,3640553,12336473.00
2013-01-04,3.37,3.56,3.36,3.43,13928333,49725632.00
2013-01-07,3.40,3.41,3.33,3.38,4468501,15578874.00
2013-01-08,3.38,3.43,3.35,3.40,3496372,12249241.00
2013-01-09,3.38,3.39,3.28,3.36,5068972,17581214.00
2013-01-10,3.35,3.48,3.33,3.41,6557179,23165512.00
2013-01-11,3.41,3.41,3.28,3.30,4716642,16344926.00
2013-01-14,3.26,3.40,3.23,3.39,7772100,26865544.00
2013-01-15,3.38,3.45,3.37,3.42,7475967,26452866.00
2013-01-16,3.41,3.43,3.34,3.40,4909771,17232040.00
2013-01-17,3.40,3.43,3.37,3.39,3785976,13313903.00
2013-01-18,3.39,3.43,3.37,3.42,4020022,14176703.00
2013-01-21,3.43,3.47,3.41,3.45,4642378,16509746.00
2013-01-22,3.45,3.55,3.40,3.49,7756073,27815168.00
2013-01-23,3.47,3.66,3.45,3.54,10994570,40447328.00
2013-01-24,3.59,3.85,3.58,3.70,18216382,69828528.00
2013-01-25,3.65,3.67,3.46,3.56,6763240,24978224.00
2013-01-28,3.55,3.61,3.52,3.61,5090916,18748496.00
2013-01-29,3.61,3.62,3.55,3.58,3879138,14360301.00
2013-01-30,3.58,3.71,3.54,3.71,9339434,35179916.00
2013-01-31,3.68,3.74,3.63,3.69,7618168,29037020.00
2013-02-01,3.68,3.85,3.67,3.82,8853617,34479424.00
2013-02-04,3.80,4.13,3.79,3.97,9504703,38433236.00
2013-02-05,3.97,4.13,3.88,3.92,8561990,35281444.00
2013-02-06,3.90,4.26,3.84,4.23,9999439,41831748.00
2013-02-07,4.18,4.32,4.08,4.28,6467053,28069246.00
2013-02-08,4.25,4.32,4.18,4.26,4544418,19873906.00
2013-02-18,4.26,4.31,4.03,4.08,6028991,25760402.00
2013-02-19,4.08,4.09,3.86,3.88,6600183,26987842.00
2013-02-20,3.89,3.98,3.82,3.92,5215862,21051164.00
2013-02-21,3.88,3.93,3.74,3.89,9135014,36024128.00
2013-02-22,3.86,3.92,3.82,3.87,2532938,10147026.00
2013-02-25,3.87,3.91,3.85,3.88,1504999,6024545.00
2013-02-26,3.91,3.91,3.73,3.83,2912180,11503416.00
2013-02-27,3.79,3.88,3.61,3.68,5564827,21307104.00
2013-02-28,3.70,3.73,3.63,3.72,4209679,15973902.00
2013-03-01,3.68,3.69,3.63,3.69,4232310,16004862.00
2013-03-04,3.66,3.66,3.36,3.42,11837294,42332832.00
2013-03-05,3.50,3.52,3.39,3.47,10180015,36358336.00
2013-03-06,3.44,3.53,3.44,3.51,7348736,26534752.00
2013-03-07,3.49,3.61,3.46,3.51,5775059,21028892.00
2013-03-08,3.51,3.56,3.46,3.48,4817884,17440710.00
2013-03-11,3.48,3.48,3.40,3.44,2319694,8247909.50
2013-03-12,3.44,3.47,3.32,3.35,2904836,10214328.00
2013-03-13,3.35,3.37,3.31,3.34,1699772,5864794.00
2013-03-14,3.34,3.37,3.33,3.35,1144464,3972969.25
2013-03-15,3.34,3.41,3.28,3.34,2999553,10384962.00
2013-03-18,3.31,3.33,3.23,3.26,2449208,8367835.00
2013-03-19,3.26,3.30,3.23,3.30,1531418,5180679.50
2013-03-20,3.30,3.37,3.28,3.37,3138520,10857995.00
2013-03-21,3.37,3.41,3.34,3.37,3574954,12458375.00
2013-03-22,3.36,3.39,3.35,3.38,2207800,7714209.50
2013-03-25,3.38,3.47,3.37,3.45,4344885,15444493.00
2013-03-26,3.42,3.44,3.35,3.36,2552806,8922736.00
2013-03-27,3.38,3.41,3.33,3.36,2375394,8284413.00
2013-03-28,3.35,3.35,3.19,3.21,3416521,11506281.00
2013-03-29,3.23,3.25,3.21,3.22,1454600,4868695.00
2013-04-01,3.20,3.24,3.20,3.22,1109214,3707033.50
2013-04-02,3.23,3.26,3.22,3.24,1535528,5157213.50
2013-04-03,3.27,3.30,3.23,3.25,1974455,6683165.00
2013-04-08,3.24,3.24,3.15,3.21,1598069,5277775.00
2013-04-09,3.22,3.25,3.21,3.23,1358666,4551250.50
2013-04-10,3.22,3.29,3.21,3.26,1765568,5939584.50
2013-04-11,3.27,3.29,3.23,3.23,1152633,3884808.50
2013-04-12,3.22,3.24,3.19,3.19,1044417,3478874.00
2013-04-15,3.18,3.18,3.10,3.11,1725799,5602339.00
2013-04-16,3.08,3.16,3.08,3.15,1348837,4370384.50
2013-04-17,3.15,3.15,3.12,3.13,891122,2900682.50
2013-04-18,3.12,3.15,3.11,3.13,618812,2012702.13
2013-04-19,3.15,3.20,3.12,3.19,2396910,7883353.00
2013-04-22,3.17,3.23,3.17,3.20,1611379,5339414.50
2013-04-23,3.20,3.20,3.10,3.11,1341204,4374720.00
2013-04-24,3.14,3.16,3.10,3.15,1768313,5762256.00
2013-04-25,3.14,3.14,3.08,3.09,1369295,4430855.00
2013-04-26,3.10,3.13,3.08,3.10,1282246,4136259.25
2013-05-02,3.08,3.12,3.07,3.08,1060000,3404518.50
2013-05-03,3.10,3.15,3.09,3.14,2471047,8029820.00
2013-05-06,3.16,3.20,3.12,3.19,2451934,8070253.00
2013-05-07,3.18,3.20,3.16,3.18,1281765,4226259.00
2013-05-08,3.18,3.21,3.18,3.19,2375027,7878691.50
2013-05-09,3.18,3.19,3.11,3.15,1802872,5884009.50
2013-05-10,3.14,3.17,3.12,3.16,1290049,4214844.00
2013-05-13,3.17,3.19,3.13,3.16,2125785,6975847.00
2013-05-14,3.17,3.18,3.13,3.14,2043349,6695021.50
2013-05-15,3.14,3.14,3.10,3.12,1426959,4615553.00
2013-05-16,3.11,3.17,3.10,3.16,1653331,5389140.00
2013-05-17,3.16,3.22,3.14,3.21,4025280,13353227.00
2013-05-20,3.22,3.31,3.20,3.25,3984215,13393670.00
2013-05-21,3.24,3.26,3.21,3.25,3100229,10408343.00
2013-05-22,3.25,3.32,3.23,3.27,3549252,12025038.00
2013-05-23,3.26,3.29,3.23,3.23,2299819,7759162.50
2013-05-24,3.23,3.27,3.22,3.25,1744756,5873504.00
2013-05-27,3.24,3.27,3.21,3.22,1566462,5261363.00
2013-05-28,3.21,3.26,3.19,3.25,2866197,9598250.00
2013-05-29,3.26,3.31,3.23,3.26,6744600,22839410.00
2013-05-30,3.25,3.25,3.21,3.22,3402678,11386928.00
2013-05-31,3.22,3.25,3.20,3.22,2410571,8052754.00
2013-06-03,3.22,3.23,3.17,3.17,2942294,9757582.00
2013-06-04,3.17,3.17,3.08,3.11,4183972,13520780.00
2013-06-05,3.09,3.11,3.06,3.09,1940857,6223833.00
2013-06-06,3.07,3.09,2.98,3.01,3059374,9690843.00
2013-06-07,3.00,3.03,2.94,2.96,2770160,8606710.00
2013-06-13,2.94,2.94,2.80,2.81,3062914,9099296.00
2013-06-14,2.82,2.84,2.78,2.81,2473523,7253674.50
2013-06-17,2.83,2.84,2.78,2.81,2623723,7685176.00
2013-06-18,2.82,2.83,2.78,2.80,2634033,7666783.00
2013-06-19,2.79,2.85,2.66,2.83,4975128,14342844.00
2013-06-20,2.80,2.80,2.68,2.72,3030328,8695916.00
2013-06-21,2.68,2.75,2.65,2.72,2574890,7290050.00
2013-06-24,2.72,2.72,2.52,2.54,3342004,9070039.00
2013-06-25,2.55,2.56,2.33,2.45,3634019,9328947.00
2013-06-26,2.46,2.47,2.41,2.44,1712162,4366740.50
2013-06-27,2.44,2.68,2.42,2.57,5534142,14773855.00
2013-06-28,2.55,2.57,2.49,2.52,2734087,7221160.50
2013-07-01,2.53,2.56,2.50,2.53,1553195,4117414.00
2013-07-02,2.54,2.56,2.47,2.56,3289480,8672625.00
2013-07-03,2.53,2.58,2.50,2.54,2679980,7142209.50
2013-07-04,2.50,2.58,2.48,2.54,2938870,7791798.00
2013-07-05,2.55,2.59,2.53,2.55,2286019,6067829.50
2013-07-08,2.55,2.55,2.40,2.42,1827434,4691932.50
2013-07-09,2.42,2.45,2.39,2.44,1099890,2773912.75
2013-07-10,2.44,2.50,2.42,2.50,2364093,6062874.50
2013-07-11,2.50,2.61,2.48,2.59,5048452,13487391.00
2013-07-12,2.58,2.61,2.53,2.55,2204505,5900877.00
2013-07-15,2.57,2.59,2.55,2.57,2431754,6499953.50
2013-07-16,2.57,2.61,2.53,2.59,2840693,7595281.00
2013-07-17,2.58,2.63,2.55,2.58,2447622,6586875.00
2013-07-18,2.56,2.57,2.52,2.53,1592299,4200390.50
2013-07-19,2.54,2.54,2.45,2.48,1363304,3546012.50
2013-07-22,2.47,2.49,2.44,2.47,1061551,2724053.50
2013-07-23,2.47,2.54,2.46,2.53,2096890,5495502.50
2013-07-24,2.53,2.53,2.48,2.52,1749599,4556950.50
2013-07-25,2.52,2.58,2.49,2.51,5512301,14507384.00
2013-07-26,2.50,2.51,2.45,2.49,2105519,5430090.50
2013-07-29,2.48,2.48,2.41,2.42,2160660,5472301.50
2013-07-30,2.42,2.47,2.41,2.44,2524469,6403551.50
2013-07-31,2.42,2.48,2.42,2.44,1271300,3240139.00
2013-08-01,2.45,2.48,2.45,2.47,2564533,6575506.50
2013-08-02,2.48,2.50,2.47,2.49,2053641,5305073.50
2013-08-05,2.49,2.55,2.46,2.53,3053640,7960606.00
2013-08-06,2.52,2.56,2.51,2.55,2613268,6889686.00
2013-08-07,2.54,2.56,2.51,2.53,2927864,7700653.50
2013-08-08,2.50,2.64,2.50,2.58,5281650,14162428.00
2013-08-09,2.58,2.59,2.53,2.58,2953590,7877442.00
2013-08-12,2.59,2.65,2.56,2.65,4598028,12490579.00
2013-08-13,2.64,2.80,2.63,2.77,11886010,33684364.00
2013-08-14,2.76,2.82,2.71,2.73,6428351,18399252.00
2013-08-15,2.73,2.76,2.60,2.65,4705456,13030784.00
2013-08-16,2.63,2.73,2.60,2.63,3781001,10400337.00
2013-08-19,2.60,2.66,2.60,2.64,1590242,4327706.00
2013-08-20,2.64,2.66,2.60,2.62,2058495,5622121.50
2013-08-21,2.60,2.62,2.59,2.61,1520939,4111384.75
2013-08-22,2.61,2.63,2.59,2.61,1549999,4201308.50
2013-08-23,2.61,2.63,2.54,2.57,1495672,4021665.75
2013-08-26,2.57,2.63,2.57,2.63,1835451,4970854.00
2013-08-27,2.63,2.75,2.61,2.70,2615716,7192999.00
2013-08-28,2.67,2.73,2.63,2.68,3939571,10953797.00
2013-08-29,2.69,2.73,2.64,2.70,2652360,7378619.50
2013-08-30,2.70,2.76,2.66,2.73,3705741,10424688.00
2013-09-02,2.73,2.80,2.70,2.75,3905949,11126024.00
2013-09-03,2.76,2.81,2.73,2.81,3901615,11208566.00
2013-09-04,2.81,2.95,2.79,2.88,10227969,30627636.00
2013-09-05,2.85,2.86,2.75,2.78,5671557,16417756.00
2013-09-06,2.78,2.81,2.73,2.78,3279713,9447227.00
2013-09-09,2.81,2.92,2.78,2.87,5772090,17148546.00
2013-09-10,2.88,3.00,2.88,2.98,8255703,25343582.00
2013-09-11,3.01,3.21,3.01,3.04,12107553,38719132.00
2013-09-12,3.03,3.04,2.96,3.03,5498358,17018160.00
2013-09-13,3.01,3.01,2.96,2.97,3654035,11247072.00
2013-09-16,2.98,3.00,2.92,2.93,3183252,9707907.00
2013-09-17,2.94,2.94,2.87,2.87,2487961,7468445.50
2013-09-18,2.87,2.90,2.83,2.87,2486300,7364690.00
2013-09-23,2.86,2.93,2.86,2.93,2315254,6947557.50
2013-09-24,2.93,2.94,2.85,2.89,2114773,6316189.50
2013-09-25,2.89,2.91,2.87,2.89,1976833,5910999.50
2013-09-26,2.90,2.90,2.78,2.79,2615673,7660035.50
2013-09-27,2.77,2.83,2.72,2.73,2478416,7100003.50
2013-09-30,2.74,2.76,2.68,2.74,3224105,9086182.00
2013-10-08,2.73,2.76,2.69,2.75,4451449,12573631.00
2013-10-09,2.74,2.77,2.70,2.77,3288974,9345054.00
2013-10-10,2.77,2.81,2.74,2.79,3429784,9835540.00
2013-10-11,2.77,2.86,2.77,2.84,3171146,9284997.00
2013-10-14,2.84,2.90,2.82,2.88,3204196,9520807.00
2013-10-15,2.91,2.95,2.88,2.90,4693073,14123611.00
2013-10-16,2.92,3.11,2.90,2.98,12151083,37891812.00
2013-10-17,2.97,2.99,2.89,2.97,5422064,16451170.00
2013-10-18,2.97,2.98,2.92,2.94,2486991,7585632.50
2013-10-21,2.94,3.08,2.91,3.04,6727540,21048980.00
2013-10-22,3.04,3.04,2.98,2.99,2888354,8975918.00
2013-10-23,2.99,3.04,2.92,2.92,3355677,10303064.00
2013-10-24,2.92,2.95,2.87,2.88,2298540,6891120.00
2013-10-25,2.88,2.91,2.82,2.85,1595957,4722278.00
2013-10-28,2.89,2.89,2.85,2.87,1754485,5210206.50
2013-10-29,2.86,2.95,2.80,2.87,3685458,10918242.00
2013-10-30,2.87,2.94,2.84,2.93,2397024,7160104.50
2013-10-31,2.90,2.96,2.88,2.94,2547366,7693269.00
2013-11-01,2.93,3.00,2.91,2.98,2790380,8521684.00
2013-11-04,3.00,3.02,2.94,2.95,1896002,5816834.50
2013-11-05,2.95,2.99,2.92,2.97,2077752,6343491.50
2013-11-06,2.97,3.01,2.93,2.93,2143067,6587472.50
2013-11-07,2.93,2.93,2.86,2.88,2249943,6734282.50
2013-11-08,2.86,2.90,2.83,2.88,949893,2818122.00
2013-11-11,2.88,2.90,2.82,2.90,1081760,3211678.75
2013-11-12,2.92,2.93,2.87,2.91,900016,2702441.00
2013-11-13,2.89,2.91,2.86,2.87,967232,2881201.00
2013-11-14,2.88,2.89,2.82,2.86,1254586,3702675.75
2013-11-15,2.86,2.96,2.84,2.93,1762171,5324064.00
2013-11-18,2.92,3.00,2.92,2.98,2387705,7335091.50
2013-11-19,2.97,3.01,2.94,2.97,2091771,6411728.50
2013-11-20,2.97,3.04,2.95,3.03,2471178,7640876.50
2013-11-21,3.02,3.03,2.98,3.02,1451426,4505211.00
2013-11-22,3.00,3.04,2.99,3.00,1179869,3673414.50
2013-11-25,3.00,3.09,3.00,3.01,2467156,7765052.50
2013-11-26,3.00,3.01,2.94,2.97,1456585,4481962.50
2013-11-27,2.95,3.09,2.95,3.04,2565932,8063958.00
2013-11-28,3.02,3.09,3.00,3.07,2339270,7393567.00
2013-11-29,3.06,3.07,3.00,3.05,2055071,6432156.00
2013-12-02,3.02,3.05,2.93,2.96,2052720,6321386.50
2013-12-03,2.94,3.02,2.94,3.00,1337964,4139838.50
2013-12-04,2.99,3.07,2.97,3.05,3850928,12104043.00
2013-12-05,3.04,3.08,3.03,3.08,2358927,7458077.00
2013-12-06,3.09,3.14,3.06,3.09,4367843,13971616.00
2013-12-09,3.13,3.14,3.03,3.08,2776093,8803168.00
2013-12-10,3.08,3.11,3.03,3.06,2220102,7019717.50
2013-12-11,3.03,3.06,3.00,3.02,1402401,4385680.00
2013-12-12,3.02,3.04,3.00,3.00,1049700,3271366.00
2013-12-13,2.99,3.03,2.98,3.02,1065774,3304706.75
2013-12-16,3.02,3.02,2.95,2.96,1031699,3171529.00
2013-12-17,2.96,2.97,2.94,2.96,903118,2755932.75
2013-12-18,2.95,2.96,2.90,2.93,754250,2286698.50
2013-12-19,2.94,2.95,2.90,2.94,872609,2639187.25
2013-12-20,2.94,3.08,2.88,2.93,1713419,5254207.50
2013-12-23,2.92,2.92,2.85,2.86,687329,2045455.38
2013-12-24,2.86,2.89,2.85,2.87,563399,1671068.00
2013-12-25,2.86,2.89,2.85,2.88,770089,2288402.25
2013-12-26,2.88,2.88,2.82,2.83,578220,1698311.63
2013-12-27,2.82,2.87,2.80,2.85,1470133,4318903.50
2013-12-30,2.87,2.91,2.83,2.88,1552963,4625442.50
2013-12-31,2.87,2.93,2.87,2.92,824765,2483941.50
2014-01-02,2.92,2.93,2.89,2.91,539546,1621536.88
2014-01-03,2.89,2.90,2.84,2.86,642582,1907419.75
2014-01-06,2.85,2.85,2.73,2.76,1321362,3812349.25
2014-01-07,2.76,2.83,2.74,2.78,1001002,2878590.50
2014-01-08,2.78,2.80,2.74,2.76,737686,2109845.75
2014-01-09,2.77,2.78,2.68,2.69,1175045,3325482.50
2014-01-10,2.72,2.72,2.56,2.62,1222892,3319396.50
2014-01-13,2.62,2.65,2.55,2.57,918820,2477454.75
2014-01-14,2.56,2.63,2.56,2.62,636630,1718786.75
2014-01-15,2.63,2.63,2.58,2.61,622471,1681268.75
2014-01-16,2.59,2.62,2.58,2.61,1315583,3547941.50
2014-01-17,2.59,2.60,2.54,2.55,928900,2475386.00
2014-01-20,2.55,2.57,2.50,2.51,874402,2289755.25
2014-01-21,2.51,2.61,2.51,2.55,1488070,3966597.00
2014-01-22,2.58,2.63,2.56,2.62,2277900,6162535.50
2014-01-23,2.61,2.64,2.60,2.62,1591029,4324462.00
2014-01-24,2.61,2.65,2.60,2.64,1774768,4844858.00
2014-01-27,2.65,2.69,2.62,2.65,2247799,6195830.00
2014-01-28,2.65,2.66,2.62,2.64,725301,1987571.63
2014-01-29,2.65,2.67,2.64,2.65,716167,1971620.13
2014-01-30,2.65,2.67,2.59,2.66,895733,2456114.25
2014-02-07,2.62,2.69,2.61,2.68,1174347,3228321.00
2014-02-10,2.66,2.75,2.66,2.74,2167007,6104858.50
2014-02-11,2.71,2.76,2.71,2.74,1807607,5123839.50
2014-02-12,2.73,2.76,2.72,2.76,1924385,5467689.00
2014-02-13,2.76,2.77,2.71,2.71,1334090,3788738.25
2014-02-14,2.72,2.74,2.70,2.73,1105369,3114675.50
2014-02-17,2.74,2.78,2.73,2.77,1596237,4554905.50
2014-02-18,2.78,3.04,2.71,3.04,2229287,6491299.00
2014-02-19,2.89,2.95,2.86,2.92,9601260,28744996.00
2014-02-20,2.90,2.90,2.80,2.81,4896128,14401202.00
2014-02-21,2.79,2.81,2.72,2.74,3680370,10514297.00
2014-02-24,2.74,2.74,2.64,2.66,3170626,8817539.00
2014-02-25,2.67,2.68,2.60,2.60,3008978,8258254.00
2014-02-26,2.62,2.64,2.56,2.62,2002492,5419818.00
2014-02-27,2.62,2.69,2.59,2.64,3426141,9408300.00
2014-02-28,2.64,2.72,2.62,2.70,4705360,13093640.00
2014-03-03,2.72,2.79,2.66,2.70,4867258,13681480.00
2014-03-04,2.68,2.69,2.65,2.67,3030176,8380902.00
2014-03-05,2.68,2.68,2.64,2.64,1712484,4723002.50
2014-03-06,2.63,2.66,2.60,2.65,2123699,5793839.50
2014-03-07,2.65,2.67,2.60,2.62,2062233,5636783.00
2014-03-10,2.61,2.62,2.50,2.53,3394749,9052915.00
2014-03-11,2.51,2.56,2.50,2.54,1623444,4270121.00
2014-03-12,2.54,2.62,2.53,2.59,2398542,6456100.00
2014-03-13,2.60,2.60,2.55,2.60,1886327,5056124.00
2014-03-14,2.61,2.61,2.53,2.55,1801493,4798934.00
2014-03-17,2.55,2.58,2.53,2.58,1674477,4448825.00
2014-03-18,2.58,2.58,2.55,2.57,1857732,4954555.00
2014-03-19,2.56,2.59,2.53,2.58,1860971,4957355.00
2014-03-20,2.58,2.60,2.55,2.57,2761492,7400664.50
2014-03-21,2.56,2.64,2.55,2.62,3053487,8239945.50
2014-03-24,2.62,2.72,2.60,2.67,5800200,16027729.00
2014-03-25,2.67,2.69,2.64,2.66,2885118,7969387.00
2014-03-26,2.66,2.67,2.64,2.65,1376600,3789126.00
2014-03-27,2.65,2.66,2.61,2.62,2482382,6780416.00
2014-03-28,2.62,2.64,2.61,2.62,1840499,5023507.50
2014-03-31,2.62,2.64,2.60,2.61,1453489,3948923.00
2014-04-01,2.61,2.64,2.59,2.63,853108,2327206.75
2014-04-02,2.63,2.71,2.63,2.66,2712688,7518204.00
2014-04-03,2.66,2.66,2.60,2.63,1935125,5288251.00
2014-04-04,2.63,2.64,2.60,2.64,1336358,3637810.75
2014-04-08,2.64,2.68,2.62,2.67,2255009,6230805.00
2014-04-09,2.68,2.68,2.65,2.68,1476567,4085121.50
2014-04-10,2.68,2.76,2.66,2.74,4837512,13636039.00
2014-04-11,2.72,2.75,2.69,2.73,3287822,9253224.00
2014-04-14,2.71,2.71,2.68,2.70,2443454,6828486.50
2014-04-15,2.69,2.71,2.66,2.70,2681501,7458660.00
2014-04-16,2.70,2.72,2.68,2.71,2156892,6041693.00
2014-04-17,2.70,2.71,2.68,2.69,1219484,3405035.75
2014-04-18,2.68,2.71,2.68,2.71,1632246,4570930.00
2014-04-21,2.70,2.74,2.69,2.72,2731146,7707694.50
2014-04-22,2.72,2.81,2.70,2.79,6170473,17655886.00
2014-04-23,2.78,2.97,2.76,2.86,13687668,40881236.00
2014-04-24,2.84,2.92,2.79,2.89,8596439,25395664.00
2014-04-25,2.88,2.89,2.83,2.85,4897673,14496145.00
2014-04-28,2.81,2.84,2.69,2.83,6214788,17960524.00
2014-04-29,2.80,3.12,2.80,2.93,15026941,46455392.00
2014-04-30,2.89,3.04,2.79,2.82,18576924,55307716.00
2014-05-05,2.78,2.82,2.70,2.76,7965545,22785188.00
2014-05-06,2.74,2.82,2.74,2.76,7414982,21316094.00
2014-05-07,2.76,2.76,2.66,2.69,5820092,16343512.00
2014-05-08,2.67,2.85,2.66,2.85,13403947,38515772.00
2014-05-09,2.86,2.91,2.82,2.90,6236315,18514864.00
2014-05-12,2.91,2.97,2.85,2.96,7280056,22045872.00
2014-05-13,2.95,2.95,2.87,2.91,3024746,9082072.00
2014-05-14,2.91,3.21,2.88,3.21,19427528,62576936.00
2014-05-15,3.19,3.19,3.05,3.08,8729725,28050734.00
2014-05-16,3.09,3.24,3.05,3.10,6856987,22317728.00
2014-05-19,3.08,3.23,2.99,3.18,7759777,24946840.00
2014-05-20,3.16,3.25,3.12,3.15,6740253,22091450.00
2014-05-21,3.13,3.21,3.05,3.20,4358855,14215965.00
2014-05-22,3.19,3.25,3.11,3.25,6865222,22656912.00
2014-05-23,3.20,3.24,3.07,3.22,7447198,24152708.00
2014-05-26,3.16,3.24,3.12,3.22,3732672,12328607.00
2014-05-27,3.21,3.25,3.11,3.15,4296318,14041240.00
2014-05-28,3.16,3.30,3.12,3.21,5019574,16582092.00
2014-05-29,3.21,3.34,3.13,3.15,5842907,19375804.00
2014-05-30,3.14,3.34,3.14,3.34,7886625,26676000.00
2014-06-03,3.34,3.37,3.23,3.33,4907930,16654284.00
2014-06-04,3.30,3.39,3.26,3.32,5609531,19241870.00
2014-06-05,3.31,3.37,3.29,3.35,3099225,10643564.00
2014-06-06,3.36,3.48,3.33,3.43,4634868,16304223.00
2014-06-09,3.41,3.66,3.40,3.50,7299464,26571258.00
2014-06-10,3.49,3.57,3.34,3.55,7332046,26160574.00
2014-06-11,3.51,3.84,3.47,3.81,9341844,35356736.00
2014-06-12,3.80,3.84,3.65,3.71,8657607,33035600.00
2014-06-13,3.66,3.75,3.65,3.66,5319336,20111154.00
2014-06-16,3.64,3.78,3.61,3.74,5714763,21804370.00
2014-06-17,3.71,3.83,3.70,3.74,3116136,12021682.00
2014-06-18,3.74,3.90,3.65,3.90,8597686,33453858.00
2014-06-19,3.90,4.29,3.83,4.07,10398629,43628156.00
2014-06-20,4.06,4.46,4.00,4.22,14918406,65211800.00
2014-06-23,4.24,4.26,4.06,4.15,10639143,45141644.00
2014-06-24,4.10,4.13,3.74,3.80,23027899,92216072.00
2014-06-25,3.74,3.86,3.71,3.75,13367491,51642716.00
2014-06-26,3.75,3.85,3.72,3.85,9018663,34986192.00
2014-06-27,3.84,3.93,3.76,3.83,9787346,38668824.00
2014-06-30,3.83,3.84,3.79,3.81,4019930,15736878.00
2014-07-01,3.81,3.93,3.78,3.87,4541399,17986552.00
2014-07-02,3.87,3.92,3.80,3.85,3683256,14612226.00
2014-07-03,3.86,3.98,3.78,3.94,8183366,32712612.00
2014-07-04,3.95,4.01,3.89,4.01,6236355,25311460.00
2014-07-07,4.00,4.18,3.96,4.11,8122403,33896356.00
2014-07-08,4.12,4.15,4.01,4.10,3321707,13830869.00
2014-07-09,4.09,4.45,4.06,4.33,15124763,66893108.00
2014-07-10,4.30,4.48,4.25,4.44,7968419,35682096.00
2014-07-11,4.44,4.61,4.36,4.45,7250002,32980300.00
2014-07-14,4.47,4.55,4.25,4.45,5696615,25377616.00
2014-07-15,4.48,4.48,4.32,4.32,4458222,19670934.00
2014-07-16,4.32,4.48,4.15,4.38,4720379,20795212.00
2014-07-17,4.35,4.53,4.31,4.52,6744133,30392492.00
2014-07-18,4.52,4.88,4.46,4.83,13408098,63754280.00
2014-07-21,4.78,4.93,4.69,4.85,7506454,36569860.00
2014-07-22,4.76,4.93,4.76,4.88,7351540,36043824.00
2014-07-23,4.84,5.10,4.69,4.92,7990790,39911616.00
2014-07-24,4.92,5.09,4.84,5.04,7779423,39365224.00
2014-07-25,5.07,5.22,4.99,5.18,6212580,32178510.00
2014-07-28,5.17,5.43,5.01,5.04,10801896,57099620.00
2014-07-29,5.03,5.23,4.95,5.11,6970093,35679940.00
2014-07-30,5.07,5.32,5.01,5.19,7493479,39196132.00
2014-07-31,5.20,5.34,5.10,5.29,6332291,33476252.00
2014-08-01,5.28,5.38,5.16,5.24,5301829,28375158.00
2014-08-04,5.19,5.37,5.19,5.32,4055568,21674516.00
2014-08-05,5.32,5.43,5.20,5.43,5374813,28943724.00
2014-08-06,5.40,5.97,5.35,5.82,11942240,68778352.00
2014-08-07,5.85,5.86,5.57,5.64,8234257,47146560.00
2014-08-08,5.61,5.90,5.61,5.75,6430194,37419684.00
2014-08-11,5.75,5.88,5.65,5.81,5637545,33000476.00
2014-08-12,5.81,6.02,5.79,5.81,8649009,51370472.00
2014-08-13,5.81,5.94,5.68,5.88,7854449,46013716.00
2014-08-14,5.89,5.94,5.80,5.82,4436977,26229064.00
2014-08-15,5.80,5.90,5.70,5.88,7385158,43202012.00
2014-08-18,5.84,5.92,5.79,5.83,5315813,31396242.00
2014-08-19,5.82,6.20,5.54,6.15,14038498,83065080.00
2014-08-20,6.12,6.64,5.98,6.40,12562391,79474208.00
2014-08-21,6.40,6.77,6.32,6.61,12626571,83294352.00
2014-08-22,6.61,6.65,6.49,6.57,5337700,35361884.00
2014-08-25,6.57,6.67,6.26,6.35,7707689,50501032.00
2014-08-26,6.34,6.74,6.00,6.70,13551052,87671048.00
2014-08-27,6.69,6.87,6.56,6.78,10044484,68479064.00
2014-08-28,6.74,6.94,6.65,6.85,8060108,55583764.00
2014-08-29,6.85,6.91,6.77,6.77,3993743,27424378.00
2014-09-01,6.72,6.79,6.55,6.71,11937117,79727976.00
2014-09-02,6.66,6.66,6.03,6.45,62462701,392184864.00
2014-09-03,6.15,6.17,5.95,6.08,49113400,299708672.00
2014-09-04,6.03,6.08,5.98,6.04,20867055,127061696.00
2014-09-05,6.05,6.13,6.03,6.07,17636195,107969896.00
2014-09-09,6.07,6.07,5.97,6.02,14516275,88114992.00
2014-09-10,6.01,6.06,5.97,6.04,12164196,73920784.00
2014-09-11,6.02,6.04,5.96,5.97,15220138,91973384.00
2014-09-12,5.96,5.97,5.77,5.86,17485584,102920144.00
2014-09-15,5.83,5.89,5.81,5.84,9154564,53954296.00
2014-09-16,5.84,5.87,5.67,5.69,13173762,77195192.00
2014-09-17,5.69,5.74,5.52,5.57,10087330,56873068.00
2014-09-18,5.57,5.60,5.50,5.58,6308323,35386728.00
2014-09-19,5.60,5.72,5.57,5.70,10049243,57559560.00
2014-09-22,5.71,5.84,5.66,5.75,12883478,74861632.00
2014-09-23,5.75,5.76,5.67,5.71,7569035,43555356.00
2014-09-24,5.71,5.71,5.62,5.69,7728358,44149432.00
2014-09-25,5.69,5.74,5.66,5.67,6479817,37199048.00
2014-09-26,5.65,5.69,5.61,5.66,6139634,34936516.00
2014-09-29,5.65,5.68,5.61,5.63,6362545,36120544.00
2014-09-30,5.62,5.64,5.61,5.62,4754958,26965214.00
2014-10-08,5.62,5.66,5.61,5.66,4864537,27654994.00
2014-10-09,5.67,5.91,5.65,5.87,20742395,121114240.00
2014-10-10,5.87,5.87,5.75,5.78,9449521,55173680.00
2014-10-13,5.78,5.78,5.69,5.75,4779951,27595456.00
2014-10-14,5.75,5.81,5.69,5.73,6758933,39237104.00
2014-10-15,5.73,5.79,5.53,5.75,10693241,61222648.00
2014-10-16,5.71,5.71,5.51,5.51,8280689,46863652.00
2014-10-17,5.50,5.50,5.19,5.23,10131968,54311496.00
2014-10-20,5.24,5.31,5.22,5.30,4544928,24126066.00
2014-10-21,5.30,5.31,5.18,5.18,4870489,25756768.00
2014-10-22,5.19,5.22,5.02,5.06,6091189,31596338.00
2014-10-23,5.05,5.27,4.84,5.18,12207529,61601940.00
2014-10-24,5.11,5.25,5.01,5.02,6272604,32331270.00
2014-10-27,5.02,5.04,4.91,5.00,3065288,15425174.00
2014-10-28,5.00,5.10,5.00,5.09,6086220,31128204.00
2014-10-29,5.11,5.27,5.05,5.21,9256503,48243916.00
2014-10-30,5.21,5.23,5.11,5.13,7413743,38684968.00
2014-10-31,5.13,5.26,5.13,5.18,7414750,38929296.00
2014-11-03,5.19,5.40,5.12,5.34,15243207,81285856.00
2014-11-04,5.33,5.34,5.22,5.29,9176868,48957236.00
2014-11-05,5.31,5.34,5.17,5.21,7035775,37248936.00
2014-11-06,5.20,5.23,5.16,5.20,4459896,23380766.00
2014-11-07,5.21,5.23,5.10,5.12,5220369,27252208.00
2014-11-10,5.13,5.22,5.11,5.20,6969463,36426532.00
2014-11-11,5.22,5.23,4.89,4.95,8905997,45655428.00
2014-11-12,4.94,4.98,4.85,4.98,4544538,22611218.00
2014-11-13,4.98,5.09,4.86,5.04,9082912,45537868.00
2014-11-14,5.01,5.03,4.94,4.96,4653795,23377248.00
2014-11-17,4.96,5.07,4.94,5.05,6857199,34816620.00
2014-11-18,5.06,5.09,5.01,5.05,4074761,20767818.00
2014-11-19,5.05,5.11,5.02,5.10,4421453,22658734.00
2014-11-20,5.10,5.10,5.03,5.05,3498864,17875568.00
2014-11-21,5.06,5.33,5.00,5.27,15866574,83471120.00
2014-11-24,5.29,5.33,5.16,5.27,14059858,74428344.00
2014-11-25,5.25,5.31,5.21,5.29,7079002,37734448.00
2014-11-26,5.29,5.32,5.23,5.27,6660754,35431440.00
2014-11-27,5.27,5.40,5.24,5.36,10091961,54133460.00
2014-11-28,5.34,5.59,5.28,5.55,14836592,80516448.00
2014-12-01,5.55,5.60,5.50,5.53,18726617,104781352.00
2014-12-02,5.50,5.52,5.34,5.45,12331965,67550760.00
2014-12-03,5.40,5.64,5.40,5.49,17728758,98729296.00
2014-12-04,5.49,5.53,5.39,5.51,11730757,64897648.00
2014-12-05,5.47,5.52,5.08,5.22,13959003,74600376.00
2014-12-08,5.19,5.32,5.05,5.24,14890777,77874536.00
2014-12-09,5.17,5.38,5.06,5.07,19446173,102630888.00
2014-12-10,5.07,5.13,4.95,5.11,11466171,58611652.00
2014-12-11,5.09,5.63,5.03,5.63,32848629,178366704.00
2014-12-12,5.69,5.77,5.52,5.53,27679459,156935648.00
2014-12-15,5.42,5.58,5.41,5.53,11928533,66088280.00
2014-12-16,5.53,5.70,5.47,5.61,20508847,115748072.00
2014-12-17,5.60,5.60,5.44,5.46,12918259,71806224.00
2014-12-18,5.45,5.52,5.41,5.42,7638043,42047784.00
2014-12-19,5.45,5.69,5.39,5.61,20049527,112237400.00
2014-12-22,5.60,5.90,5.54,5.71,30894890,178870160.00
2014-12-23,5.68,5.68,5.13,5.18,14816898,79634664.00
2014-12-24,5.15,5.28,4.97,5.08,10779909,55245000.00
2014-12-25,5.03,5.22,5.03,5.19,6064220,31478792.00
2014-12-26,5.23,5.23,5.10,5.20,6504137,33926168.00
2014-12-29,5.19,5.23,5.11,5.12,10366533,54043752.00
2014-12-30,5.13,5.19,5.02,5.10,5260521,27047620.00
2014-12-31,5.10,5.13,5.06,5.11,3732936,19230626.00
2015-01-05,5.12,5.28,5.11,5.26,10371364,54502368.00
2015-01-06,5.22,5.32,5.18,5.31,12095187,64195196.00
2015-01-07,5.31,5.43,5.26,5.40,7537040,40598936.00
2015-01-08,5.40,5.40,5.17,5.21,7927204,42234708.00
2015-01-09,5.21,5.73,5.16,5.45,29949661,167603136.00
2015-01-12,5.38,5.70,5.32,5.65,30872634,172978032.00
2015-01-13,5.59,5.69,5.52,5.63,20684035,117339488.00
2015-01-14,5.61,5.61,5.34,5.37,9826801,54397608.00
2015-01-15,5.37,5.64,5.16,5.56,20143874,110410896.00
2015-01-16,5.54,5.56,5.44,5.50,10133467,56178900.00
2015-01-19,5.21,5.34,4.95,4.98,11851997,61276152.00
2015-01-20,5.05,5.32,5.00,5.23,16792493,88030248.00
2015-01-21,5.21,5.45,5.17,5.37,16902145,91614408.00
2015-01-22,5.31,5.55,5.30,5.49,17516824,96511528.00
2015-01-23,5.50,5.54,5.37,5.39,8317201,45739132.00
2015-01-26,5.38,5.51,5.36,5.45,10545574,58008932.00
2015-01-27,5.47,5.51,5.27,5.37,9756566,53092584.00
2015-01-28,5.36,5.39,5.27,5.34,6786740,36397784.00
2015-01-29,5.29,5.41,5.23,5.35,7539133,40626416.00
2015-01-30,5.36,5.39,5.25,5.26,4296865,23015456.00
2015-02-02,5.23,5.23,5.12,5.14,3649576,19010482.00
2015-02-03,5.15,5.26,5.12,5.20,3323011,17443304.00
2015-02-04,5.20,5.35,5.19,5.21,5471026,29156844.00
2015-02-05,5.24,5.29,5.05,5.19,5642690,29607786.00
2015-02-06,5.19,5.20,4.95,5.05,4267434,21966468.00
2015-02-09,5.02,5.15,5.00,5.07,3558992,18244334.00
2015-02-10,5.10,5.13,5.07,5.09,1982377,10197918.00
2015-02-11,5.13,5.22,5.09,5.19,3362117,17400488.00
2015-02-12,5.16,5.25,5.15,5.25,6517523,34233540.00
2015-02-13,5.25,5.42,5.25,5.37,12178529,65847916.00
2015-02-16,5.37,5.41,5.30,5.36,8948355,48480160.00
2015-02-17,5.36,5.38,5.30,5.30,5667851,30553382.00
2015-02-25,5.32,5.35,5.29,5.30,3935362,21111670.00
2015-02-26,5.31,5.36,5.25,5.33,7578566,40801484.00
2015-02-27,5.36,5.38,5.32,5.37,7525777,40660736.00
2015-03-02,5.40,5.55,5.36,5.50,15661964,86603184.00
2015-03-03,5.45,5.45,5.36,5.36,10387503,56647872.00
2015-03-04,5.34,5.40,5.33,5.36,7041415,38156272.00
2015-03-05,5.37,5.40,5.30,5.39,10883721,58723580.00
2015-03-06,5.35,5.52,5.34,5.41,17099652,93945624.00
2015-03-09,5.44,5.58,5.41,5.48,17353473,96141320.00
2015-03-10,5.55,5.58,5.47,5.53,13058163,72804480.00
2015-03-11,5.51,5.58,5.44,5.49,9905404,55010132.00
2015-03-12,5.51,5.54,5.44,5.53,10885010,60465060.00
2015-03-13,5.55,5.66,5.50,5.55,14036730,78977064.00
2015-03-16,5.57,5.69,5.55,5.65,15982333,90649696.00
2015-03-17,5.70,5.91,5.64,5.89,32869771,192361568.00
2015-03-18,5.90,6.33,5.90,6.13,31873951,196913696.00
2015-03-19,6.10,6.10,5.96,5.99,20071886,121865008.00
2015-03-20,5.98,6.10,5.95,6.08,13267751,80795128.00
2015-03-23,6.15,6.24,6.09,6.19,17813515,110947952.00
2015-03-24,6.19,6.70,6.06,6.46,30709529,197276096.00
2015-03-25,6.43,6.43,6.15,6.26,15827135,100126256.00
2015-03-26,6.17,6.39,6.07,6.29,10677859,67011264.00
2015-03-27,6.27,6.32,6.21,6.28,6986921,44042260.00
2015-03-30,6.28,6.41,6.25,6.37,14120210,90021560.00
2015-03-31,6.40,6.45,6.20,6.22,15346084,97568648.00
2015-04-01,6.20,6.25,6.15,6.22,11781155,73640768.00
2015-04-02,6.23,6.39,6.22,6.28,14078486,89291376.00
2015-04-03,6.30,6.62,6.22,6.62,29411171,192501744.00
2015-04-07,6.80,7.25,6.80,6.98,32173504,225959408.00
2015-04-08,6.98,7.04,6.75,7.01,19399349,134987520.00
2015-04-09,7.02,7.35,6.87,7.34,28014016,201819680.00
2015-04-10,7.34,7.50,7.15,7.34,20949778,154627872.00
2015-04-13,7.41,7.50,7.25,7.35,17586064,129956824.00
2015-04-14,7.21,7.21,7.03,7.09,22756508,162662304.00
2015-04-15,7.03,7.13,6.85,6.92,13181162,92843936.00
2015-04-16,6.93,7.07,6.70,6.93,12413353,86719376.00
2015-04-17,7.03,7.23,6.98,7.13,16744091,119606616.00
2015-04-20,7.07,7.26,6.88,7.01,16699541,118719488.00
2015-04-21,6.95,7.22,6.94,7.20,15402165,109926560.00
2015-04-22,7.16,7.44,7.12,7.35,21697129,159690816.00
2015-04-23,7.36,7.83,7.28,7.60,28985695,221778048.00
2015-04-24,7.50,7.50,7.12,7.28,20157993,148832272.00
2015-04-27,7.33,7.44,7.21,7.22,26621948,195379504.00
2015-04-28,7.22,7.26,6.77,6.81,27133321,190401552.00
2015-04-29,6.76,6.93,6.70,6.90,12740617,87859992.00
2015-04-30,6.95,6.95,6.79,6.80,13018168,89865368.00
2015-05-04,6.78,7.04,6.75,6.99,14077391,98517632.00
2015-05-05,7.01,7.04,6.49,6.55,14499681,99339728.00
2015-05-06,6.55,6.65,6.19,6.24,13057659,84922816.00
2015-05-07,6.20,6.27,5.98,6.04,10534306,64962428.00
2015-05-08,6.10,6.22,6.06,6.22,8551624,52888056.00
2015-05-11,6.28,6.44,6.22,6.41,11451822,73272344.00
2015-05-12,6.41,6.44,6.30,6.43,12244667,78706576.00
2015-05-13,6.42,6.75,6.34,6.63,23024322,152857168.00
2015-05-14,6.59,6.59,6.45,6.56,10898069,71557776.00
2015-05-15,6.53,6.54,6.30,6.36,12345700,79508160.00
2015-05-18,6.30,6.41,6.20,6.32,8975991,56908888.00
2015-05-19,6.29,6.50,6.26,6.45,13242065,85607864.00
2015-05-20,6.46,6.61,6.43,6.49,21573425,142287600.00
2015-05-21,6.46,6.81,6.45,6.75,18368786,121638664.00
2015-05-22,6.83,7.00,6.69,6.94,29294952,202003488.00
2015-05-25,6.95,7.10,6.85,7.06,27088084,191209488.00
2015-05-26,7.29,7.39,7.10,7.24,33619658,245120368.00
2015-05-27,7.23,7.41,7.00,7.34,37224180,270524928.00
2015-05-28,7.33,7.49,6.88,6.88,39500507,290493120.00
2015-05-29,6.85,7.30,6.61,7.11,24913557,174970144.00
2015-06-01,7.12,7.60,7.05,7.56,34629115,257154208.00
2015-06-02,7.60,7.86,7.45,7.79,36192716,279945440.00
2015-06-03,7.75,7.81,7.39,7.55,27242938,209093600.00
2015-06-04,7.55,8.29,7.35,8.28,39942204,312915936.00
2015-06-05,8.28,8.95,8.07,8.62,40325627,346503104.00
2015-06-08,8.63,8.72,8.35,8.41,25238120,214592512.00
2015-06-09,8.43,8.45,8.00,8.27,24702782,204410288.00
2015-06-10,8.14,8.38,8.01,8.31,31258425,259656848.00
2015-06-11,8.33,8.37,8.08,8.19,29361170,243133920.00
2015-06-12,8.19,8.30,8.14,8.22,51001579,421683456.00
2015-06-15,8.29,8.76,8.24,8.35,91575959,782395584.00
2015-06-16,8.35,8.35,7.76,8.09,42045665,342250592.00
2015-06-17,8.09,8.41,7.95,8.34,47165126,388772416.00
2015-06-18,8.25,8.69,8.16,8.23,49351929,418902816.00
2015-06-19,8.00,8.24,7.47,7.70,35464420,281793920.00
2015-07-21,6.93,7.84,6.93,7.11,92675795,662872384.00
2015-07-22,6.83,6.95,6.68,6.87,57849999,394961536.00
2015-07-23,6.88,7.08,6.80,6.96,49510923,343851424.00
2015-07-24,6.99,7.02,6.60,6.66,44142932,302158560.00
2015-07-27,6.55,6.55,5.99,5.99,34516257,216947376.00
2015-07-28,5.51,5.89,5.39,5.51,36524783,201881072.00
2015-07-29,5.64,5.94,5.45,5.94,30236858,170360240.00
2015-07-30,5.90,5.94,5.50,5.54,30282598,175544384.00
2015-07-31,5.55,5.70,5.41,5.57,19650077,109601552.00
2015-08-03,5.61,5.69,5.31,5.63,19227048,106275456.00
2015-08-04,5.60,5.88,5.48,5.88,25893934,147774640.00
2015-08-05,5.80,6.02,5.65,5.67,27034966,158183200.00
2015-08-06,5.55,5.65,5.48,5.55,13583516,75553840.00
2015-08-07,5.60,5.68,5.57,5.65,21629264,121912712.00
2015-08-10,5.72,5.99,5.72,5.91,35948296,210567808.00
2015-08-11,5.91,6.50,5.83,6.47,67031965,413991424.00
2015-08-12,6.39,6.53,6.20,6.45,46876725,301546880.00
2015-08-13,6.38,6.63,6.15,6.51,35320873,225947616.00
2015-08-14,6.51,6.58,6.40,6.46,29138855,189099088.00
2015-08-17,6.41,6.85,6.40,6.77,46607796,313027168.00
2015-08-18,6.77,7.37,6.49,6.68,68481776,477256768.00
2015-08-26,6.01,6.01,6.01,6.01,2501200,15032212.00
2015-08-27,5.41,5.63,5.41,5.41,56772618,307627136.00
2015-08-28,5.22,5.75,5.21,5.64,47020418,254296208.00
2015-08-31,5.49,5.49,5.21,5.24,24565335,131076128.00
2015-09-01,5.26,5.38,4.80,4.91,22706192,114938040.00
2015-09-02,4.80,4.99,4.63,4.86,19180495,92521312.00
2015-09-07,5.00,5.07,4.86,4.89,11997663,59638528.00
2015-09-08,4.85,5.04,4.80,5.00,9157456,44893132.00
2015-09-09,5.01,5.24,4.97,5.23,18123604,93491136.00
2015-09-10,5.19,5.75,5.05,5.68,32218567,177144672.00
2015-09-11,5.67,5.97,5.35,5.42,28551551,158951840.00
2015-09-14,5.47,5.56,4.96,5.07,17862256,93598768.00
2015-09-15,5.00,5.00,4.67,4.71,10586440,51725040.00
2015-09-16,4.60,5.16,4.60,5.00,11270579,55180448.00
2015-09-17,4.94,5.15,4.89,4.95,9871825,49392344.00
2015-09-18,5.12,5.15,4.95,5.02,5836634,29406584.00
2015-09-21,4.99,5.10,4.91,5.09,6379896,31970736.00
2015-09-22,5.07,5.16,5.04,5.11,7317296,37416044.00
2015-09-23,5.03,5.05,4.90,4.96,8843403,43965524.00
2015-09-24,4.96,5.00,4.91,4.96,5458800,27061702.00
2015-09-25,4.97,5.06,4.89,4.91,6378550,31756496.00
2015-09-28,4.89,5.05,4.77,5.00,9291966,45626412.00
2015-09-29,4.92,5.03,4.90,4.99,5726837,28603272.00
2015-09-30,5.00,5.08,4.98,4.99,3666751,18400910.00
2015-10-08,5.07,5.16,4.98,5.10,15163642,76946016.00
2015-10-09,5.06,5.13,5.05,5.13,16822592,85505168.00
2015-10-12,5.11,5.32,5.10,5.28,32746482,171237584.00
2015-10-13,5.24,5.25,5.18,5.22,15418849,80402848.00
2015-10-14,5.20,5.33,5.08,5.10,15552293,80731584.00
2015-10-15,5.10,5.19,5.07,5.18,25624284,131616352.00
2015-10-16,5.21,5.27,5.15,5.21,22822865,118937496.00
2015-10-19,5.24,5.33,5.14,5.25,22781027,119282992.00
2015-10-20,5.20,5.28,5.15,5.25,17739062,92411144.00
2015-10-21,5.24,5.37,4.81,4.90,28679107,149022704.00
2015-10-22,4.89,4.99,4.81,4.95,15258210,74624600.00
2015-10-23,4.97,5.02,4.91,5.00,14905577,74009248.00
2015-10-26,5.05,5.06,4.92,4.96,13360557,66561436.00
2015-10-27,4.96,4.97,4.75,4.93,13095021,63859608.00
2015-10-28,4.90,5.05,4.89,4.93,14594880,72533072.00
2015-10-29,4.94,4.96,4.84,4.92,9814293,48014856.00
2015-10-30,4.89,4.90,4.81,4.85,7776451,37728436.00
2015-11-02,4.79,4.83,4.72,4.74,8990678,42909612.00
2015-11-03,4.72,4.80,4.70,4.74,5447082,25871028.00
2015-11-04,4.75,4.96,4.75,4.95,16029745,77861776.00
2015-11-05,4.94,5.45,4.91,5.45,90708519,482366848.00
2015-11-06,5.45,5.51,5.22,5.46,80475513,434659648.00
2015-11-09,5.38,5.42,5.31,5.36,41656959,223365056.00
2015-11-10,5.37,5.45,5.22,5.36,37110826,198513024.00
2015-11-11,5.37,5.56,5.33,5.39,38744424,210115952.00
2015-11-12,5.29,5.35,5.19,5.26,27998761,147549488.00
2015-11-13,5.21,5.40,5.21,5.28,25352887,134564336.00
2015-11-16,5.21,5.41,5.18,5.40,22776836,121899328.00
2015-11-17,5.42,5.46,5.32,5.35,24053704,129456496.00
2015-11-18,5.36,5.37,5.15,5.18,19039779,100233536.00
2015-11-19,5.22,5.27,5.19,5.27,10071480,52694832.00
2015-11-20,5.28,5.30,5.22,5.24,12937865,68003216.00
2015-11-23,5.24,5.29,5.20,5.26,15288818,80178312.00
2015-11-24,5.23,5.37,5.22,5.36,18216355,96484024.00
2015-11-25,5.37,5.38,5.30,5.34,14294086,76255456.00
2015-11-26,5.32,5.38,5.28,5.30,11525715,61305760.00
2015-11-27,5.27,5.34,4.82,4.85,18157165,93422616.00
2015-11-30,5.24,5.25,4.81,5.02,23981252,121136200.00
2015-12-01,5.00,5.07,4.88,4.98,12411826,61842724.00
2015-12-02,4.99,5.15,4.91,5.13,14454744,72775384.00
2015-12-03,5.09,5.20,5.08,5.16,10029573,51626928.00
2015-12-04,5.16,5.22,5.04,5.10,10848155,55573632.00
2015-12-07,5.09,5.37,5.08,5.30,19111157,100819816.00
2015-12-08,5.25,5.54,5.19,5.39,30156578,163012688.00
2015-12-09,5.40,5.93,5.34,5.93,45058142,260975232.00
2015-12-10,6.19,6.19,5.55,5.65,36520150,214805568.00
2015-12-11,5.61,5.99,5.58,5.90,34452086,199986640.00
2015-12-14,5.67,5.97,5.50,5.88,16512994,95405944.00
2015-12-15,5.89,6.25,5.82,6.17,32168444,194846368.00
2015-12-16,6.12,6.75,6.00,6.70,44652898,288001888.00
2015-12-17,6.52,6.55,6.17,6.50,121579315,765548160.00
2015-12-18,6.22,6.27,6.03,6.07,54733764,336598592.00
2015-12-21,6.07,6.13,5.91,6.06,39365162,236356064.00
2015-12-22,6.02,6.08,5.97,5.99,26612456,159748672.00
2015-12-23,5.99,5.99,5.75,5.79,31516271,184606352.00
2015-12-24,5.79,5.87,5.74,5.81,17994528,104524144.00
2015-12-25,5.83,5.85,5.72,5.77,16242978,93632456.00
2015-12-28,5.77,5.80,5.57,5.60,21691184,123476304.00
2015-12-29,5.62,5.85,5.46,5.79,25960507,146945936.00
2015-12-30,5.79,5.79,5.61,5.68,14614579,83110544.00
2015-12-31,5.70,5.76,5.55,5.56,11392205,64502404.00
2016-01-04,5.59,5.63,5.00,5.01,15962769,85739576.00
2016-01-05,4.89,5.51,4.71,5.50,47208938,250876432.00
2016-01-06,5.49,5.81,5.43,5.71,36191772,205776416.00
2016-01-07,5.59,5.62,5.15,5.16,8812904,47308572.00
2016-01-08,5.34,5.68,5.31,5.68,31376194,175711184.00
2016-01-11,5.78,5.96,5.50,5.59,26836188,153172336.00
2016-01-12,5.52,6.00,5.33,5.84,30875572,177645600.00
2016-01-13,5.86,6.36,5.79,6.12,41096070,253232080.00
2016-01-14,5.89,6.73,5.70,6.09,105465876,671760384.00
2016-01-15,5.86,5.89,5.48,5.48,61927049,344249376.00
2016-01-18,5.14,5.73,5.08,5.60,52371756,286323008.00
2016-01-19,5.48,5.77,5.45,5.74,26389798,149168688.00
2016-01-20,5.72,5.89,5.52,5.76,18489110,105744488.00
2016-01-21,5.64,5.89,5.53,5.59,15226618,87041224.00
2016-01-22,5.58,5.98,5.58,5.98,20571262,120022400.00
2016-01-25,6.13,6.38,5.90,6.10,34951104,214540896.00
2016-01-26,5.99,6.30,5.82,5.86,26812930,163197664.00
2016-01-27,5.86,6.27,5.73,6.23,29841059,179878656.00
2016-01-28,6.09,6.20,5.93,6.05,22058991,133197808.00
2016-01-29,5.46,6.30,5.46,6.10,30427558,178697856.00
2016-02-01,6.05,6.55,6.01,6.41,31615850,200076064.00
2016-02-02,6.29,6.66,6.17,6.60,23004756,149011680.00
2016-02-03,6.48,6.90,5.94,6.79,53988115,330842944.00
2016-02-04,6.50,6.50,6.11,6.11,97085693,595996288.00
2016-02-05,5.73,5.78,5.50,5.50,65561747,364434560.00
2016-02-15,5.01,5.20,5.01,5.09,40182206,205277024.00
2016-02-16,5.13,5.27,5.10,5.21,42967030,222741840.00
2016-02-17,5.17,5.19,5.09,5.16,36770088,188927600.00
2016-02-18,5.18,5.33,5.16,5.22,39652014,207963408.00
2016-02-19,5.20,5.23,5.12,5.17,23013833,118770296.00
2016-02-22,5.22,5.47,5.18,5.36,52725576,281722688.00
2016-02-23,5.36,5.36,5.18,5.26,33353990,175493008.00
2016-02-24,5.25,5.33,5.20,5.28,24337892,127939936.00
2016-02-25,5.26,5.29,4.75,4.75,36990350,183771408.00
2016-02-26,4.76,4.81,4.52,4.70,26388006,123850840.00
2016-02-29,4.69,4.76,4.26,4.43,22740951,101434392.00
2016-03-01,4.44,4.51,4.32,4.48,21117402,93547072.00
2016-03-02,4.45,4.77,4.41,4.70,34681299,159330736.00
2016-03-03,4.69,4.72,4.61,4.64,30735362,143499616.00
2016-03-04,4.61,4.83,4.60,4.68,34730301,164092320.00
2016-03-07,4.77,4.93,4.71,4.77,28260741,135519200.00
2016-03-08,4.90,4.94,4.70,4.85,36415218,175524352.00
2016-03-09,4.69,4.69,4.47,4.50,26030198,118858976.00
2016-03-10,4.53,4.75,4.45,4.64,33461219,154847632.00
2016-03-11,4.58,4.71,4.56,4.60,14280210,66120548.00
2016-03-14,4.65,4.86,4.59,4.82,28010200,133628720.00
2016-03-15,4.79,4.89,4.76,4.86,15459190,74488488.00
2016-03-16,4.83,5.09,4.83,4.98,31250486,154504880.00
2016-03-17,4.97,5.15,4.91,5.04,23535901,118838792.00
2016-03-18,5.04,5.15,4.99,5.09,22645301,115034464.00
2016-03-21,5.08,5.25,5.08,5.25,25680347,132977544.00
2016-03-22,5.24,5.67,5.18,5.65,42042136,229136592.00
2016-03-23,5.50,5.76,5.50,5.59,19730904,110786688.00
2016-03-24,5.60,5.86,5.48,5.79,28300293,161646208.00
2016-03-25,5.71,5.84,5.71,5.81,9868647,57146560.00
2016-03-28,5.84,5.89,5.69,5.80,11692826,67575712.00
2016-03-29,5.71,5.97,5.64,5.90,13013140,75876136.00
2016-03-30,5.75,6.15,5.75,6.03,18736282,112699360.00
2016-03-31,6.02,6.17,5.97,6.03,17182722,104481376.00
2016-04-01,5.96,6.25,5.96,6.20,12996488,79906544.00
2016-04-05,6.26,6.50,6.20,6.44,14808034,94556048.00
2016-04-06,6.41,6.43,5.90,5.94,40972734,249418080.00
2016-04-07,5.70,6.23,5.70,6.22,32709514,198791296.00
2016-04-08,6.20,6.42,5.95,6.36,22140539,138486384.00
2016-04-11,6.32,6.60,5.98,6.05,67136485,414403552.00
2016-04-12,6.06,6.08,5.89,5.97,13127387,78216008.00
2016-04-13,5.87,6.15,5.87,6.01,20124384,121793912.00
2016-04-14,6.01,6.08,5.85,5.97,15802963,93470432.00
2016-04-15,5.90,5.98,5.88,5.90,8806554,52016156.00
2016-04-18,5.89,5.90,5.40,5.70,39627856,225651936.00
2016-04-19,5.66,5.75,5.50,5.71,19114668,108110936.00
2016-04-20,5.70,5.74,5.47,5.71,29844067,168919936.00
2016-04-21,5.74,5.98,5.66,5.82,21339559,125071776.00
2016-04-22,5.68,5.85,5.61,5.81,13047394,75059600.00
2016-04-25,5.72,5.87,5.72,5.83,10563984,61402056.00
2016-04-26,5.79,5.85,5.74,5.82,9614070,55818680.00
2016-04-27,5.80,5.83,5.75,5.75,7244307,41925320.00
2016-04-28,5.75,5.79,5.67,5.77,7906566,45381556.00
2016-04-29,5.68,5.97,5.68,5.78,11156669,65158776.00
2016-05-03,5.78,5.85,5.74,5.85,6259278,36381420.00
2016-05-04,5.80,5.89,5.80,5.83,5411100,31608804.00
2016-05-05,5.85,6.19,5.77,6.01,19888876,118387936.00
2016-05-06,6.01,6.03,5.83,5.96,12218339,72643512.00
2016-05-09,5.90,6.17,5.86,6.10,21045250,125997272.00
2016-05-10,6.11,6.17,6.00,6.08,14281992,86925256.00
2016-05-11,6.15,6.15,6.02,6.09,7740419,47065388.00
2016-05-12,6.03,6.20,6.03,6.10,13558278,83081784.00
2016-05-13,6.09,6.18,5.93,5.99,14251967,86508224.00
2016-05-16,5.95,6.14,5.64,6.13,13869279,82793584.00
2016-05-17,6.08,6.18,6.04,6.09,7478172,45772184.00
2016-05-18,6.02,6.07,5.88,6.00,9906405,59253916.00
2016-05-19,5.96,6.09,5.93,5.98,4710799,28234352.00
2016-05-20,5.83,6.02,5.83,6.01,3896904,23270702.00
2016-05-23,5.99,6.11,5.93,6.10,4693257,28408312.00
2016-05-24,6.10,6.44,6.05,6.29,14555243,90733896.00
2016-05-25,6.25,6.37,6.18,6.26,12839515,80432920.00
2016-05-26,6.30,6.55,6.26,6.49,19870769,127463872.00
2016-05-27,6.49,6.58,6.40,6.50,10785285,69986208.00
2016-05-30,6.65,6.86,6.50,6.53,16515455,109857968.00
2016-05-31,6.40,6.84,6.40,6.84,12747021,85209608.00
2016-06-01,6.85,7.06,6.72,6.98,11604768,80375112.00
2016-06-02,6.99,7.18,6.92,7.11,13115080,92553384.00
2016-06-03,7.16,7.19,6.93,7.02,8866581,62416000.00
2016-06-06,6.96,7.07,6.90,6.95,7249508,50462708.00
2016-06-07,6.91,7.26,6.91,7.21,7996498,56646896.00
2016-06-08,7.25,7.64,7.20,7.42,10601423,78677328.00
2016-06-13,7.31,7.42,6.99,7.18,7589417,54603336.00
2016-06-14,7.17,7.58,7.10,7.48,9692750,71711128.00
2016-06-15,7.41,7.69,7.38,7.58,12830121,96759136.00
2016-06-16,7.60,7.62,7.47,7.56,7534416,56897960.00
2016-06-17,7.62,7.81,7.51,7.71,14681743,112182336.00
2016-06-20,7.67,7.68,7.32,7.40,11727436,87614136.00
2016-06-21,7.40,7.85,7.21,7.74,25641986,194578320.00
2016-06-22,7.58,7.74,6.97,7.50,33877570,249437712.00
2016-06-23,7.28,7.34,6.93,7.21,31731299,225733520.00
2016-06-24,7.07,7.08,6.82,6.90,13526525,94029280.00
2016-06-27,6.92,7.08,6.92,6.98,14007231,98047608.00
2016-06-28,7.03,7.03,6.85,6.89,10607750,73412192.00
2016-06-29,6.87,6.96,6.74,6.92,13282134,91342216.00
2016-06-30,6.94,7.07,6.90,7.05,15112451,105405448.00
2016-07-01,7.05,7.27,7.01,7.27,27250332,194916512.00
2016-07-04,7.21,7.79,7.11,7.68,36971467,273923456.00
2016-07-05,7.55,7.58,6.91,6.97,104259057,734682752.00
2016-07-06,6.77,6.77,6.27,6.33,114160423,737967232.00
2016-07-07,6.33,6.42,6.21,6.32,44644776,282375904.00
2016-07-08,6.34,6.35,6.21,6.29,30143932,188689152.00
2016-07-11,6.35,6.44,6.32,6.35,38127187,243590944.00
2016-07-12,6.36,6.44,6.31,6.38,26930468,171602688.00
2016-07-13,6.39,6.40,6.27,6.33,23077684,145631936.00
2016-07-14,6.32,6.32,6.22,6.26,18149308,113661536.00
2016-07-15,6.33,6.37,6.30,6.31,23646311,149656016.00
2016-07-18,6.31,6.35,6.30,6.30,15097244,95407328.00
2016-07-19,6.30,6.30,6.25,6.28,10746844,67368472.00
2016-07-20,6.29,6.30,6.25,6.26,9235523,57871048.00
2016-07-21,6.28,6.28,6.23,6.24,11355980,70976808.00
2016-07-22,6.24,6.24,6.01,6.09,21658825,132894368.00
2016-07-25,6.08,6.13,6.00,6.01,12665983,76782384.00
2016-07-26,6.03,6.05,6.01,6.04,10097979,60922900.00
2016-07-27,6.08,6.31,5.88,6.12,40476423,249742560.00
2016-07-28,6.08,6.12,5.89,5.99,15932449,95714520.00
2016-07-29,5.99,6.01,5.84,5.85,11630608,68767192.00
2016-08-01,5.81,5.81,5.56,5.69,10952311,62016272.00
2016-08-02,5.64,5.76,5.64,5.72,7416145,42282788.00
2016-08-03,5.72,5.73,5.66,5.72,6672195,38009648.00
2016-08-04,5.72,5.74,5.67,5.74,6552715,37386124.00
2016-08-05,5.73,5.73,5.69,5.70,5681046,32441264.00
2016-08-08,5.73,5.83,5.67,5.81,11220490,64708144.00
2016-08-09,5.82,5.86,5.78,5.83,9456321,55055256.00
2016-08-10,5.83,5.95,5.82,5.88,12463984,73520296.00
2016-08-11,5.89,5.91,5.78,5.79,8120401,47227412.00
2016-08-12,5.75,5.80,5.70,5.79,8281500,47561528.00
2016-08-15,5.79,5.94,5.76,5.90,15064542,88178584.00
2016-08-16,5.90,5.95,5.86,5.92,13213046,78001488.00
2016-08-17,5.94,6.03,5.88,5.97,17265036,103303976.00
2016-08-18,5.97,6.03,5.95,5.97,10980670,65705828.00
2016-08-19,5.99,6.01,5.88,5.91,9856896,58281884.00
2016-08-22,5.91,5.91,5.79,5.81,8823791,51519600.00
2016-08-23,5.82,5.82,5.73,5.76,7591437,43876644.00
2016-08-24,5.76,5.81,5.74,5.78,5222660,30185902.00
2016-08-25,5.78,5.83,5.71,5.75,7827613,45149324.00
2016-08-26,5.90,5.99,5.85,5.92,17558850,103917192.00
2016-08-29,5.89,6.02,5.87,5.93,12746487,75912440.00
2016-08-30,5.93,5.96,5.85,5.86,9156788,53969940.00
2016-08-31,5.90,5.91,5.82,5.84,7338101,42949464.00
2016-09-01,5.84,5.86,5.77,5.77,8166797,47469896.00
2016-09-02,5.74,5.79,5.73,5.74,5640618,32442188.00
2016-09-05,5.76,5.85,5.72,5.78,7346120,42621272.00
2016-09-06,5.79,5.86,5.78,5.85,8563811,49918248.00
2016-09-07,5.84,5.89,5.80,5.83,8370188,48923464.00
2016-09-08,5.83,5.84,5.78,5.79,6025567,34973128.00
2016-09-09,5.81,5.83,5.73,5.74,7665223,44229352.00
2016-09-12,5.68,5.68,5.50,5.50,10676018,59490372.00
2016-09-13,5.53,5.55,5.50,5.53,4843650,26775698.00
2016-09-14,5.50,5.52,5.45,5.46,5158436,28275832.00
2016-09-19,5.78,5.78,5.58,5.62,8781222,49571028.00
2016-09-21,5.75,6.18,5.73,5.98,48604720,294220544.00
2016-09-22,5.83,5.93,5.78,5.87,28091866,164034960.00
2016-09-23,5.84,6.05,5.80,5.89,22542694,133391704.00
2016-09-26,5.85,6.00,5.83,5.84,18784069,110983336.00
2016-09-27,5.81,5.87,5.64,5.74,15043311,86125856.00
2016-09-28,5.76,5.76,5.64,5.66,7054294,40077124.00
2016-09-29,5.64,5.67,5.61,5.64,7118601,40125236.00
2016-09-30,5.61,5.68,5.59,5.64,8096533,45558164.00
2016-10-10,5.73,5.77,5.69,5.75,10987227,62933100.00
2016-10-11,5.74,5.74,5.64,5.72,14418177,82033592.00
2016-10-12,5.69,5.70,5.65,5.68,6094948,34586132.00
2016-10-13,5.68,5.72,5.67,5.70,8728433,49757264.00
2016-10-14,5.70,5.72,5.60,5.64,8270723,46609544.00
2016-10-17,5.71,5.84,5.66,5.67,12635830,72479624.00
2016-10-18,5.65,5.74,5.62,5.72,8957226,50832552.00
2016-10-19,5.78,5.93,5.78,5.80,18934150,110305224.00
2016-10-20,5.80,5.82,5.75,5.77,9897277,57183764.00
2016-10-21,5.77,5.79,5.70,5.73,8438630,48452128.00
2016-10-24,5.75,5.84,5.73,5.78,13097069,75930344.00
2016-10-25,5.80,5.91,5.79,5.90,19772198,115907432.00
2016-10-26,5.90,5.93,5.83,5.85,11839330,69313120.00
2016-10-27,5.84,5.87,5.81,5.83,7001353,40846100.00
2016-10-28,5.83,5.84,5.73,5.73,8451600,48853648.00
2016-10-31,5.72,5.74,5.64,5.69,6504705,36996096.00
2016-11-01,5.70,5.73,5.69,5.71,6440916,36800180.00
2016-11-02,5.69,5.72,5.63,5.65,7804986,44219904.00
2016-11-03,5.64,5.71,5.61,5.68,6730215,38176832.00
2016-11-04,5.68,5.69,5.65,5.68,5139707,29139184.00
2016-11-07,5.67,5.72,5.63,5.71,8397536,47706140.00
2016-11-08,5.72,5.74,5.69,5.69,5976644,34108772.00
2016-11-09,5.69,5.72,5.61,5.65,8053630,45505968.00
2016-11-10,5.67,5.73,5.67,5.71,9098751,51922432.00
2016-11-11,5.72,5.86,5.71,5.81,21753944,126074664.00
2016-11-14,5.75,5.92,5.75,5.89,21991473,128879232.00
2016-11-15,5.89,5.92,5.82,5.86,12883918,75606048.00
2016-11-16,5.85,5.86,5.79,5.83,9256591,53799572.00
2016-11-17,5.83,5.93,5.78,5.92,12686044,74456640.00
2016-11-18,5.92,5.92,5.80,5.82,9803022,57371876.00
2016-11-21,5.82,5.90,5.76,5.83,10108579,58990884.00
2016-11-22,5.88,5.96,5.83,5.91,17636929,104175024.00
2016-11-23,5.93,5.97,5.85,5.86,12704129,74893192.00
2016-11-24,5.87,5.92,5.80,5.88,11714576,68698760.00
2016-11-25,5.89,6.04,5.75,6.00,31707075,187301200.00
2016-11-28,6.01,6.05,5.93,5.96,14213500,85023800.00
数据来源:通达信
