000709 河钢股份 日线 前复权
      日期	    开盘	    最高	    最低	    收盘	    成交量	    成交额
2011-10-10,3.59,3.63,3.58,3.61,22291819,82103280.00
2011-10-11,3.71,3.73,3.62,3.66,25426867,95192680.00
2011-10-12,3.63,3.80,3.63,3.79,43093240,164558848.00
2011-10-13,3.77,3.94,3.76,3.83,44230811,173380832.00
2011-10-14,3.82,3.83,3.76,3.78,20379143,78785248.00
2011-10-17,3.77,3.82,3.75,3.79,17887360,69098312.00
2011-10-18,3.77,3.83,3.70,3.72,19985712,76881832.00
2011-10-19,3.70,3.74,3.65,3.65,21164971,79779640.00
2011-10-20,3.63,3.65,3.51,3.55,34949448,127367776.00
2011-10-21,3.55,3.58,3.52,3.54,17536757,63609828.00
2011-10-24,3.55,3.68,3.53,3.62,34581548,126915136.00
2011-10-25,3.66,3.79,3.63,3.74,44218171,168179616.00
2011-10-26,3.72,3.78,3.70,3.75,47139744,180342240.00
2011-10-27,3.76,3.84,3.73,3.74,45934979,177670224.00
2011-10-28,3.82,3.84,3.75,3.79,44569268,172159424.00
2011-10-31,3.80,3.83,3.76,3.77,39198745,151476464.00
2011-11-01,3.78,3.83,3.75,3.79,34633581,134086304.00
2011-11-02,3.75,3.79,3.71,3.79,49142485,188111216.00
2011-11-03,3.79,3.88,3.79,3.81,59177421,231452368.00
2011-11-04,3.84,3.86,3.80,3.83,36726442,143329712.00
2011-11-07,3.85,3.91,3.83,3.85,48292861,190386464.00
2011-11-08,3.87,3.88,3.80,3.80,40911944,160071472.00
2011-11-09,3.80,3.83,3.76,3.81,33509946,129852400.00
2011-11-10,3.77,4.01,3.76,3.92,129169318,512472640.00
2011-11-11,4.17,4.21,3.93,3.95,149685811,616302848.00
2011-11-14,3.99,4.00,3.91,3.98,77162699,311925024.00
2011-11-15,3.99,4.06,3.94,4.03,57444936,234457072.00
2011-11-16,4.03,4.04,3.91,3.94,52037337,210606016.00
2011-11-17,3.97,4.07,3.94,3.98,99873505,407483296.00
2011-11-18,3.96,3.97,3.66,3.69,122145858,472701408.00
2011-11-24,3.62,3.67,3.58,3.62,73072604,270197440.00
2011-11-25,3.60,3.60,3.52,3.52,48354943,175626928.00
2011-11-28,3.52,3.57,3.52,3.55,28297274,102548920.00
2011-11-29,3.57,3.58,3.53,3.56,29066095,105630568.00
2011-11-30,3.55,3.56,3.30,3.36,62103231,218055104.00
2011-12-01,3.44,3.49,3.39,3.40,49405909,173562896.00
2011-12-02,3.37,3.43,3.36,3.42,28753525,99996480.00
2011-12-05,3.42,3.42,3.34,3.35,20495744,70599920.00
2011-12-06,3.33,3.36,3.29,3.31,20359449,69118288.00
2011-12-07,3.31,3.33,3.25,3.27,29624229,99698504.00
2011-12-08,3.26,3.31,3.23,3.27,41057508,137517296.00
2011-12-09,3.25,3.25,3.12,3.14,63838320,208095104.00
2011-12-12,3.13,3.14,3.06,3.07,34996424,110826448.00
2011-12-13,3.03,3.06,2.95,2.96,41731376,128852680.00
2011-12-14,2.96,2.99,2.94,2.95,19426626,59192708.00
2011-12-15,2.94,2.95,2.85,2.86,36012945,107031440.00
2011-12-16,2.87,2.92,2.83,2.91,33011276,97488712.00
2011-12-19,2.89,2.89,2.81,2.88,35008527,102598744.00
2011-12-20,2.86,2.91,2.83,2.85,30952644,91342120.00
2011-12-21,2.88,2.88,2.82,2.83,24727154,72637512.00
2011-12-22,2.80,2.81,2.72,2.75,43670869,123927096.00
2011-12-23,2.75,2.81,2.73,2.79,27112196,77309256.00
2011-12-26,2.77,2.88,2.76,2.81,42886932,124938280.00
2011-12-27,2.81,2.82,2.73,2.74,34867974,99572488.00
2011-12-28,2.74,2.78,2.72,2.78,30773529,87096408.00
2011-12-29,2.76,2.80,2.75,2.76,22385038,63875400.00
2011-12-30,2.78,2.80,2.77,2.78,21732119,62275208.00
2012-01-04,2.81,2.83,2.76,2.76,24187622,69488152.00
2012-01-05,2.75,2.76,2.67,2.70,30205064,84502944.00
2012-01-06,2.69,2.75,2.68,2.75,21545669,60201228.00
2012-01-09,2.74,2.82,2.70,2.82,42129657,120291024.00
2012-01-10,2.81,2.94,2.80,2.92,65189180,192617440.00
2012-01-11,2.91,3.01,2.90,2.96,82172391,250014208.00
2012-01-12,2.93,2.97,2.91,2.93,34687028,104640392.00
2012-01-13,2.93,2.94,2.84,2.85,31877548,94283920.00
2012-01-16,2.83,2.87,2.81,2.83,19112619,55847104.00
2012-01-17,2.82,3.00,2.81,2.97,49487428,148131872.00
2012-01-18,2.98,3.01,2.91,2.93,45749772,138972544.00
2012-01-19,2.92,3.00,2.90,2.98,42886169,130704280.00
2012-01-20,2.98,3.01,2.96,2.98,39864832,122116528.00
2012-01-30,2.99,3.00,2.93,2.93,26056386,79031648.00
2012-01-31,2.92,2.93,2.87,2.91,24784191,73889768.00
2012-02-01,2.90,2.93,2.87,2.87,16556130,49247048.00
2012-02-02,2.88,2.92,2.87,2.91,21166833,63040912.00
2012-02-03,2.91,2.93,2.88,2.93,33890335,101382680.00
2012-02-06,2.93,2.95,2.90,2.91,26781343,80396672.00
2012-02-07,2.91,2.95,2.89,2.89,37125486,111382488.00
2012-02-08,2.90,2.98,2.88,2.96,37716155,113633456.00
2012-02-09,2.96,3.01,2.94,2.98,51108447,156219696.00
2012-02-10,2.98,3.07,2.97,3.00,54395618,168186800.00
2012-02-13,2.96,3.02,2.95,2.99,37478434,114824792.00
2012-02-14,2.99,2.99,2.95,2.96,18984055,57818772.00
2012-02-15,2.95,3.03,2.95,3.01,43749634,135006592.00
2012-02-16,3.00,3.04,2.99,3.00,43320097,134029688.00
2012-02-17,3.02,3.03,2.97,2.99,28680470,88204600.00
2012-02-20,3.02,3.03,2.99,2.99,23940782,73886120.00
2012-02-21,3.00,3.01,2.96,3.00,31548247,96501088.00
2012-02-22,2.99,3.05,2.98,3.04,59897129,185323360.00
2012-02-23,3.03,3.26,3.02,3.16,151388210,488217856.00
2012-02-24,3.14,3.23,3.09,3.18,80326692,259589568.00
2012-02-27,3.18,3.25,3.17,3.20,67560067,222908224.00
2012-02-28,3.20,3.27,3.16,3.24,74887545,246081136.00
2012-02-29,3.23,3.23,3.15,3.15,47167258,154108672.00
2012-03-01,3.13,3.17,3.13,3.14,20245188,65313540.00
2012-03-02,3.14,3.23,3.14,3.22,32952746,107595144.00
2012-03-05,3.22,3.24,3.15,3.16,38492310,125866664.00
2012-03-06,3.14,3.16,3.09,3.10,33437585,106841496.00
2012-03-07,3.07,3.15,3.05,3.09,32715226,103937824.00
2012-03-08,3.10,3.12,3.06,3.09,38586247,122512136.00
2012-03-09,3.09,3.11,3.06,3.11,31986096,101364800.00
2012-03-12,3.11,3.14,3.07,3.09,30085289,95757128.00
2012-03-13,3.10,3.12,3.07,3.12,30034856,95583488.00
2012-03-14,3.16,3.22,3.05,3.07,89466407,288671360.00
2012-03-15,3.06,3.07,2.99,3.00,41878503,129928360.00
2012-03-16,2.99,3.03,2.98,3.02,26450228,81695800.00
2012-03-19,3.01,3.04,2.98,3.02,28701053,88730656.00
2012-03-20,3.01,3.08,2.99,3.03,42003668,130801616.00
2012-03-21,3.02,3.06,3.00,3.03,25735615,80062200.00
2012-03-22,3.02,3.03,2.99,3.01,17882972,55245160.00
2012-03-23,3.00,3.01,2.98,2.98,19728694,60624296.00
2012-03-26,2.99,3.01,2.98,3.00,16331552,50300172.00
2012-03-27,3.00,3.01,2.98,3.00,15281828,46950788.00
2012-03-28,2.98,2.99,2.86,2.87,28957086,87034456.00
2012-03-29,2.85,2.87,2.79,2.82,29941924,87077024.00
2012-03-30,2.82,2.84,2.79,2.80,15552534,44946224.00
2012-04-05,2.80,2.85,2.78,2.84,27536452,79721816.00
2012-04-06,2.83,2.88,2.82,2.85,23004020,67365432.00
2012-04-09,2.84,2.93,2.82,2.86,25639311,75693080.00
2012-04-10,2.85,2.89,2.81,2.88,22152679,64685732.00
2012-04-11,2.85,2.90,2.84,2.87,19149358,56426732.00
2012-04-12,2.87,2.93,2.86,2.91,23949581,71278792.00
2012-04-13,2.92,2.95,2.90,2.94,23523421,70662592.00
2012-04-16,2.92,3.02,2.92,3.00,32166607,98008824.00
2012-04-17,3.00,3.01,2.95,2.96,24857829,75978328.00
2012-04-18,2.96,3.02,2.95,3.02,26885472,82574960.00
2012-04-19,3.01,3.03,2.99,2.99,17527805,53996840.00
2012-04-20,2.99,3.03,2.97,3.01,20395794,62818032.00
2012-04-23,3.00,3.01,2.96,2.99,22410496,68775360.00
2012-04-24,2.98,3.00,2.87,2.91,35332302,106464144.00
2012-04-25,2.90,2.95,2.89,2.94,20467295,61497704.00
2012-04-26,2.94,2.95,2.91,2.92,19440261,58482616.00
2012-04-27,2.92,3.01,2.92,2.97,32000747,97570104.00
2012-05-02,3.00,3.03,2.97,3.02,37029363,114407048.00
2012-05-03,3.01,3.06,3.01,3.03,24411230,75887888.00
2012-05-04,3.03,3.06,3.01,3.05,31000748,96534880.00
2012-05-07,3.03,3.07,3.03,3.07,35761270,112089208.00
2012-05-08,3.06,3.08,3.04,3.06,39991981,125657208.00
2012-05-09,3.04,3.05,2.97,3.00,32927081,101466104.00
2012-05-10,2.99,3.06,2.99,3.01,31231946,96880704.00
2012-05-11,3.00,3.01,2.95,2.95,21534646,65799976.00
2012-05-14,2.96,2.97,2.92,2.92,22728959,68753944.00
2012-05-15,2.90,2.92,2.88,2.90,19188805,57104480.00
2012-05-16,2.89,2.90,2.86,2.87,17186387,50865840.00
2012-05-17,2.88,2.93,2.86,2.92,14618672,43419972.00
2012-05-18,2.90,2.95,2.89,2.90,21474159,64449436.00
2012-05-21,2.91,2.95,2.90,2.92,14588830,43806204.00
2012-05-22,2.92,2.95,2.92,2.93,14273392,42975588.00
2012-05-23,2.92,2.93,2.89,2.92,14548787,43535400.00
2012-05-24,2.91,2.93,2.89,2.89,9886279,29531828.00
2012-05-25,2.89,3.00,2.88,2.95,32256621,97776616.00
2012-05-28,2.93,3.03,2.92,3.02,51391246,157429760.00
2012-05-30,3.01,3.02,2.97,3.00,39190501,120422368.00
2012-05-31,2.98,2.99,2.95,2.96,19343045,58934140.00
2012-06-01,2.97,2.99,2.94,2.95,14364862,43717816.00
2012-06-04,2.92,2.92,2.89,2.90,21016410,62746556.00
2012-06-05,2.90,2.92,2.88,2.89,16350787,48559684.00
2012-06-06,2.88,2.90,2.87,2.88,13209409,39182380.00
2012-06-07,2.91,2.91,2.84,2.85,17657600,52150272.00
2012-06-08,2.87,2.89,2.85,2.86,16571263,48368848.00
2012-06-11,2.87,2.91,2.86,2.89,15122237,44333076.00
2012-06-12,2.87,2.89,2.80,2.83,27633432,79790888.00
2012-06-13,2.84,2.86,2.82,2.85,13440285,38835636.00
2012-06-14,2.84,2.85,2.82,2.83,14165962,40897956.00
2012-06-15,2.84,2.85,2.81,2.85,16732026,48249084.00
2012-06-18,2.86,2.87,2.83,2.84,11061969,32059368.00
2012-06-19,2.85,2.85,2.81,2.83,11850153,34087716.00
2012-06-20,2.83,2.85,2.82,2.84,11082422,31997884.00
2012-06-21,2.84,2.84,2.76,2.79,23693443,67225656.00
2012-06-25,2.78,2.79,2.73,2.74,15763408,44428880.00
2012-06-26,2.74,2.75,2.72,2.74,15029570,41779976.00
2012-06-27,2.74,2.74,2.72,2.73,12874906,35804136.00
2012-06-28,2.73,2.74,2.69,2.69,21204867,58685824.00
2012-06-29,2.70,2.70,2.66,2.68,34663017,94581240.00
2012-07-02,2.69,2.69,2.65,2.67,21279164,57851296.00
2012-07-03,2.66,2.69,2.65,2.67,17532801,47738724.00
2012-07-04,2.67,2.69,2.65,2.66,15252346,41430264.00
2012-07-05,2.66,2.66,2.60,2.61,19643129,52500152.00
2012-07-06,2.62,2.64,2.57,2.63,20023957,53235612.00
2012-07-09,2.61,2.62,2.56,2.56,17933953,47312112.00
2012-07-10,2.55,2.56,2.53,2.54,21686098,56319200.00
2012-07-11,2.54,2.57,2.53,2.57,19654707,51131428.00
2012-07-12,2.55,2.59,2.53,2.56,21703574,56439344.00
2012-07-13,2.54,2.59,2.53,2.55,22628985,58976192.00
2012-07-16,2.56,2.56,2.50,2.50,18915518,48538504.00
2012-07-17,2.49,2.52,2.49,2.52,10384451,26578216.00
2012-07-18,2.51,2.59,2.50,2.56,24844104,64570416.00
2012-07-19,2.55,2.58,2.53,2.56,21470051,56039960.00
2012-07-20,2.56,2.57,2.54,2.55,16156906,42096704.00
2012-07-23,2.54,2.54,2.51,2.52,9742575,25073612.00
2012-07-24,2.52,2.58,2.51,2.56,18138876,47297720.00
2012-07-25,2.55,2.55,2.52,2.52,11339488,29310122.00
2012-07-26,2.53,2.57,2.51,2.55,18343504,47703348.00
2012-07-27,2.55,2.56,2.53,2.55,14454654,37508728.00
2012-07-30,2.55,2.57,2.53,2.56,15861520,41249528.00
2012-07-31,2.56,2.57,2.53,2.54,18023891,46811264.00
2012-08-01,2.53,2.57,2.53,2.56,12991134,33816288.00
2012-08-02,2.56,2.64,2.55,2.58,26017816,68684112.00
2012-08-03,2.56,2.60,2.55,2.59,15564269,40984576.00
2012-08-06,2.59,2.63,2.58,2.61,24637012,65369048.00
2012-08-07,2.60,2.65,2.59,2.64,28333047,75686872.00
2012-08-08,2.63,2.64,2.60,2.61,14307376,38127692.00
2012-08-09,2.61,2.63,2.59,2.62,16449222,43739744.00
2012-08-10,2.62,2.65,2.59,2.63,25902297,69222784.00
2012-08-13,2.63,2.63,2.59,2.60,18316352,48771464.00
2012-08-14,2.60,2.61,2.57,2.59,20468500,54115844.00
2012-08-15,2.60,2.61,2.58,2.60,17961582,47599020.00
2012-08-16,2.59,2.61,2.59,2.59,14025210,37158144.00
2012-08-17,2.59,2.61,2.57,2.59,12202878,32244146.00
2012-08-20,2.58,2.59,2.54,2.56,13446270,35065864.00
2012-08-21,2.56,2.59,2.55,2.56,9625504,25244540.00
2012-08-22,2.56,2.57,2.53,2.54,14044632,36439816.00
2012-08-23,2.55,2.56,2.53,2.55,9498787,24691836.00
2012-08-24,2.54,2.55,2.50,2.51,9732358,25018018.00
2012-08-27,2.50,2.51,2.46,2.48,14160897,35691168.00
2012-08-28,2.51,2.57,2.51,2.52,23086112,59645232.00
2012-08-29,2.50,2.51,2.45,2.48,12593580,31919578.00
2012-08-30,2.48,2.49,2.41,2.44,27335589,68208864.00
2012-08-31,2.43,2.45,2.40,2.41,18024158,44488092.00
2012-09-03,2.40,2.41,2.38,2.39,25103050,61413576.00
2012-09-04,2.39,2.39,2.31,2.32,26385532,63393404.00
2012-09-05,2.30,2.31,2.27,2.29,20621139,48156472.00
2012-09-06,2.29,2.31,2.28,2.31,15860910,37222872.00
2012-09-07,2.32,2.45,2.31,2.41,54920723,133855240.00
2012-09-10,2.40,2.44,2.39,2.43,37414796,92077560.00
2012-09-11,2.41,2.42,2.38,2.41,23780415,58251064.00
2012-09-12,2.42,2.43,2.39,2.43,21557343,53072360.00
2012-09-13,2.42,2.45,2.40,2.40,30043503,74425968.00
2012-09-14,2.42,2.43,2.39,2.41,24008503,59057880.00
2012-09-17,2.41,2.41,2.34,2.35,19128478,46459920.00
2012-09-18,2.34,2.34,2.30,2.30,18453068,43694416.00
2012-09-19,2.30,2.33,2.29,2.31,11846056,27911490.00
2012-09-20,2.30,2.32,2.25,2.26,19458326,45430820.00
2012-09-21,2.25,2.28,2.25,2.26,13955024,32276156.00
2012-09-24,2.25,2.28,2.22,2.26,17846895,41034116.00
2012-09-25,2.25,2.26,2.23,2.24,11004658,25222688.00
2012-09-26,2.24,2.24,2.19,2.20,15956735,36072668.00
2012-09-27,2.20,2.28,2.19,2.26,22442731,51404004.00
2012-09-28,2.24,2.29,2.23,2.28,23675334,54728572.00
2012-10-08,2.28,2.29,2.24,2.26,14832047,34343888.00
2012-10-09,2.26,2.32,2.26,2.31,22414243,52670052.00
2012-10-10,2.30,2.41,2.29,2.37,36651678,88144040.00
2012-10-11,2.35,2.36,2.33,2.33,24980301,59825200.00
2012-10-12,2.33,2.36,2.29,2.31,26302170,62334876.00
2012-10-15,2.31,2.32,2.27,2.29,12160513,28387348.00
2012-10-16,2.29,2.31,2.28,2.29,14034474,32851158.00
2012-10-17,2.30,2.32,2.27,2.30,19436503,45566248.00
2012-10-18,2.31,2.36,2.30,2.34,29162491,69608352.00
2012-10-19,2.35,2.37,2.34,2.35,16524510,39705128.00
2012-10-22,2.33,2.36,2.32,2.35,14249506,34029584.00
2012-10-23,2.35,2.37,2.34,2.36,19427980,46716232.00
2012-10-24,2.34,2.42,2.34,2.38,33920443,82563296.00
2012-10-25,2.37,2.54,2.37,2.42,89215298,223783008.00
2012-10-26,2.40,2.41,2.31,2.32,39001173,93576568.00
2012-10-29,2.32,2.33,2.27,2.29,15134848,35565536.00
2012-10-30,2.29,2.31,2.27,2.29,15953966,37320556.00
2012-10-31,2.30,2.33,2.28,2.32,23716736,56018716.00
2012-11-01,2.32,2.37,2.32,2.36,25139732,60363696.00
2012-11-02,2.36,2.37,2.34,2.36,16339890,39298544.00
2012-11-05,2.36,2.38,2.34,2.37,13337031,32113574.00
2012-11-06,2.36,2.38,2.31,2.35,18486178,44196080.00
2012-11-07,2.35,2.37,2.32,2.35,17633412,42255208.00
2012-11-08,2.33,2.34,2.29,2.30,17748335,42033112.00
2012-11-09,2.29,2.31,2.28,2.29,9835797,23070682.00
2012-11-12,2.30,2.33,2.29,2.32,14512738,34285968.00
2012-11-13,2.32,2.32,2.27,2.28,15970213,37242784.00
2012-11-14,2.28,2.30,2.27,2.29,10773731,25139846.00
2012-11-15,2.28,2.29,2.24,2.25,14259525,33041296.00
2012-11-16,2.25,2.26,2.22,2.25,10975159,25127766.00
2012-11-19,2.25,2.26,2.23,2.25,8707277,19967542.00
2012-11-20,2.26,2.28,2.24,2.25,10171571,23514546.00
2012-11-21,2.25,2.30,2.25,2.29,12001785,27918020.00
2012-11-22,2.28,2.30,2.26,2.27,8897358,20721886.00
2012-11-23,2.28,2.29,2.26,2.28,10614555,24717766.00
2012-11-26,2.27,2.30,2.27,2.28,15715229,36712256.00
2012-11-27,2.28,2.34,2.26,2.26,33958262,79705424.00
2012-11-28,2.25,2.26,2.21,2.23,17928799,40855160.00
2012-11-29,2.24,2.29,2.22,2.27,22636381,52274440.00
2012-11-30,2.27,2.33,2.26,2.29,25821870,60675856.00
2012-12-03,2.30,2.31,2.26,2.26,17517890,40855992.00
2012-12-04,2.25,2.30,2.25,2.29,13460021,31322078.00
2012-12-05,2.28,2.38,2.28,2.36,43914668,105153328.00
2012-12-06,2.36,2.37,2.33,2.34,19302987,46311516.00
2012-12-07,2.34,2.44,2.33,2.42,67343135,165354432.00
2012-12-10,2.43,2.48,2.43,2.45,43714828,109619456.00
2012-12-11,2.44,2.48,2.41,2.44,34958003,87342328.00
2012-12-12,2.44,2.47,2.43,2.46,20542611,51334736.00
2012-12-13,2.46,2.47,2.41,2.42,25221730,62724688.00
2012-12-14,2.42,2.53,2.41,2.53,62036409,157452992.00
2012-12-17,2.52,2.63,2.52,2.54,79555739,208977120.00
2012-12-18,2.53,2.62,2.51,2.57,52937417,138127584.00
2012-12-19,2.57,2.59,2.54,2.56,25334142,66203384.00
2012-12-20,2.56,2.60,2.55,2.58,33861831,88764648.00
2012-12-21,2.58,2.62,2.56,2.56,36317512,95988784.00
2012-12-24,2.55,2.58,2.50,2.51,38891267,100348944.00
2012-12-25,2.51,2.60,2.50,2.58,46923409,122377992.00
2012-12-26,2.58,2.66,2.56,2.60,51258244,136666752.00
2012-12-27,2.64,2.72,2.60,2.69,74983259,203638912.00
2012-12-28,2.63,2.65,2.59,2.62,77827433,207515648.00
2012-12-31,2.61,2.66,2.59,2.63,38693571,103520816.00
2013-01-04,2.71,2.80,2.66,2.67,68832259,189872656.00
2013-01-07,2.67,2.68,2.65,2.65,26732732,72507248.00
2013-01-08,2.66,2.67,2.61,2.64,41114222,110268248.00
2013-01-09,2.63,2.66,2.62,2.65,26964077,72634088.00
2013-01-10,2.66,2.69,2.64,2.66,38786279,105238064.00
2013-01-11,2.66,2.68,2.57,2.58,31575680,84099848.00
2013-01-14,2.57,2.66,2.56,2.65,34585982,92138312.00
2013-01-15,2.64,2.70,2.63,2.67,40388861,109758880.00
2013-01-16,2.65,2.67,2.60,2.62,34573260,92701400.00
2013-01-17,2.62,2.63,2.58,2.60,22940751,60983292.00
2013-01-18,2.62,2.63,2.56,2.62,33982493,90316304.00
2013-01-21,2.62,2.64,2.60,2.63,29639125,79203224.00
2013-01-22,2.62,2.62,2.58,2.60,28576805,75799440.00
2013-01-23,2.61,2.67,2.60,2.63,55257272,148396864.00
2013-01-24,2.63,2.67,2.58,2.61,56706567,151994768.00
2013-01-25,2.61,2.62,2.58,2.59,20489551,54196320.00
2013-01-28,2.60,2.65,2.59,2.64,31628725,84614824.00
2013-01-29,2.64,2.65,2.61,2.63,35166740,94147240.00
2013-01-30,2.63,2.70,2.61,2.68,56252467,152475120.00
2013-01-31,2.67,2.67,2.63,2.64,39538838,106679904.00
2013-02-01,2.64,2.70,2.63,2.69,53073166,144634048.00
2013-02-04,2.70,2.76,2.68,2.75,52515015,145417888.00
2013-02-05,2.74,2.82,2.73,2.80,52981829,150615488.00
2013-02-06,2.80,2.82,2.76,2.79,24407482,69120280.00
2013-02-07,2.78,2.82,2.78,2.81,24229841,69072272.00
2013-02-08,2.80,2.85,2.80,2.83,26683142,76903640.00
2013-02-18,2.84,2.84,2.76,2.76,34965382,99324928.00
2013-02-19,2.76,2.78,2.70,2.71,25039011,69602200.00
2013-02-20,2.72,2.73,2.69,2.72,20450206,56424212.00
2013-02-21,2.70,2.71,2.57,2.60,52338880,139673968.00
2013-02-22,2.60,2.61,2.56,2.56,24811094,65228968.00
2013-02-25,2.57,2.58,2.54,2.54,25732774,67140384.00
2013-02-26,2.53,2.54,2.46,2.48,34801839,89047448.00
2013-02-27,2.49,2.52,2.47,2.50,24001580,60925196.00
2013-02-28,2.52,2.56,2.49,2.56,24285392,62703040.00
2013-03-01,2.55,2.56,2.50,2.53,25273348,65057252.00
2013-03-04,2.51,2.52,2.36,2.38,65869705,163288016.00
2013-03-05,2.39,2.42,2.31,2.37,78043189,188394496.00
2013-03-06,2.38,2.43,2.36,2.41,44846357,109471880.00
2013-03-07,2.40,2.42,2.37,2.40,35431322,86496440.00
2013-03-08,2.40,2.44,2.39,2.40,28490292,70176504.00
2013-03-11,2.40,2.40,2.36,2.38,20623010,50104472.00
2013-03-12,2.37,2.40,2.34,2.36,24466370,59251524.00
2013-03-13,2.35,2.37,2.32,2.35,29365407,70065016.00
2013-03-14,2.34,2.36,2.33,2.34,18434586,44136992.00
2013-03-15,2.34,2.39,2.32,2.35,31122133,74801664.00
2013-03-18,2.33,2.35,2.31,2.31,22617729,53689776.00
2013-03-19,2.31,2.34,2.31,2.33,15560857,36937800.00
2013-03-20,2.33,2.37,2.33,2.37,43062552,103731624.00
2013-03-21,2.37,2.39,2.36,2.37,28772452,69732664.00
2013-03-22,2.37,2.38,2.35,2.37,17567625,42437240.00
2013-03-25,2.38,2.43,2.36,2.41,38374610,93936264.00
2013-03-26,2.40,2.40,2.35,2.36,22838857,55234260.00
2013-03-27,2.37,2.39,2.35,2.36,17610360,42571996.00
2013-03-28,2.35,2.36,2.30,2.31,26307283,62489372.00
2013-03-29,2.31,2.33,2.31,2.31,12832424,30399686.00
2013-04-01,2.31,2.33,2.30,2.31,18496299,43722164.00
2013-04-02,2.32,2.34,2.31,2.33,19445315,46150068.00
2013-04-03,2.33,2.36,2.33,2.34,21617936,51714584.00
2013-04-08,2.33,2.36,2.30,2.34,24430294,58033320.00
2013-04-09,2.34,2.36,2.33,2.35,20045017,48086736.00
2013-04-10,2.34,2.37,2.33,2.36,24027557,57587328.00
2013-04-11,2.36,2.37,2.33,2.34,14032831,33646372.00
2013-04-12,2.34,2.34,2.31,2.32,12320716,29303784.00
2013-04-15,2.31,2.32,2.28,2.29,18664123,43922668.00
2013-04-16,2.28,2.30,2.26,2.29,16818160,39146156.00
2013-04-17,2.29,2.30,2.26,2.27,12926255,30057180.00
2013-04-18,2.26,2.29,2.26,2.28,13035085,30315390.00
2013-04-19,2.28,2.32,2.27,2.32,18510913,43554496.00
2013-04-22,2.32,2.34,2.31,2.32,17523748,41552732.00
2013-04-23,2.32,2.32,2.26,2.27,19382533,45133488.00
2013-04-24,2.27,2.30,2.26,2.28,22537766,52454344.00
2013-04-25,2.28,2.29,2.26,2.26,18043899,41894784.00
2013-04-26,2.27,2.28,2.20,2.22,24059387,55287292.00
2013-05-02,2.22,2.23,2.20,2.20,19710278,44466188.00
2013-05-03,2.21,2.24,2.20,2.23,17241048,39276692.00
2013-05-06,2.23,2.25,2.22,2.24,15711857,35969896.00
2013-05-07,2.24,2.25,2.23,2.24,13290580,30397900.00
2013-05-08,2.25,2.26,2.24,2.25,16290616,37497500.00
2013-05-09,2.25,2.26,2.21,2.23,14567452,33245436.00
2013-05-10,2.23,2.24,2.22,2.23,11294318,25776254.00
2013-05-13,2.24,2.25,2.23,2.24,12559807,28742306.00
2013-05-14,2.24,2.25,2.20,2.21,16607115,37635548.00
2013-05-15,2.21,2.22,2.20,2.21,12628176,28511874.00
2013-05-16,2.21,2.23,2.19,2.22,17893950,40541240.00
2013-05-17,2.22,2.29,2.22,2.28,39367440,91041608.00
2013-05-20,2.28,2.30,2.26,2.29,25061669,58404268.00
2013-05-21,2.28,2.29,2.27,2.28,19728309,45937800.00
2013-05-22,2.28,2.30,2.27,2.29,22580394,52727360.00
2013-05-23,2.28,2.30,2.26,2.26,31404236,73142632.00
2013-05-24,2.27,2.29,2.26,2.27,15345750,35614724.00
2013-05-27,2.27,2.28,2.24,2.25,22482655,51853464.00
2013-05-28,2.25,2.27,2.23,2.27,22183368,51030412.00
2013-05-29,2.28,2.29,2.26,2.28,27056723,62895932.00
2013-05-30,2.27,2.28,2.24,2.25,27434732,63277936.00
2013-05-31,2.25,2.26,2.23,2.24,19297831,44358644.00
2013-06-03,2.24,2.25,2.22,2.23,17954202,41070920.00
2013-06-04,2.23,2.24,2.20,2.21,20340713,46009924.00
2013-06-05,2.21,2.21,2.20,2.20,12756819,28771862.00
2013-06-06,2.20,2.22,2.19,2.20,17607086,39681932.00
2013-06-07,2.20,2.21,2.15,2.16,27140854,60462844.00
2013-06-13,2.16,2.16,2.08,2.09,31801299,68811800.00
2013-06-14,2.10,2.10,2.07,2.08,22202280,47321116.00
2013-06-17,2.08,2.08,2.04,2.05,19231952,40595344.00
2013-06-18,2.06,2.07,1.98,2.02,33514216,69373504.00
2013-06-19,2.00,2.09,1.94,2.05,84653834,173863552.00
2013-06-20,2.01,2.04,1.96,1.97,34607483,70853120.00
2013-06-21,1.94,1.99,1.93,1.96,31028714,62456084.00
2013-06-24,1.96,1.97,1.87,1.88,45633261,90281824.00
2013-06-25,1.86,1.88,1.75,1.83,53442336,100046920.00
2013-06-26,1.82,1.84,1.77,1.80,40100332,74298176.00
2013-06-27,1.81,1.86,1.79,1.83,47968248,89728288.00
2013-06-28,1.81,1.85,1.78,1.80,45338719,84435880.00
2013-07-01,1.79,1.83,1.78,1.81,48068737,89068056.00
2013-07-02,1.81,1.95,1.79,1.93,68371819,130448408.00
2013-07-03,1.89,1.91,1.83,1.85,55482258,106174704.00
2013-07-04,1.83,1.88,1.81,1.85,32388238,61486912.00
2013-07-05,1.85,1.89,1.83,1.85,31218799,59690972.00
2013-07-08,1.83,1.84,1.78,1.78,21911454,40603740.00
2013-07-09,1.78,1.83,1.77,1.80,16954543,31296770.00
2013-07-10,1.80,1.85,1.79,1.84,24608409,46107404.00
2013-07-11,1.84,1.93,1.83,1.91,54940020,106884512.00
2013-07-12,1.90,1.92,1.86,1.86,29799367,57817556.00
2013-07-15,1.87,1.90,1.86,1.87,22335656,42999744.00
2013-07-16,1.87,1.89,1.85,1.87,18885694,36206448.00
2013-07-17,1.87,1.89,1.86,1.87,21572276,41545260.00
2013-07-18,1.86,1.87,1.82,1.84,23668532,44729404.00
2013-07-19,1.84,1.84,1.79,1.80,20425161,38178600.00
2013-07-22,1.78,1.81,1.78,1.80,14703838,27115682.00
2013-07-23,1.80,1.85,1.79,1.83,24909650,46815060.00
2013-07-24,1.83,1.84,1.79,1.82,27486162,51221848.00
2013-07-25,1.82,1.86,1.80,1.83,47047646,88858136.00
2013-07-26,1.82,1.84,1.81,1.82,19348663,36165020.00
2013-07-29,1.81,1.81,1.76,1.76,32487320,59261908.00
2013-07-30,1.77,1.80,1.76,1.78,23954250,43980428.00
2013-07-31,1.78,1.81,1.77,1.78,22991794,42168724.00
2013-08-01,1.79,1.82,1.78,1.82,27347267,50698148.00
2013-08-02,1.82,1.83,1.80,1.81,22914035,42834556.00
2013-08-05,1.81,1.84,1.80,1.84,25219072,47290604.00
2013-08-06,1.83,1.85,1.81,1.84,29185340,54891960.00
2013-08-07,1.83,1.85,1.82,1.83,24780273,46754596.00
2013-08-08,1.83,1.84,1.81,1.82,21149211,39673952.00
2013-08-09,1.83,1.84,1.82,1.83,29488623,55392044.00
2013-08-12,1.84,1.88,1.83,1.88,40042827,76410800.00
2013-08-13,1.88,1.93,1.87,1.90,45134214,88173096.00
2013-08-14,1.90,1.91,1.86,1.88,33072541,64126408.00
2013-08-15,1.87,1.92,1.87,1.88,49526713,96296448.00
2013-08-16,1.87,1.93,1.85,1.86,57953028,112245296.00
2013-08-19,1.84,1.87,1.83,1.86,33702509,64050068.00
2013-08-20,1.85,1.87,1.83,1.84,28888957,54881532.00
2013-08-21,1.84,1.85,1.83,1.84,20824855,39321640.00
2013-08-22,1.84,1.85,1.82,1.82,23247122,43751340.00
2013-08-23,1.83,1.84,1.79,1.81,35189475,65678668.00
2013-08-26,1.81,1.84,1.80,1.84,37302709,69962712.00
2013-08-27,1.84,1.85,1.83,1.84,24217481,45758848.00
2013-08-28,1.83,1.87,1.81,1.85,47881447,90636672.00
2013-08-29,1.85,1.86,1.84,1.85,37277816,70821856.00
2013-08-30,1.85,1.89,1.84,1.87,52473943,100548792.00
2013-09-02,1.87,1.90,1.85,1.89,47372282,91266048.00
2013-09-03,1.88,1.92,1.88,1.91,49847457,97190520.00
2013-09-04,1.91,1.99,1.90,1.95,90271795,179730736.00
2013-09-05,1.93,1.94,1.89,1.90,32913235,64534192.00
2013-09-06,1.90,1.92,1.89,1.90,25386843,49608200.00
2013-09-09,1.91,1.96,1.90,1.95,44185600,87612744.00
2013-09-10,1.95,1.99,1.93,1.99,68713455,138751760.00
2013-09-11,2.00,2.14,1.99,2.09,164244280,351535968.00
2013-09-12,2.07,2.08,2.03,2.06,72152312,151264736.00
2013-09-13,2.05,2.05,2.01,2.02,44585782,92696600.00
2013-09-16,2.03,2.04,1.99,2.00,34008721,70315656.00
2013-09-17,2.00,2.01,1.95,1.95,31620474,64123592.00
2013-09-18,1.95,1.97,1.93,1.96,25063795,50160384.00
2013-09-23,1.96,1.98,1.95,1.97,40276052,81317928.00
2013-09-24,1.96,1.97,1.92,1.94,30290869,60329944.00
2013-09-25,1.93,1.95,1.92,1.92,32769099,64888136.00
2013-09-26,1.91,1.93,1.88,1.89,25222589,49165852.00
2013-09-27,1.88,1.90,1.87,1.89,18373542,35599700.00
2013-09-30,1.89,1.91,1.89,1.90,17309720,33693576.00
2013-10-08,1.89,1.92,1.87,1.91,31777884,61731352.00
2013-10-09,1.90,1.94,1.89,1.92,28923437,56697508.00
2013-10-10,1.94,1.94,1.89,1.91,41833400,82288024.00
2013-10-11,1.92,1.96,1.91,1.95,39873180,79389728.00
2013-10-14,1.94,1.97,1.93,1.93,37421449,74794984.00
2013-10-15,1.94,1.95,1.92,1.94,27801875,55034020.00
2013-10-16,1.94,1.98,1.93,1.95,69816401,139929568.00
2013-10-17,1.95,1.96,1.93,1.93,31799974,63411832.00
2013-10-18,1.94,1.94,1.91,1.92,23148187,45772216.00
2013-10-21,1.92,1.94,1.91,1.93,27811639,54963732.00
2013-10-22,1.93,1.94,1.92,1.92,19380416,38305260.00
2013-10-23,1.92,1.94,1.90,1.91,30767097,60713208.00
2013-10-24,1.91,1.91,1.88,1.90,21463576,41798584.00
2013-10-25,1.89,1.90,1.86,1.87,22517069,43435028.00
2013-10-28,1.87,1.87,1.85,1.86,14719206,28098268.00
2013-10-29,1.86,1.88,1.80,1.83,45257458,85557816.00
2013-10-30,1.83,1.87,1.82,1.86,31364719,59332864.00
2013-10-31,1.86,1.86,1.83,1.85,22266915,42204892.00
2013-11-01,1.85,1.86,1.83,1.85,17217148,32635636.00
2013-11-04,1.85,1.86,1.84,1.85,15850174,30134994.00
2013-11-05,1.85,1.86,1.83,1.85,16919212,32024128.00
2013-11-06,1.85,1.89,1.84,1.85,36802827,70449016.00
2013-11-07,1.85,1.86,1.84,1.85,17096659,32468862.00
2013-11-08,1.84,1.85,1.82,1.83,24725144,46528476.00
2013-11-11,1.83,1.84,1.82,1.83,15260520,28683846.00
2013-11-12,1.83,1.84,1.82,1.84,17122709,32231054.00
2013-11-13,1.83,1.84,1.80,1.81,23939295,44670316.00
2013-11-14,1.81,1.82,1.79,1.81,18579636,34457384.00
2013-11-15,1.81,1.85,1.81,1.83,30636062,57612456.00
2013-11-18,1.83,1.87,1.83,1.87,36826087,69992856.00
2013-11-19,1.86,1.87,1.85,1.86,23754451,45331012.00
2013-11-20,1.87,1.88,1.85,1.87,23657663,45328880.00
2013-11-21,1.87,1.87,1.85,1.87,26482868,50549364.00
2013-11-22,1.87,1.88,1.86,1.86,21186910,40642564.00
2013-11-25,1.86,1.89,1.86,1.87,32750148,63031644.00
2013-11-26,1.87,1.88,1.86,1.87,21322523,40924648.00
2013-11-27,1.86,1.88,1.84,1.88,39666728,75695984.00
2013-11-28,1.87,1.96,1.86,1.92,95180160,187123296.00
2013-11-29,1.92,1.94,1.90,1.92,34896546,68587008.00
2013-12-02,1.90,1.95,1.89,1.91,59216893,116731896.00
2013-12-03,1.91,2.00,1.90,1.96,64032889,128989848.00
2013-12-04,1.95,2.04,1.95,2.00,80267430,164464592.00
2013-12-05,2.00,2.07,2.00,2.04,82415590,172155296.00
2013-12-06,2.04,2.11,2.02,2.10,125426546,266910448.00
2013-12-09,2.10,2.14,2.06,2.06,66483484,142591600.00
2013-12-10,2.06,2.10,2.02,2.07,57922007,122201184.00
2013-12-11,2.05,2.06,1.98,2.00,44245239,91433200.00
2013-12-12,1.99,2.04,1.99,2.02,31040371,64150568.00
2013-12-13,2.00,2.02,1.99,2.00,18949274,38915436.00
2013-12-16,2.00,2.00,1.95,1.95,27968889,56480964.00
2013-12-17,1.96,1.97,1.93,1.94,17993381,35984376.00
2013-12-18,1.94,1.95,1.93,1.93,17367954,34565076.00
2013-12-19,1.94,2.00,1.93,1.98,56435546,113830128.00
2013-12-20,1.98,2.01,1.91,1.92,57201717,115155992.00
2013-12-23,1.92,1.94,1.89,1.91,28798903,56399068.00
2013-12-24,1.92,1.94,1.91,1.92,26458021,52324796.00
2013-12-25,1.93,1.94,1.92,1.94,12134986,24025292.00
2013-12-26,1.93,1.94,1.89,1.90,24345449,47620888.00
2013-12-27,1.91,1.95,1.89,1.94,35824565,70853040.00
2013-12-30,1.94,1.96,1.93,1.93,23630480,47124972.00
2013-12-31,1.93,1.96,1.92,1.95,34118156,68157024.00
2014-01-02,1.95,1.95,1.93,1.95,17846185,35479316.00
2014-01-03,1.94,1.95,1.91,1.92,21877202,43177592.00
2014-01-06,1.92,1.92,1.87,1.88,41355503,80072520.00
2014-01-07,1.87,1.89,1.86,1.87,18045845,34707068.00
2014-01-08,1.87,1.89,1.84,1.86,24853306,47538616.00
2014-01-09,1.85,1.86,1.79,1.80,46273908,86409080.00
2014-01-10,1.80,1.80,1.75,1.76,56634997,102876056.00
2014-01-13,1.76,1.76,1.69,1.71,94808973,168020000.00
2014-01-14,1.71,1.74,1.69,1.73,53693253,94938568.00
2014-01-15,1.72,1.73,1.71,1.72,17702785,31320104.00
2014-01-16,1.72,1.75,1.71,1.73,34311604,61003620.00
2014-01-17,1.72,1.73,1.69,1.70,28757407,50556512.00
2014-01-20,1.69,1.71,1.67,1.69,22643018,39412072.00
2014-01-21,1.69,1.71,1.68,1.71,23600815,41332552.00
2014-01-22,1.70,1.76,1.70,1.75,32613404,58230608.00
2014-01-23,1.75,1.75,1.71,1.72,28664727,51023168.00
2014-01-24,1.72,1.75,1.71,1.73,25776214,45983584.00
2014-01-27,1.72,1.73,1.71,1.72,26515241,46813308.00
2014-01-28,1.72,1.73,1.70,1.73,21579304,38155368.00
2014-01-29,1.73,1.73,1.72,1.72,21345189,37836156.00
2014-01-30,1.72,1.73,1.71,1.71,15433762,27318596.00
2014-02-07,1.71,1.75,1.69,1.74,35336950,62763424.00
2014-02-10,1.74,1.77,1.73,1.76,34838161,63043764.00
2014-02-11,1.76,1.78,1.75,1.77,30506127,55480024.00
2014-02-12,1.77,1.78,1.76,1.77,17426105,31653544.00
2014-02-13,1.77,1.78,1.75,1.75,34522331,62585020.00
2014-02-14,1.75,1.77,1.74,1.76,29612626,53537920.00
2014-02-17,1.77,1.79,1.76,1.78,40825215,74514208.00
2014-02-18,1.78,1.81,1.76,1.80,44875633,82036480.00
2014-02-19,1.79,1.81,1.77,1.80,34212640,62897008.00
2014-02-20,1.80,1.83,1.79,1.79,47010263,87296456.00
2014-02-21,1.79,1.80,1.76,1.77,29263260,53401252.00
2014-02-24,1.76,1.77,1.72,1.73,39150971,70076160.00
2014-02-25,1.73,1.74,1.70,1.71,25222294,44761444.00
2014-02-26,1.70,1.71,1.68,1.71,30497390,53207892.00
2014-02-27,1.71,1.74,1.69,1.71,35172543,62055952.00
2014-02-28,1.71,1.72,1.69,1.71,23914685,41982496.00
2014-03-03,1.71,1.73,1.70,1.72,27663855,48843320.00
2014-03-04,1.72,1.72,1.69,1.71,32277909,56636416.00
2014-03-05,1.71,1.72,1.70,1.71,14176165,24966916.00
2014-03-06,1.70,1.72,1.69,1.71,25421498,44492028.00
2014-03-07,1.71,1.75,1.70,1.73,45153984,80186632.00
2014-03-10,1.71,1.71,1.66,1.67,41517613,72170584.00
2014-03-11,1.66,1.69,1.66,1.68,31675090,54575204.00
2014-03-12,1.67,1.77,1.66,1.73,61786230,108780768.00
2014-03-13,1.71,1.72,1.68,1.71,38946954,68311456.00
2014-03-14,1.70,1.71,1.68,1.69,23546555,41074656.00
2014-03-17,1.70,1.71,1.69,1.71,18061220,31645054.00
2014-03-18,1.70,1.71,1.69,1.69,14620986,25562934.00
2014-03-19,1.69,1.85,1.68,1.79,110713557,200531680.00
2014-03-20,1.75,1.88,1.72,1.80,144092071,267512832.00
2014-03-21,1.78,1.82,1.76,1.81,69942066,129084544.00
2014-03-24,1.82,2.00,1.81,2.00,190241699,376918784.00
2014-03-25,2.11,2.18,1.99,2.01,319430646,678810944.00
2014-03-26,1.99,2.01,1.93,1.95,159606996,321231392.00
2014-03-27,1.98,2.08,1.94,1.97,198481072,408378208.00
2014-03-28,1.95,1.97,1.88,1.89,123022821,241071632.00
2014-03-31,1.89,1.92,1.87,1.88,59723297,115957920.00
2014-04-01,1.88,1.90,1.87,1.89,46425860,89925600.00
2014-04-02,1.89,1.95,1.88,1.93,89592827,176830576.00
2014-04-03,1.92,1.93,1.84,1.85,112041690,214814720.00
2014-04-04,1.84,1.89,1.84,1.87,53290566,102231904.00
2014-04-08,1.85,1.88,1.84,1.87,55073658,105260792.00
2014-04-09,1.88,1.89,1.86,1.89,57607539,111111648.00
2014-04-10,1.88,1.94,1.86,1.92,104979695,205994912.00
2014-04-11,1.91,2.03,1.90,1.97,133594994,268096896.00
2014-04-14,1.95,2.03,1.92,1.98,108615918,219804816.00
2014-04-15,1.97,1.97,1.91,1.92,73849799,146700832.00
2014-04-16,1.92,1.94,1.90,1.92,35011335,69001736.00
2014-04-17,1.92,1.93,1.89,1.90,39012564,76211240.00
2014-04-18,1.89,1.93,1.88,1.90,35570602,69405040.00
2014-04-21,1.89,1.96,1.88,1.89,69603306,137383280.00
2014-04-22,1.89,1.91,1.86,1.88,37996081,73172520.00
2014-04-23,1.87,1.92,1.86,1.89,46036917,89634208.00
2014-04-24,1.88,1.89,1.85,1.85,45116953,86285888.00
2014-04-25,1.86,1.86,1.82,1.83,37544525,70924456.00
2014-04-28,1.83,1.83,1.74,1.75,56574547,103221288.00
2014-04-29,1.74,1.77,1.73,1.77,39259632,70627408.00
2014-04-30,1.76,1.78,1.74,1.76,54241028,97740952.00
2014-05-05,1.75,1.76,1.73,1.75,31084625,55897144.00
2014-05-06,1.76,1.80,1.75,1.77,46879094,85587000.00
2014-05-07,1.76,1.77,1.74,1.75,27130786,49015900.00
2014-05-08,1.75,1.79,1.74,1.76,37417726,68020336.00
2014-05-09,1.76,1.77,1.74,1.76,30123257,54453244.00
2014-05-12,1.77,1.83,1.76,1.82,74521450,138444912.00
2014-05-13,1.81,1.82,1.79,1.79,48472008,89719000.00
2014-05-14,1.79,1.82,1.78,1.80,31469277,58315676.00
2014-05-15,1.80,1.81,1.77,1.77,24322537,44820800.00
2014-05-16,1.78,1.81,1.77,1.80,22552570,41537464.00
2014-05-19,1.79,1.80,1.78,1.79,19325718,35541424.00
2014-05-20,1.80,1.81,1.77,1.79,20338355,37434704.00
2014-05-21,1.78,1.81,1.77,1.80,19078664,35189968.00
2014-05-22,1.80,1.83,1.79,1.80,34804335,64635772.00
2014-05-23,1.80,1.81,1.79,1.81,19010250,35167608.00
2014-05-26,1.80,1.81,1.79,1.80,26407229,48832804.00
2014-05-27,1.79,1.80,1.78,1.79,19772288,36360552.00
2014-05-28,1.79,1.79,1.76,1.78,28263781,51643392.00
2014-05-29,1.78,1.79,1.76,1.76,15195601,27710468.00
2014-05-30,1.76,1.78,1.75,1.76,17447115,31658420.00
2014-06-03,1.77,1.78,1.76,1.76,12557480,22847188.00
2014-06-04,1.76,1.78,1.75,1.77,28090580,51037988.00
2014-06-05,1.77,1.79,1.76,1.78,20929404,38183876.00
2014-06-06,1.78,1.79,1.76,1.77,17020269,31073144.00
2014-06-09,1.77,1.78,1.76,1.76,16487811,29955276.00
2014-06-10,1.77,1.78,1.75,1.77,16443092,29863124.00
2014-06-11,1.77,1.78,1.76,1.77,18410166,33513538.00
2014-06-12,1.77,1.78,1.76,1.77,15217620,27687208.00
2014-06-13,1.77,1.78,1.76,1.78,18723809,34150384.00
2014-06-16,1.78,1.80,1.77,1.79,30358654,55678496.00
2014-06-17,1.78,1.79,1.77,1.78,18219841,33332636.00
2014-06-18,1.78,1.78,1.76,1.77,27777596,50454520.00
2014-06-19,1.77,1.77,1.72,1.73,32616711,58625040.00
2014-06-20,1.73,1.75,1.73,1.74,16542696,29616508.00
2014-06-23,1.74,1.76,1.73,1.74,36296409,64996452.00
2014-06-24,1.74,1.76,1.73,1.75,23795901,42736104.00
2014-06-25,1.75,1.76,1.74,1.75,20297533,36480688.00
2014-06-26,1.75,1.76,1.74,1.76,24812999,44694288.00
2014-06-27,1.76,1.81,1.75,1.79,82153284,151071024.00
2014-06-30,1.79,1.83,1.78,1.81,42751200,79365512.00
2014-07-01,1.80,1.81,1.78,1.79,28078960,51694612.00
2014-07-02,1.78,1.80,1.78,1.80,27044315,49702668.00
2014-07-03,1.80,1.82,1.78,1.81,42651240,79086208.00
2014-07-04,1.80,1.86,1.79,1.83,66454211,124286720.00
2014-07-07,1.82,1.83,1.79,1.81,34540498,64182096.00
2014-07-08,1.81,1.81,1.79,1.80,21777058,40279052.00
2014-07-09,1.80,1.81,1.78,1.78,22034225,40671812.00
2014-07-10,1.79,1.81,1.78,1.79,23612095,43076904.00
2014-07-11,1.80,1.84,1.79,1.83,56350788,104322448.00
2014-07-14,1.83,1.85,1.82,1.84,35511973,66242596.00
2014-07-15,1.84,1.90,1.83,1.87,74000880,140318160.00
2014-07-16,1.86,1.89,1.86,1.87,46428775,88350296.00
2014-07-17,1.86,1.87,1.83,1.84,41629291,78155840.00
2014-07-18,1.83,1.86,1.83,1.85,24124896,45210608.00
2014-07-21,1.85,1.87,1.84,1.86,37158235,70070792.00
2014-07-22,1.85,1.88,1.84,1.87,51303290,97247376.00
2014-07-23,1.87,1.94,1.86,1.90,111072162,214806320.00
2014-07-24,1.90,1.92,1.88,1.92,69412243,134234880.00
2014-07-25,1.91,1.97,1.90,1.94,76192418,150264000.00
2014-07-28,1.95,1.98,1.94,1.96,113467797,226168704.00
2014-07-29,1.96,1.97,1.93,1.94,92733862,182966400.00
2014-07-30,1.93,1.94,1.90,1.92,90581740,177047536.00
2014-07-31,1.92,1.96,1.91,1.95,80078333,157427552.00
2014-08-01,1.94,2.01,1.94,1.95,142418854,285716512.00
2014-08-04,1.96,1.98,1.94,1.98,83879827,167342688.00
2014-08-05,1.97,2.00,1.97,1.98,77788520,156679888.00
2014-08-06,1.98,2.05,1.95,2.04,177922912,362917440.00
2014-08-07,2.03,2.12,2.00,2.03,201420636,419815328.00
2014-08-08,2.02,2.04,2.00,2.01,79307483,162286384.00
2014-08-11,2.01,2.05,2.00,2.04,78354652,161510992.00
2014-08-12,2.05,2.06,2.02,2.04,57024088,118011368.00
2014-08-13,2.04,2.04,2.00,2.03,81927203,168051632.00
2014-08-14,2.02,2.04,1.99,2.00,63911255,130988280.00
2014-08-15,2.00,2.03,1.99,2.01,41893810,85558072.00
2014-08-18,2.02,2.03,2.01,2.01,43533289,89078680.00
2014-08-19,2.01,2.20,2.00,2.15,271169203,576346624.00
2014-08-20,2.12,2.15,2.08,2.12,146111836,312948352.00
2014-08-21,2.12,2.21,2.11,2.14,176569593,385719296.00
2014-08-22,2.14,2.19,2.13,2.17,109229520,240127312.00
2014-08-25,2.17,2.25,2.15,2.22,212909619,477144768.00
2014-08-26,2.22,2.22,2.08,2.12,187538840,405603680.00
2014-08-27,2.07,2.08,2.03,2.05,144576457,301325856.00
2014-08-28,2.05,2.05,2.01,2.02,73592456,151616624.00
2014-08-29,2.02,2.04,2.01,2.03,60915281,124846680.00
2014-09-01,2.03,2.07,2.02,2.05,110794581,229385456.00
2014-09-02,2.05,2.08,2.03,2.07,121954854,253543456.00
2014-09-03,2.06,2.11,2.06,2.08,123692700,261227152.00
2014-09-04,2.08,2.10,2.07,2.10,71338037,150936976.00
2014-09-05,2.10,2.14,2.08,2.14,104245345,222563792.00
2014-09-09,2.13,2.19,2.12,2.17,157001045,343404736.00
2014-09-10,2.15,2.23,2.13,2.18,178478917,393788640.00
2014-09-11,2.18,2.19,2.13,2.14,135154939,295765696.00
2014-09-12,2.13,2.17,2.13,2.16,77471212,168887888.00
2014-09-15,2.15,2.21,2.15,2.19,114904130,254454976.00
2014-09-16,2.21,2.37,2.20,2.23,365786046,843826560.00
2014-09-17,2.21,2.27,2.18,2.22,169209792,381399584.00
2014-09-18,2.22,2.31,2.21,2.26,144105568,330474176.00
2014-09-19,2.25,2.27,2.23,2.25,86042299,195992720.00
2014-09-22,2.25,2.26,2.15,2.16,119014150,264649920.00
2014-09-23,2.16,2.21,2.15,2.19,83871557,185068144.00
2014-09-24,2.19,2.24,2.17,2.23,100774468,226474320.00
2014-09-25,2.23,2.26,2.21,2.22,84291498,190946112.00
2014-09-26,2.21,2.27,2.20,2.25,101632263,230753344.00
2014-09-29,2.26,2.28,2.24,2.25,75189958,171731696.00
2014-09-30,2.25,2.26,2.23,2.25,76416975,174130320.00
2014-10-08,2.25,2.27,2.24,2.26,74527850,170401648.00
2014-10-09,2.26,2.31,2.24,2.31,151650538,349409184.00
2014-10-10,2.29,2.36,2.27,2.35,175378180,411029888.00
2014-10-13,2.33,2.36,2.32,2.36,133650341,317227072.00
2014-10-14,2.34,2.43,2.33,2.36,166892571,401528224.00
2014-10-15,2.37,2.51,2.36,2.47,269869966,665377280.00
2014-10-16,2.44,2.53,2.37,2.38,218308617,541453056.00
2014-10-17,2.36,2.38,2.28,2.31,145489434,342678048.00
2014-10-20,2.31,2.36,2.29,2.34,71439194,168443760.00
2014-10-21,2.34,2.39,2.33,2.34,72244589,172168816.00
2014-10-22,2.34,2.35,2.26,2.27,77200012,180682400.00
2014-10-23,2.26,2.28,2.19,2.19,107149316,241307728.00
2014-10-24,2.19,2.22,2.19,2.20,43117064,96239328.00
2014-10-27,2.19,2.20,2.16,2.19,40020934,88714344.00
2014-10-28,2.19,2.26,2.19,2.26,64711391,146712016.00
2014-10-29,2.26,2.38,2.25,2.36,162407589,382969664.00
2014-10-30,2.35,2.44,2.34,2.40,173753016,421995392.00
2014-10-31,2.41,2.62,2.41,2.49,287025397,728550336.00
2014-11-03,2.47,2.70,2.45,2.67,405580871,1064512128.00
2014-11-04,2.65,2.67,2.57,2.60,241679358,639986944.00
2014-11-05,2.59,2.71,2.56,2.60,228129674,606798272.00
2014-11-06,2.57,2.59,2.49,2.54,144054847,369941312.00
2014-11-07,2.55,2.59,2.49,2.51,119935920,309408032.00
2014-11-10,2.52,2.65,2.52,2.65,229165087,605213056.00
2014-11-11,2.69,2.82,2.56,2.60,303123474,819609664.00
2014-11-12,2.57,2.66,2.56,2.65,135701144,358431680.00
2014-11-13,2.64,2.79,2.62,2.76,294466570,806778176.00
2014-11-14,2.73,2.77,2.66,2.69,151794867,415090048.00
2014-11-17,2.71,2.77,2.63,2.68,143593475,391236224.00
2014-11-18,2.65,2.70,2.57,2.58,156678465,414123680.00
2014-11-19,2.60,2.65,2.59,2.61,112257408,297815296.00
2014-11-20,2.57,2.61,2.56,2.59,65142325,170468608.00
2014-11-21,2.59,2.64,2.58,2.63,85442240,225627360.00
2014-11-24,2.67,2.73,2.64,2.70,167911306,456959936.00
2014-11-25,2.70,2.76,2.69,2.74,148372400,410132480.00
2014-11-26,2.74,2.76,2.68,2.73,136968615,375756896.00
2014-11-27,2.73,2.75,2.69,2.72,133810528,367774912.00
2014-11-28,2.72,2.79,2.70,2.79,263822568,733351936.00
2014-12-01,2.82,2.98,2.82,2.92,388117738,1139351424.00
2014-12-02,2.91,3.06,2.87,3.02,279398243,836639488.00
2014-12-03,3.03,3.33,3.03,3.23,372747616,1216750848.00
2014-12-04,3.26,3.31,3.15,3.29,238184241,781750272.00
2014-12-05,3.28,3.37,3.01,3.14,317621510,1020907776.00
2014-12-08,3.12,3.34,3.03,3.30,297314642,961932096.00
2014-12-09,3.28,3.61,3.18,3.21,412610717,1420257664.00
2014-12-10,3.13,3.38,3.13,3.34,212915153,703576960.00
2014-12-11,3.37,3.68,3.32,3.68,401972632,1420932736.00
2014-12-12,3.77,3.84,3.60,3.68,350451721,1313283072.00
2014-12-15,3.72,3.73,3.52,3.64,206745611,752419264.00
2014-12-16,3.61,3.83,3.59,3.78,284943407,1070325184.00
2014-12-17,3.77,3.92,3.71,3.79,254071348,975657536.00
2014-12-18,3.79,3.91,3.76,3.80,190982479,737883712.00
2014-12-19,3.79,4.06,3.74,4.01,342651592,1343639552.00
2014-12-22,4.03,4.32,3.92,3.97,356655624,1474092544.00
2014-12-23,3.96,3.96,3.59,3.63,247192796,933528256.00
2014-12-24,3.60,3.69,3.40,3.47,214175081,755149888.00
2014-12-25,3.49,3.67,3.48,3.66,208684204,753053760.00
2014-12-26,3.65,3.74,3.61,3.73,164607954,613946304.00
2014-12-29,3.74,3.92,3.69,3.81,212892244,816436864.00
2014-12-30,3.79,3.84,3.65,3.68,151966217,570981440.00
2014-12-31,3.70,3.82,3.69,3.80,142670316,541007360.00
2015-01-05,3.80,4.05,3.78,3.97,248811621,988445440.00
2015-01-06,3.93,3.95,3.80,3.86,179623219,700858880.00
2015-01-07,3.85,3.90,3.76,3.82,186772935,716757440.00
2015-01-08,3.82,3.82,3.62,3.63,209098148,774940032.00
2015-01-09,3.60,3.72,3.56,3.61,159373887,586566528.00
2015-01-12,3.56,3.57,3.39,3.43,145014494,506804800.00
2015-01-13,3.41,3.49,3.40,3.43,77176317,267797328.00
2015-01-14,3.43,3.46,3.37,3.40,60820964,210015504.00
2015-01-15,3.39,3.55,3.38,3.55,112607161,394289600.00
2015-01-16,3.55,3.61,3.52,3.57,94575494,340105344.00
2015-01-19,3.42,3.42,3.21,3.21,152208904,508418176.00
2015-01-20,3.22,3.33,3.21,3.31,133701324,440468960.00
2015-01-21,3.31,3.45,3.27,3.43,145969980,494558432.00
2015-01-22,3.41,3.53,3.39,3.45,132672066,463570656.00
2015-01-23,3.46,3.50,3.35,3.38,141800874,488626528.00
2015-01-26,3.36,3.45,3.34,3.44,132260422,453646720.00
2015-01-27,3.43,3.44,3.30,3.38,123524783,420341280.00
2015-01-28,3.43,3.49,3.40,3.41,133418808,463334208.00
2015-01-29,3.37,3.55,3.34,3.46,180125668,626508544.00
2015-01-30,3.43,3.49,3.39,3.40,93979539,325744736.00
2015-02-02,3.34,3.37,3.24,3.26,127300445,424268736.00
2015-02-03,3.29,3.32,3.25,3.30,71937708,238730048.00
2015-02-04,3.32,3.50,3.31,3.39,193081435,665903552.00
2015-02-05,3.45,3.46,3.27,3.28,118014982,399462304.00
2015-02-06,3.26,3.32,3.19,3.21,98228961,323112928.00
2015-02-09,3.21,3.22,3.08,3.17,89477796,284723168.00
2015-02-10,3.20,3.24,3.17,3.23,50156431,163126880.00
2015-02-11,3.24,3.27,3.23,3.24,44154823,144581264.00
2015-02-12,3.24,3.27,3.18,3.25,57471827,187165280.00
2015-02-13,3.25,3.40,3.24,3.35,130332082,440577792.00
2015-02-16,3.35,3.39,3.33,3.37,60511921,205578640.00
2015-02-17,3.39,3.43,3.38,3.41,66426920,228219616.00
2015-02-25,3.42,3.49,3.39,3.41,102788394,357342720.00
2015-02-26,3.41,3.48,3.33,3.47,113052089,389845504.00
2015-02-27,3.47,3.55,3.45,3.50,115114916,406741120.00
2015-03-02,3.52,3.70,3.49,3.63,183839410,668230144.00
2015-03-03,3.59,3.63,3.48,3.48,136314589,487704448.00
2015-03-04,3.48,3.50,3.43,3.48,97486957,340942368.00
2015-03-05,3.47,3.47,3.37,3.41,95672156,329800448.00
2015-03-06,3.40,3.46,3.38,3.43,78934846,272524448.00
2015-03-09,3.41,3.47,3.35,3.45,82550866,283259008.00
2015-03-10,3.45,3.49,3.43,3.44,77390382,270033344.00
2015-03-11,3.43,3.48,3.41,3.43,64231253,223225392.00
2015-03-12,3.43,3.49,3.42,3.48,100684344,351089664.00
2015-03-13,3.48,3.59,3.47,3.55,142968196,509729792.00
2015-03-16,3.57,3.62,3.55,3.60,135522948,490916544.00
2015-03-17,3.61,3.72,3.60,3.69,234726990,868192448.00
2015-03-18,3.71,3.95,3.70,3.93,363168821,1408881792.00
2015-03-19,3.96,3.97,3.81,3.84,249235712,969597440.00
2015-03-20,3.84,3.92,3.83,3.88,204103177,795779840.00
2015-03-23,3.93,4.06,3.91,4.01,294715256,1185859712.00
2015-03-24,4.02,4.34,3.97,4.21,483624138,2030071936.00
2015-03-25,4.21,4.28,4.05,4.09,246612595,1028537792.00
2015-03-26,4.07,4.17,3.98,4.04,207842996,850101568.00
2015-03-27,4.04,4.08,4.01,4.03,131776292,536289184.00
2015-03-30,4.04,4.17,4.04,4.16,206799729,857228416.00
2015-03-31,4.18,4.48,4.17,4.30,510260833,2223725568.00
2015-04-01,4.30,4.40,4.22,4.33,218118686,945702528.00
2015-04-02,4.33,4.50,4.29,4.43,329974811,1465890944.00
2015-04-03,4.42,4.88,4.38,4.88,318855785,1519113728.00
2015-04-07,5.03,5.24,4.90,4.95,637595711,3201242112.00
2015-04-08,4.96,5.07,4.67,4.97,544549462,2666920960.00
2015-04-09,4.98,5.01,4.74,4.85,314304635,1539278080.00
2015-04-10,4.84,5.02,4.78,4.91,280285684,1388590080.00
2015-04-13,4.91,5.05,4.88,4.98,317545320,1585093504.00
2015-04-14,4.99,5.14,4.91,5.02,364456614,1840455168.00
2015-04-15,4.97,4.98,4.72,4.78,272162295,1333202688.00
2015-04-16,4.71,4.85,4.62,4.81,220150586,1054062784.00
2015-04-17,4.85,5.06,4.85,4.96,403826585,2012005760.00
2015-04-20,4.95,5.20,4.82,5.04,533082321,2709793536.00
2015-04-21,5.05,5.42,5.00,5.36,535293420,2796961792.00
2015-04-22,5.49,5.64,5.38,5.46,510408786,2827736064.00
2015-04-23,5.46,5.96,5.44,5.88,573756694,3323580928.00
2015-04-24,5.82,5.88,5.57,5.74,418709525,2406448384.00
2015-04-27,5.86,5.97,5.64,5.92,536649677,3151147264.00
2015-04-28,5.84,5.95,5.55,5.55,440703736,2536779520.00
2015-04-29,5.47,5.62,5.42,5.53,279402238,1552068352.00
2015-04-30,5.53,5.60,5.33,5.34,303740639,1649560064.00
2015-05-04,5.88,5.88,5.88,5.88,221360890,1308242816.00
2015-05-05,6.17,6.36,5.59,5.69,1046987679,6331600896.00
2015-05-06,5.42,5.63,5.25,5.29,522838669,2856830208.00
2015-05-07,5.22,5.22,4.76,4.77,433160984,2158090752.00
2015-05-08,4.87,5.01,4.77,4.97,325897729,1603765248.00
2015-05-11,5.04,5.11,4.90,5.10,355710288,1798392448.00
2015-05-12,5.10,5.16,5.03,5.12,302591723,1553608192.00
2015-05-13,5.09,5.32,5.01,5.12,394228678,2056379136.00
2015-05-14,5.01,5.09,4.88,5.04,376160629,1883233024.00
2015-05-15,5.01,5.06,4.84,4.87,265334403,1313391616.00
2015-05-18,4.83,4.87,4.72,4.75,219600474,1056562752.00
2015-05-19,4.73,4.97,4.72,4.92,232188062,1141740288.00
2015-05-20,4.93,5.12,4.88,5.02,356877586,1790232192.00
2015-05-21,5.01,5.03,4.93,5.00,233720085,1169044864.00
2015-05-22,5.03,5.24,5.02,5.23,457052881,2365677056.00
2015-05-25,5.22,5.42,5.15,5.36,415007858,2217502720.00
2015-05-26,5.39,5.52,5.23,5.48,514693009,2796774656.00
2015-05-27,5.48,5.69,5.30,5.60,612106668,3389237248.00
2015-05-28,5.55,5.81,5.04,5.08,607994109,3370652416.00
2015-05-29,5.05,5.19,4.79,5.02,386700098,1951727872.00
2015-06-01,5.02,5.29,4.98,5.28,338948010,1760299136.00
2015-06-02,5.24,5.44,5.23,5.40,354966973,1906246912.00
2015-06-03,5.40,5.41,5.17,5.29,307067031,1632970624.00
2015-06-04,5.30,5.39,4.99,5.39,388953682,2059694720.00
2015-06-05,5.45,5.71,5.40,5.61,656585324,3666653696.00
2015-06-08,5.63,5.77,5.55,5.76,622283976,3550463232.00
2015-06-09,5.75,5.75,5.54,5.67,426501785,2419709184.00
2015-06-10,5.59,5.89,5.54,5.75,533770224,3085288960.00
2015-06-11,5.67,5.94,5.65,5.87,514993279,3008760576.00
2015-06-12,5.86,6.33,5.78,6.12,736953055,4427429376.00
2015-06-15,6.16,6.74,6.03,6.44,917336158,5842610688.00
2015-06-16,6.28,6.39,5.95,6.04,571172473,3547783168.00
2015-06-17,6.02,6.62,5.99,6.47,644227227,4069566208.00
2015-06-18,6.47,6.93,6.35,6.50,725058544,4826595840.00
2015-06-19,6.27,6.44,5.85,5.85,487028685,3003979520.00
2015-06-23,5.99,6.32,5.67,6.27,548946800,3330166784.00
2015-06-24,6.34,6.90,6.29,6.79,972505220,6548752384.00
2015-06-25,6.63,7.02,6.46,6.58,916091001,6239844864.00
2015-06-26,6.30,6.92,6.05,6.44,1028920841,6764957696.00
2015-06-29,6.65,7.09,6.47,6.97,1323637423,9101955072.00
2015-08-24,6.27,6.27,6.27,6.27,10419200,65640960.00
2015-08-25,5.64,5.64,5.64,5.64,4567100,25895456.00
2015-08-26,5.07,5.07,5.07,5.07,19676400,100349640.00
2015-08-27,4.56,4.56,4.56,4.56,37639900,172767136.00
2015-08-28,4.10,5.02,4.10,4.90,1261776321,5466929664.00
2015-08-31,4.52,4.60,4.41,4.41,724103927,3251021312.00
2015-09-01,4.17,4.23,3.97,4.14,606495425,2483013120.00
2015-09-02,3.96,4.21,3.86,4.14,447493060,1840580352.00
2015-09-07,4.18,4.32,3.97,3.99,278834631,1165957120.00
2015-09-08,3.97,4.01,3.60,3.88,320641081,1235628800.00
2015-09-09,3.91,4.16,3.85,4.14,403975962,1634646016.00
2015-09-10,3.99,4.07,3.88,3.92,263253438,1057703680.00
2015-09-11,3.89,3.98,3.77,3.83,202298306,788106176.00
2015-09-14,3.88,3.91,3.44,3.44,291674146,1064837888.00
2015-09-15,3.28,3.37,3.09,3.09,299400662,964777152.00
2015-09-16,3.11,3.38,3.08,3.32,319074354,1033752960.00
2015-09-17,3.27,3.40,3.14,3.15,326412351,1075274752.00
2015-09-18,3.18,3.21,3.12,3.16,164681061,525454048.00
2015-09-21,3.12,3.24,3.09,3.22,185974375,598423360.00
2015-09-22,3.24,3.34,3.21,3.30,231120936,765977920.00
2015-09-23,3.23,3.25,3.12,3.16,210007292,675375552.00
2015-09-24,3.17,3.30,3.13,3.25,210124574,680195008.00
2015-09-25,3.20,3.22,3.11,3.13,172296263,549762752.00
2015-09-28,3.13,3.19,3.10,3.16,103877241,329401120.00
2015-09-29,3.11,3.13,3.04,3.06,124301864,387967968.00
2015-09-30,3.08,3.11,3.06,3.08,86226120,268714464.00
2015-10-08,3.17,3.21,3.14,3.18,191280386,613310464.00
2015-10-09,3.17,3.22,3.14,3.19,170298532,547062848.00
2015-10-12,3.20,3.35,3.19,3.32,307998454,1022228928.00
2015-10-13,3.29,3.33,3.26,3.31,196171642,652192192.00
2015-10-14,3.30,3.45,3.28,3.30,304164163,1029335360.00
2015-10-15,3.28,3.40,3.27,3.37,244873726,824659072.00
2015-10-16,3.37,3.44,3.36,3.41,307684057,1052752320.00
2015-10-19,3.43,3.47,3.38,3.46,297273281,1027289536.00
2015-10-20,3.44,3.53,3.42,3.48,226004717,789962368.00
2015-10-21,3.49,3.53,3.22,3.24,322347216,1107553792.00
2015-10-22,3.25,3.33,3.22,3.31,214873771,710264576.00
2015-10-23,3.32,3.40,3.29,3.38,241192354,816669568.00
2015-10-26,3.42,3.43,3.33,3.38,206123006,700127936.00
2015-10-27,3.35,3.36,3.20,3.31,184778351,612702272.00
2015-10-28,3.28,3.42,3.27,3.35,246440407,832642816.00
2015-10-29,3.35,3.36,3.27,3.29,189639172,631805888.00
2015-10-30,3.28,3.29,3.20,3.22,135739577,443396672.00
2015-11-02,3.18,3.21,3.10,3.11,139463608,445169504.00
2015-11-03,3.13,3.15,3.08,3.09,125201328,393521888.00
2015-11-04,3.10,3.23,3.10,3.22,174694064,558537664.00
2015-11-05,3.22,3.46,3.20,3.34,392249010,1317279104.00
2015-11-06,3.32,3.42,3.31,3.38,294439604,996237312.00
2015-11-09,3.36,3.46,3.35,3.44,322454573,1112245504.00
2015-11-10,3.42,3.51,3.37,3.48,292920737,1012996992.00
2015-11-11,3.49,3.70,3.48,3.53,426588130,1539967360.00
2015-11-12,3.50,3.52,3.40,3.44,265186030,924658048.00
2015-11-13,3.41,3.42,3.34,3.34,178556381,607073600.00
2015-11-16,3.28,3.38,3.26,3.38,133756769,449212224.00
2015-11-17,3.39,3.45,3.36,3.38,195283571,671276992.00
2015-11-18,3.38,3.41,3.34,3.37,137253271,467196032.00
2015-11-19,3.39,3.43,3.36,3.43,168516865,578789056.00
2015-11-20,3.42,3.44,3.39,3.43,181969781,626359104.00
2015-11-23,3.41,3.42,3.34,3.36,147153107,502836736.00
2015-11-24,3.35,3.35,3.29,3.33,116093206,388349024.00
2015-11-25,3.32,3.35,3.31,3.34,109298791,366923136.00
2015-11-26,3.35,3.37,3.32,3.33,133677143,450904608.00
2015-11-27,3.32,3.33,3.08,3.11,206316848,668483840.00
2015-11-30,3.11,3.14,2.99,3.08,131666836,409277664.00
2015-12-01,3.07,3.13,3.04,3.12,107076345,333665408.00
2015-12-02,3.10,3.28,3.07,3.25,209556776,675942080.00
2015-12-03,3.22,3.31,3.21,3.26,130959662,429685888.00
2015-12-04,3.23,3.24,3.13,3.15,118206587,380244416.00
2015-12-07,3.15,3.17,3.12,3.14,67508967,214148352.00
2015-12-08,3.12,3.12,3.06,3.06,95177016,295939456.00
2015-12-09,3.07,3.12,3.05,3.08,73934259,230212464.00
2015-12-10,3.08,3.11,3.05,3.06,79670398,247805200.00
2015-12-11,3.07,3.07,3.01,3.04,82195128,251937904.00
2015-12-14,3.02,3.12,3.00,3.11,104247306,323893984.00
2015-12-15,3.11,3.12,3.07,3.08,71048117,222298304.00
2015-12-16,3.10,3.11,3.07,3.11,75436230,235838208.00
2015-12-17,3.12,3.42,3.11,3.42,608048032,2056495104.00
2015-12-18,3.42,3.51,3.37,3.47,527152088,1829199104.00
2015-12-21,3.40,3.48,3.38,3.42,303375504,1046567168.00
2015-12-22,3.45,3.46,3.34,3.41,268651243,923956736.00
2015-12-23,3.37,3.39,3.29,3.31,229198576,771587712.00
2015-12-24,3.29,3.35,3.29,3.33,124216866,415942880.00
2015-12-25,3.33,3.35,3.29,3.31,95714629,320338752.00
2015-12-28,3.33,3.34,3.19,3.19,144899867,476766272.00
2015-12-29,3.17,3.28,3.16,3.26,109421899,354967392.00
2015-12-30,3.26,3.35,3.25,3.29,139298558,465092160.00
2015-12-31,3.30,3.41,3.28,3.30,186535399,630402688.00
2016-01-04,3.28,3.42,3.02,3.07,222101334,744749440.00
2016-01-05,3.03,3.37,3.03,3.31,321876157,1058263232.00
2016-01-06,3.28,3.64,3.27,3.64,712868656,2550916096.00
2016-01-07,3.54,3.61,3.27,3.27,178131186,612967040.00
2016-01-08,3.37,3.60,3.33,3.60,648142555,2299323392.00
2016-01-11,3.61,3.82,3.49,3.59,731155598,2692141824.00
2016-01-12,3.59,3.63,3.27,3.51,407038926,1416707200.00
2016-01-13,3.47,3.82,3.42,3.54,475311010,1756014720.00
2016-01-14,3.30,3.72,3.28,3.68,442469894,1582612352.00
2016-01-15,3.57,3.65,3.33,3.38,380200013,1334011136.00
2016-01-18,3.27,3.42,3.08,3.22,312482521,1015081280.00
2016-01-19,3.17,3.39,3.14,3.36,312791834,1040856000.00
2016-01-20,3.30,3.35,3.16,3.23,264567465,864569856.00
2016-01-21,3.17,3.30,3.12,3.12,202532000,656057152.00
2016-01-22,3.18,3.26,3.09,3.21,194322408,626114112.00
2016-01-25,3.27,3.35,3.23,3.26,257762498,857064896.00
2016-01-26,3.20,3.31,3.08,3.11,206467688,665944064.00
2016-01-27,3.13,3.21,3.04,3.19,195945833,619885312.00
2016-01-28,3.14,3.19,2.87,2.88,166648632,510921984.00
2016-01-29,2.85,2.95,2.67,2.93,193755257,556580864.00
2016-02-01,2.88,2.92,2.65,2.78,154016860,434170624.00
2016-02-02,2.76,2.84,2.74,2.80,128388359,363003584.00
2016-02-03,2.76,2.76,2.59,2.72,163607354,444919360.00
2016-02-04,2.71,2.82,2.69,2.77,164984196,456948864.00
2016-02-05,2.77,2.79,2.72,2.72,148852005,414592256.00
2016-02-15,2.62,2.71,2.62,2.68,95844566,257990800.00
2016-02-16,2.69,2.80,2.68,2.78,154924906,432562272.00
2016-02-17,2.78,2.84,2.76,2.83,152887837,433965888.00
2016-02-18,2.84,2.99,2.82,2.85,188548564,551439872.00
2016-02-19,2.85,2.86,2.80,2.84,100858935,288445184.00
2016-02-22,2.88,3.13,2.87,3.10,420135403,1297728768.00
2016-02-23,3.05,3.09,3.01,3.07,212289256,653290624.00
2016-02-24,3.05,3.09,3.00,3.08,154823303,476580256.00
2016-02-25,3.09,3.11,2.77,2.83,219957244,661154112.00
2016-02-26,2.87,3.04,2.87,3.02,243506730,727849344.00
2016-02-29,3.03,3.09,2.83,2.98,231620100,694173952.00
2016-03-01,2.97,3.07,2.91,3.06,217267184,662353600.00
2016-03-02,3.04,3.30,3.03,3.24,310628372,995306240.00
2016-03-03,3.22,3.25,3.12,3.14,280073993,898500736.00
2016-03-04,3.14,3.21,3.07,3.12,243835358,772586944.00
2016-03-07,3.26,3.33,3.19,3.24,295767142,967427840.00
2016-03-08,3.32,3.35,3.15,3.21,220617770,716874560.00
2016-03-09,3.11,3.11,2.99,3.03,189861017,582335168.00
2016-03-10,3.06,3.06,2.96,2.98,101818871,309934112.00
2016-03-11,2.93,2.98,2.90,2.95,84031828,249240432.00
2016-03-14,2.98,3.05,2.96,3.00,142182909,432076352.00
2016-03-15,2.97,2.98,2.92,2.94,98483055,292803552.00
2016-03-16,2.93,2.96,2.88,2.90,97312496,287035488.00
2016-03-17,2.92,2.98,2.90,2.96,101012825,300457632.00
2016-03-18,2.98,3.07,2.97,3.04,162237503,496510400.00
2016-03-21,3.07,3.12,3.04,3.11,226961025,704086976.00
2016-03-22,3.07,3.08,3.03,3.05,119074298,367297408.00
2016-03-23,3.05,3.08,3.03,3.07,99652986,307574016.00
2016-03-24,3.04,3.05,2.98,2.98,122907222,373682208.00
2016-03-25,2.98,3.00,2.96,2.99,79287451,238716048.00
2016-03-28,2.99,3.02,2.94,2.96,95649291,288629184.00
2016-03-29,2.96,2.97,2.88,2.90,75059425,221190432.00
2016-03-30,2.92,2.99,2.92,2.99,75669032,226352496.00
2016-03-31,2.99,3.04,2.97,3.02,100429310,304071968.00
2016-04-01,3.00,3.06,2.99,3.03,130551277,399261504.00
2016-04-05,3.04,3.06,3.00,3.05,129326734,396874112.00
2016-04-06,3.05,3.11,3.03,3.08,141752979,439763712.00
2016-04-07,3.07,3.15,3.00,3.06,214111058,665377856.00
2016-04-08,3.02,3.13,3.01,3.08,215730007,672383296.00
2016-04-11,3.12,3.30,3.12,3.22,295847409,967982720.00
2016-04-12,3.25,3.38,3.23,3.27,289162128,963125696.00
2016-04-13,3.37,3.43,3.31,3.33,283936349,964954432.00
2016-04-14,3.34,3.38,3.27,3.32,131815026,438544544.00
2016-04-15,3.31,3.32,3.24,3.26,114477625,377350496.00
2016-04-18,3.26,3.34,3.22,3.33,127870752,421837408.00
2016-04-19,3.32,3.36,3.27,3.32,97011239,324211008.00
2016-04-20,3.36,3.42,3.15,3.25,181009938,596199424.00
2016-04-21,3.25,3.39,3.23,3.30,269711986,906080384.00
2016-04-22,3.24,3.24,3.13,3.18,142014364,455875072.00
2016-04-25,3.15,3.26,3.12,3.22,123753343,398970176.00
2016-04-26,3.21,3.23,3.14,3.20,84373266,271129568.00
2016-04-27,3.19,3.22,3.14,3.15,74998635,240128176.00
2016-04-28,3.16,3.17,3.10,3.15,51954707,164391776.00
2016-04-29,3.13,3.19,3.12,3.17,53082985,169696880.00
2016-05-03,3.17,3.21,3.15,3.21,72852735,234398160.00
2016-05-04,3.19,3.21,3.16,3.18,89781009,288379200.00
2016-05-05,3.17,3.18,3.13,3.15,76378356,242779664.00
2016-05-06,3.16,3.16,3.00,3.01,128347292,397653760.00
2016-05-09,2.97,2.98,2.79,2.82,135810615,393153280.00
2016-05-10,2.81,2.85,2.80,2.82,70215041,200264736.00
2016-05-11,2.83,2.85,2.79,2.82,56234274,160152656.00
2016-05-12,2.79,2.87,2.75,2.82,77375662,218992576.00
2016-05-13,2.81,2.86,2.79,2.81,63139075,180331936.00
2016-05-16,2.79,2.80,2.75,2.80,67839154,190721200.00
2016-05-17,2.81,2.85,2.80,2.82,70964522,202446832.00
2016-05-18,2.79,2.80,2.73,2.76,81963659,228619872.00
2016-05-19,2.78,2.81,2.75,2.76,71369868,200447696.00
2016-05-20,2.74,2.76,2.71,2.76,41159299,113955336.00
2016-05-23,2.75,2.78,2.74,2.76,71877768,200625360.00
2016-05-24,2.75,2.76,2.68,2.69,94080724,257607056.00
2016-05-25,2.70,2.74,2.68,2.70,68940791,188638720.00
2016-05-26,2.70,2.71,2.65,2.69,80459243,218021904.00
2016-05-27,2.68,2.72,2.66,2.70,78933937,214814688.00
2016-05-30,2.69,2.70,2.66,2.68,59362960,160854736.00
2016-05-31,2.67,2.77,2.67,2.76,101637410,280543072.00
2016-06-01,2.75,2.78,2.73,2.77,108555822,302940384.00
2016-06-02,2.76,2.78,2.75,2.77,62937909,175930720.00
2016-06-03,2.77,2.78,2.75,2.76,59602611,166464592.00
2016-06-06,2.77,2.79,2.75,2.78,70334584,196969616.00
2016-06-07,2.78,2.78,2.75,2.76,41163867,114954080.00
2016-06-08,2.77,2.77,2.71,2.73,65831833,181863888.00
2016-06-13,2.70,2.71,2.61,2.62,90702149,244644224.00
2016-06-14,2.62,2.63,2.60,2.62,51671740,136838560.00
2016-06-15,2.60,2.66,2.59,2.65,58920412,157304832.00
2016-06-16,2.65,2.66,2.62,2.63,49040685,131093752.00
2016-06-17,2.64,2.71,2.63,2.66,85486157,231003632.00
2016-06-20,2.67,2.68,2.63,2.66,57967867,155507984.00
2016-06-21,2.68,2.68,2.63,2.64,71760294,193414768.00
2016-06-22,2.64,2.69,2.63,2.68,69612899,188050240.00
2016-06-23,2.68,2.72,2.67,2.71,70696769,192582848.00
2016-06-24,2.70,2.72,2.62,2.66,65082734,175639008.00
2016-06-27,2.68,2.81,2.67,2.76,120971884,338505856.00
2016-06-28,2.74,2.76,2.71,2.76,58405998,161439856.00
2016-06-29,2.76,2.79,2.74,2.76,57061422,159460624.00
2016-06-30,2.77,2.78,2.72,2.74,58957000,163446000.00
2016-07-01,2.74,2.76,2.72,2.74,46283740,128269192.00
2016-07-04,2.74,2.85,2.73,2.81,117525731,333292128.00
2016-07-05,2.80,2.88,2.79,2.84,91356143,262610032.00
2016-07-06,2.83,2.85,2.80,2.82,63456536,180921216.00
2016-07-07,2.83,2.85,2.82,2.84,72437791,207836864.00
2016-07-08,2.84,2.85,2.78,2.79,66819824,189730160.00
2016-07-11,2.80,2.85,2.79,2.84,86267481,246536256.00
2016-07-12,2.84,2.98,2.83,2.94,237496828,704192960.00
2016-07-13,2.97,2.99,2.91,2.93,101819039,302489984.00
2016-07-14,2.94,2.95,2.90,2.92,58545195,172967904.00
2016-07-15,2.93,3.02,2.92,2.97,119887036,359425024.00
2016-07-18,2.95,2.96,2.88,2.91,96355808,283687872.00
2016-07-19,2.89,2.91,2.84,2.87,77121103,223596416.00
2016-07-20,2.87,2.87,2.85,2.85,38224550,110402808.00
2016-07-21,2.86,2.91,2.85,2.90,57302712,167305680.00
2016-07-22,2.89,2.91,2.86,2.89,69886654,203464432.00
2016-07-25,2.88,2.91,2.86,2.90,47069735,136200480.00
2016-07-26,2.90,2.93,2.89,2.92,53945438,157103904.00
2016-07-27,2.93,2.95,2.83,2.85,115973191,335167552.00
2016-07-28,2.86,2.88,2.85,2.87,56473163,161931568.00
2016-07-29,2.88,2.88,2.85,2.86,35641053,102029832.00
2016-08-01,2.85,2.94,2.83,2.90,92706164,267562528.00
2016-08-02,2.91,2.94,2.88,2.94,64174097,186478496.00
2016-08-03,2.92,2.94,2.90,2.93,48230279,140799584.00
2016-08-04,2.92,2.93,2.90,2.93,35211298,102747944.00
2016-08-05,2.93,2.95,2.91,2.92,39907795,116923920.00
2016-08-08,2.92,3.02,2.91,3.02,116823788,348420672.00
2016-08-09,3.00,3.03,2.99,3.02,73755431,222261888.00
2016-08-10,3.04,3.29,3.03,3.12,147557818,466361952.00
2016-08-11,3.09,3.17,3.07,3.11,87703982,274344128.00
2016-08-12,3.10,3.15,3.08,3.15,59259306,185004288.00
2016-08-15,3.15,3.22,3.11,3.19,134429303,426150048.00
2016-08-16,3.17,3.29,3.16,3.24,148744898,478226848.00
2016-08-17,3.22,3.50,3.22,3.37,335942244,1134733312.00
2016-08-18,3.33,3.38,3.31,3.34,123682146,412151872.00
2016-08-19,3.34,3.34,3.23,3.27,92877451,303416928.00
2016-08-22,3.27,3.32,3.24,3.24,52505102,172006752.00
2016-08-23,3.24,3.28,3.22,3.25,51883562,168647152.00
2016-08-24,3.24,3.29,3.24,3.26,47379820,154578512.00
2016-08-25,3.27,3.47,3.24,3.33,190769921,644080128.00
2016-08-26,3.32,3.44,3.29,3.38,107573422,362006528.00
2016-08-29,3.36,3.52,3.36,3.45,113226286,392105472.00
2016-08-30,3.47,3.49,3.35,3.39,82929731,281555712.00
2016-08-31,3.37,3.38,3.32,3.35,59148660,197694608.00
2016-09-01,3.34,3.35,3.22,3.22,99294043,324195680.00
2016-09-02,3.21,3.27,3.20,3.25,59582743,192802960.00
2016-09-05,3.24,3.38,3.23,3.32,109976837,366029504.00
2016-09-06,3.31,3.33,3.24,3.28,71378199,233783120.00
2016-09-07,3.27,3.34,3.23,3.26,82544481,271636288.00
2016-09-08,3.26,3.28,3.24,3.26,37619233,122578312.00
2016-09-09,3.26,3.27,3.23,3.24,35022978,113726472.00
2016-09-12,3.21,3.21,3.08,3.12,84050256,263791424.00
2016-09-13,3.13,3.18,3.10,3.11,62125606,194667232.00
2016-09-14,3.08,3.12,3.08,3.11,29157678,90411424.00
2016-09-19,3.11,3.16,3.11,3.15,39765688,124873992.00
2016-09-20,3.15,3.17,3.13,3.15,35950286,113230320.00
2016-09-21,3.15,3.29,3.14,3.21,89314407,288376800.00
2016-09-22,3.23,3.26,3.21,3.21,57475222,185640608.00
2016-09-23,3.22,3.25,3.21,3.23,40765287,131811440.00
2016-09-26,3.23,3.23,3.11,3.12,45580596,144341760.00
2016-09-27,3.09,3.12,3.07,3.11,41684908,129063616.00
2016-09-28,3.12,3.13,3.08,3.10,32768672,101737496.00
2016-09-29,3.08,3.12,3.08,3.09,45430978,140653376.00
2016-09-30,3.08,3.10,3.05,3.08,45188616,138890320.00
2016-10-10,3.12,3.15,3.09,3.13,59839901,186587584.00
2016-10-11,3.13,3.13,3.07,3.11,100491671,310953216.00
2016-10-12,3.09,3.10,3.07,3.08,51164930,157589104.00
2016-10-13,3.08,3.09,3.06,3.08,57655205,177449312.00
2016-10-14,3.09,3.10,3.07,3.10,42923996,132527440.00
2016-10-17,3.11,3.16,3.10,3.12,90280552,282865824.00
2016-10-18,3.11,3.15,3.10,3.14,55402215,173253392.00
2016-10-19,3.15,3.16,3.12,3.13,45178048,141912384.00
2016-10-20,3.13,3.14,3.10,3.12,42289691,131991144.00
2016-10-21,3.12,3.14,3.10,3.12,53964100,168092272.00
2016-10-24,3.10,3.18,3.10,3.16,94485142,297854464.00
2016-10-25,3.17,3.21,3.16,3.19,78870674,251256720.00
2016-10-26,3.19,3.19,3.16,3.17,47511640,150845296.00
2016-10-27,3.18,3.18,3.13,3.14,45688073,144017712.00
2016-10-28,3.14,3.16,3.12,3.12,34830600,109315432.00
2016-10-31,3.13,3.14,3.10,3.13,38683363,120511280.00
2016-11-01,3.14,3.14,3.11,3.13,44501963,138796864.00
2016-11-02,3.12,3.13,3.05,3.06,82047045,253288032.00
2016-11-03,3.05,3.09,3.03,3.07,87590551,267811888.00
2016-11-04,3.06,3.09,3.04,3.06,49260870,151149744.00
2016-11-07,3.06,3.12,3.06,3.12,96573110,298752096.00
2016-11-08,3.13,3.13,3.09,3.10,84442941,262710496.00
2016-11-09,3.11,3.12,3.06,3.10,74373075,230489200.00
2016-11-10,3.12,3.17,3.12,3.15,107002907,337122656.00
2016-11-11,3.15,3.24,3.13,3.24,173688260,555104384.00
2016-11-14,3.22,3.29,3.19,3.26,194349792,629802624.00
2016-11-15,3.25,3.29,3.19,3.21,125760086,406800128.00
2016-11-16,3.20,3.22,3.15,3.17,108769443,345278592.00
2016-11-17,3.17,3.19,3.15,3.17,71291556,225883888.00
2016-11-18,3.17,3.20,3.15,3.16,58073241,184565632.00
2016-11-21,3.15,3.20,3.15,3.17,91095287,289366208.00
2016-11-22,3.19,3.24,3.18,3.23,148387653,477028160.00
2016-11-23,3.25,3.26,3.21,3.22,111660619,361684288.00
2016-11-24,3.21,3.26,3.21,3.26,110582629,358668320.00
2016-11-25,3.26,3.32,3.20,3.30,143323237,467966464.00
2016-11-28,3.31,3.35,3.29,3.32,99242600,329562208.00
数据来源:通达信
