000869 张 裕Ａ 日线 前复权
      日期	    开盘	    最高	    最低	    收盘	    成交量	    成交额
2011-10-10,76.84,76.91,76.04,76.25,548109,57027800.00
2011-10-11,76.93,77.29,73.38,74.75,596863,61014808.00
2011-10-12,74.36,77.06,73.61,76.80,1625152,165701680.00
2011-10-13,76.21,78.58,75.52,76.23,643304,67460096.00
2011-10-14,76.28,76.86,75.69,75.84,245373,25498004.00
2011-10-17,75.91,78.04,75.91,77.94,606251,64016080.00
2011-10-18,77.90,80.98,77.37,79.09,1029530,111251864.00
2011-10-19,79.14,80.86,78.44,79.29,514291,55830044.00
2011-10-20,78.98,78.98,75.98,77.44,580683,61018204.00
2011-10-21,77.83,79.13,76.29,78.59,314200,33186202.00
2011-10-24,78.74,79.37,77.99,79.06,776707,83342312.00
2011-10-25,79.07,81.14,79.07,79.80,659591,72115608.00
2011-10-26,80.29,80.87,79.37,79.74,472061,51387660.00
2011-10-27,79.48,80.98,79.23,80.91,503741,54924044.00
2011-10-28,81.68,83.98,81.68,83.98,547451,61971876.00
2011-10-31,84.24,84.24,82.83,82.83,316100,35745732.00
2011-11-01,82.75,84.67,82.15,83.03,418476,47320996.00
2011-11-02,82.44,84.43,81.91,84.32,377222,42643992.00
2011-11-03,84.42,85.64,83.04,84.51,487872,55794456.00
2011-11-04,85.07,85.52,83.87,84.80,241588,27835238.00
2011-11-07,84.37,85.13,83.98,84.93,208761,23970140.00
2011-11-08,84.93,85.24,83.60,83.66,252980,28914372.00
2011-11-09,84.28,84.37,82.87,83.60,326309,36911924.00
2011-11-10,83.46,83.50,81.88,82.35,461277,51916828.00
2011-11-11,82.75,83.91,82.04,83.44,360415,40623508.00
2011-11-14,83.98,84.58,82.91,84.42,481640,54857720.00
2011-11-15,83.68,84.67,82.45,82.83,373737,42208516.00
2011-11-16,82.54,82.54,81.02,82.25,524342,58332304.00
2011-11-17,82.25,83.60,81.71,82.91,225061,25388004.00
2011-11-18,82.45,83.04,81.68,81.92,484110,54168424.00
2011-11-21,81.95,83.20,81.29,83.07,252658,28218170.00
2011-11-22,82.64,85.51,82.43,85.51,665385,76692368.00
2011-11-23,85.49,88.12,84.81,87.83,499530,58590092.00
2011-11-24,87.60,88.21,86.37,87.37,400094,47372028.00
2011-11-25,87.06,88.44,86.68,87.51,219849,26200348.00
2011-11-28,87.07,89.21,87.07,88.94,434434,52037452.00
2011-11-29,88.94,89.37,87.22,87.31,318080,37880280.00
2011-11-30,87.31,87.74,84.77,85.60,368943,43020980.00
2011-12-01,86.14,87.56,83.21,85.91,418403,48842428.00
2011-12-02,85.85,87.06,85.14,85.79,180500,21041016.00
2011-12-05,86.29,86.68,82.83,84.67,437577,50155924.00
2011-12-06,83.99,85.14,82.29,83.98,339386,38557712.00
2011-12-07,83.38,84.18,83.31,83.83,246948,28113726.00
2011-12-08,84.18,85.51,83.23,84.20,206759,23642410.00
2011-12-09,83.97,84.36,81.84,82.14,244641,27598566.00
2011-12-12,81.93,82.44,81.13,81.97,369689,40931692.00
2011-12-13,81.14,82.67,81.13,82.14,231978,25813742.00
2011-12-14,82.14,82.83,81.47,82.43,171759,19182796.00
2011-12-15,82.01,82.33,78.60,81.68,511231,55964416.00
2011-12-16,81.43,83.44,81.14,82.46,473773,52878468.00
2011-12-19,82.48,84.75,79.81,83.28,535146,59415664.00
2011-12-20,82.74,83.37,80.91,83.37,660204,73457896.00
2011-12-21,82.83,83.37,81.68,83.37,301019,33727016.00
2011-12-22,82.44,83.59,80.75,83.59,419498,46877756.00
2011-12-23,82.52,83.44,79.75,83.21,917531,101761144.00
2011-12-26,81.79,81.80,79.37,79.74,772309,84271992.00
2011-12-27,78.60,79.34,76.88,78.60,1010179,106744968.00
2011-12-28,77.58,78.95,75.25,77.15,1010866,105330688.00
2011-12-29,76.29,78.60,75.64,77.44,565405,59671424.00
2011-12-30,77.71,79.37,77.68,79.29,1252046,134357408.00
2012-01-04,79.20,79.21,75.37,75.43,1236803,128388360.00
2012-01-05,74.75,76.18,73.12,73.91,960309,96991336.00
2012-01-06,73.90,76.49,73.21,75.68,652684,66533476.00
2012-01-09,75.51,76.58,74.10,75.87,369497,37941628.00
2012-01-10,75.88,78.48,75.14,77.82,440079,46173692.00
2012-01-11,78.11,78.59,77.20,77.85,495925,52524584.00
2012-01-12,78.24,78.44,75.57,75.71,447666,46672632.00
2012-01-13,76.25,76.68,73.83,76.29,639430,65891272.00
2012-01-16,75.78,76.26,73.21,73.21,336542,33982256.00
2012-01-17,72.94,77.83,69.70,74.98,973206,96138288.00
2012-01-18,74.48,75.52,70.81,70.91,597520,59383180.00
2012-01-19,70.98,74.36,69.83,73.98,612553,60931000.00
2012-01-20,73.61,76.58,72.45,75.52,660581,67214664.00
2012-01-30,75.03,75.04,69.52,69.60,2680938,259402096.00
2012-01-31,69.51,69.51,66.04,67.68,3481424,320753152.00
2012-02-01,67.28,68.29,66.38,66.89,1561067,143679328.00
2012-02-02,67.07,67.68,65.91,67.10,902468,82563976.00
2012-02-03,67.06,67.83,66.44,67.41,764479,70410632.00
2012-02-06,67.44,69.13,67.44,68.51,1253264,117088336.00
2012-02-07,69.18,70.29,68.51,70.05,1769583,167852192.00
2012-02-08,70.00,70.83,69.60,70.80,768877,73898936.00
2012-02-09,70.81,71.34,69.76,70.24,641476,61774884.00
2012-02-10,70.42,71.21,69.91,70.32,671837,64660104.00
2012-02-13,69.75,71.75,69.71,71.47,1185929,115407184.00
2012-02-14,71.02,72.44,71.00,71.57,852776,83742456.00
2012-02-15,71.35,73.14,71.29,72.52,506791,50237436.00
2012-02-16,72.44,72.90,71.44,71.48,604995,59648348.00
2012-02-17,72.21,72.44,70.89,71.06,535358,52199936.00
2012-02-20,71.14,71.64,69.64,69.71,1389137,134024480.00
2012-02-21,69.83,71.14,69.48,71.05,1157348,110925856.00
2012-02-22,70.91,72.83,70.81,72.29,1338521,131974552.00
2012-02-23,72.34,72.83,71.48,71.91,1151886,113724512.00
2012-02-24,71.91,73.14,71.68,72.98,969757,96299784.00
2012-02-27,73.21,74.28,72.99,73.48,858899,86055448.00
2012-02-28,73.60,74.75,73.06,73.21,1317427,133104928.00
2012-02-29,73.21,75.26,72.84,74.74,673152,68256656.00
2012-03-01,74.66,74.74,73.50,73.73,636659,64298916.00
2012-03-02,73.75,74.37,72.83,73.64,910257,91099384.00
2012-03-05,73.97,73.97,72.29,72.48,1108159,109981056.00
2012-03-06,72.49,73.04,71.68,71.99,508356,50329864.00
2012-03-07,72.13,72.81,71.17,71.48,851159,83305768.00
2012-03-08,71.37,71.90,70.76,70.91,837984,81677648.00
2012-03-09,71.28,72.97,70.89,72.95,1010047,99325104.00
2012-03-12,72.97,73.81,72.80,72.92,773423,77448056.00
2012-03-13,72.93,74.14,72.88,73.83,818725,82228080.00
2012-03-14,73.98,74.73,71.75,71.77,845575,85186960.00
2012-03-15,71.77,74.37,71.77,74.01,959034,96169888.00
2012-03-16,75.41,77.18,75.14,76.98,1662380,173744736.00
2012-03-19,76.98,77.08,75.29,75.40,899687,93452216.00
2012-03-20,75.34,75.37,73.91,75.07,757257,77038168.00
2012-03-21,75.05,75.75,74.42,74.42,438845,44836452.00
2012-03-22,74.42,75.91,74.42,75.41,239024,24548006.00
2012-03-23,74.94,76.29,73.84,74.75,434141,44508892.00
2012-03-26,74.44,74.66,70.89,71.59,1162864,115269232.00
2012-03-27,71.67,72.42,71.03,71.51,589349,57860136.00
2012-03-28,70.97,72.36,69.37,69.38,553856,53433684.00
2012-03-29,69.39,70.28,68.94,69.32,348736,33219610.00
2012-03-30,69.08,69.37,67.44,68.77,241521,22638556.00
2012-04-05,68.60,71.10,67.98,70.45,604266,57729200.00
2012-04-06,70.60,70.81,67.91,68.26,1299854,122789000.00
2012-04-09,68.29,68.33,66.91,67.89,1582785,146774064.00
2012-04-10,67.75,67.75,66.14,67.21,1014837,93035208.00
2012-04-11,67.04,68.08,66.22,67.79,735535,67865968.00
2012-04-12,67.75,68.37,67.44,67.97,1063822,99061304.00
2012-04-13,68.08,68.68,67.74,67.95,1067462,99573512.00
2012-04-16,67.90,69.52,67.80,69.28,782299,73999512.00
2012-04-17,69.28,69.63,68.29,68.86,581406,54805280.00
2012-04-18,68.68,69.60,68.68,69.04,1015276,96158528.00
2012-04-19,69.04,69.21,68.75,68.87,408223,38559480.00
2012-04-20,69.37,70.95,69.37,69.96,2317381,222594928.00
2012-04-23,70.44,70.44,69.24,69.41,1200328,114612776.00
2012-04-24,69.26,69.26,67.06,67.23,1621165,150619552.00
2012-04-25,67.24,67.81,66.68,67.46,1118614,102991096.00
2012-04-26,67.37,67.51,66.60,66.68,1514788,139083840.00
2012-04-27,66.69,68.21,66.69,67.81,1597365,148163248.00
2012-05-02,67.94,68.80,67.45,68.79,1930837,180081648.00
2012-05-03,68.80,69.46,68.37,69.29,1245770,117944456.00
2012-05-04,69.29,70.52,68.51,70.44,1692977,160767296.00
2012-05-07,70.44,72.74,70.03,72.71,1922891,188156608.00
2012-05-08,72.71,74.60,71.36,73.60,1257758,125417472.00
2012-05-09,73.87,73.87,71.93,72.41,1005134,100016840.00
2012-05-10,72.44,72.68,71.51,71.58,768235,75657280.00
2012-05-11,71.29,72.29,71.29,71.32,608837,59790448.00
2012-05-14,71.69,72.02,70.92,71.12,722017,70548888.00
2012-05-16,71.06,71.06,69.52,69.54,911306,87399824.00
2012-05-17,69.52,70.44,69.20,69.74,675236,64406604.00
2012-05-18,69.52,70.03,69.07,69.13,482910,45964296.00
2012-05-21,69.23,71.13,69.14,70.64,743013,71458080.00
2012-05-22,70.81,71.60,70.75,71.44,601287,58678048.00
2012-05-23,71.37,71.53,70.74,71.37,662982,64440820.00
2012-05-24,71.37,71.68,69.39,69.94,846454,81577112.00
2012-05-25,69.44,69.91,67.91,68.91,520210,49067372.00
2012-05-28,68.21,68.68,67.93,68.52,831766,77770888.00
2012-05-29,68.82,69.75,68.41,69.61,738273,69834280.00
2012-05-30,69.37,70.05,68.60,68.75,557742,52921516.00
2012-05-31,68.52,69.06,68.45,68.59,439278,41333376.00
2012-06-01,68.59,69.58,68.44,68.68,932820,88165808.00
2012-06-04,67.83,68.50,67.42,67.44,923521,85980392.00
2012-06-05,67.45,68.74,67.45,68.51,756288,70628640.00
2012-06-06,68.51,69.48,68.45,68.51,741705,70036392.00
2012-06-07,68.98,69.24,67.38,67.56,590179,54990708.00
2012-06-08,67.83,67.98,64.75,65.51,2075083,187530992.00
2012-06-11,65.53,66.78,65.44,65.91,1437174,129865376.00
2012-06-12,66.33,66.68,65.47,65.90,766299,69449256.00
2012-06-13,65.92,67.09,65.92,67.06,1541271,141068384.00
2012-06-14,67.08,68.97,66.30,68.60,1733226,161389808.00
2012-06-15,68.37,68.94,68.04,68.60,961425,90262640.00
2012-06-18,68.26,69.46,68.02,69.21,1418978,101483160.00
2012-06-19,69.15,69.56,68.65,69.12,1050234,75267824.00
2012-06-20,69.21,69.42,68.69,69.03,790266,56652240.00
2012-06-21,69.16,69.16,67.96,68.26,665756,47191828.00
2012-06-25,68.20,68.46,67.82,68.04,584316,41276076.00
2012-06-26,67.47,68.46,67.47,67.98,535015,37753940.00
2012-06-27,68.06,68.76,67.79,68.36,866192,61429616.00
2012-06-28,68.92,68.93,65.46,65.95,1104448,76860992.00
2012-06-29,66.36,66.36,63.76,64.72,1674903,112935896.00
2012-07-02,64.79,67.98,64.67,66.27,1965638,134909712.00
2012-07-03,66.27,66.45,65.36,65.66,1283942,87847944.00
2012-07-04,65.94,66.25,65.01,65.12,622733,42291240.00
2012-07-05,65.34,65.34,63.64,64.15,882587,58850412.00
2012-07-06,64.46,67.96,64.38,66.47,2567328,176698608.00
2012-07-09,66.62,70.16,66.62,67.55,3005759,213639744.00
2012-07-10,68.02,69.71,67.47,68.63,2314645,165295008.00
2012-07-11,68.63,69.21,67.26,68.96,1511849,107081568.00
2012-07-12,68.96,69.94,67.96,68.09,3239102,231516224.00
2012-07-13,67.60,67.73,66.16,66.86,2294087,159471760.00
2012-07-16,66.93,67.13,63.96,64.04,3735514,250802336.00
2012-07-17,64.04,64.36,61.81,62.06,2039515,132540984.00
2012-07-18,62.11,63.01,59.71,60.33,2739344,173882976.00
2012-07-19,60.32,60.74,59.46,60.46,2453627,153937680.00
2012-07-20,60.45,61.04,59.96,60.16,1091087,68747616.00
2012-07-23,59.76,59.76,57.96,58.48,1185991,72482384.00
2012-07-24,58.09,59.77,57.96,58.88,1073998,65978540.00
2012-07-25,58.88,59.65,58.79,58.79,690001,42601748.00
2012-07-26,58.78,59.58,58.35,58.88,855567,52726752.00
2012-07-27,59.07,60.06,58.96,59.72,955155,59248672.00
2012-07-30,59.76,60.26,59.06,59.06,580046,36049284.00
2012-07-31,59.06,59.56,58.46,58.56,592514,36504300.00
2012-08-01,58.46,59.22,58.39,58.72,717615,44011724.00
2012-08-02,58.60,58.65,57.46,57.48,1018294,61541588.00
2012-08-03,57.89,57.97,54.96,57.47,1707618,100766832.00
2012-08-06,56.98,58.94,56.17,58.53,1036337,62447104.00
2012-08-07,58.26,58.93,58.26,58.69,1040921,63717236.00
2012-08-08,58.66,58.93,58.26,58.56,1095595,67111216.00
2012-08-09,58.56,58.75,57.16,58.71,1900094,114862040.00
2012-08-10,58.26,58.34,52.59,52.69,11096033,627864768.00
2012-08-13,53.04,54.76,53.04,53.58,5698001,321113248.00
2012-08-14,53.71,53.73,52.66,53.32,2498722,139196544.00
2012-08-15,53.47,55.52,53.45,54.79,3891165,222593552.00
2012-08-16,54.96,54.98,53.26,53.50,2566209,145035024.00
2012-08-17,53.53,53.86,52.76,53.05,1208657,67230488.00
2012-08-20,53.04,53.24,51.84,52.50,1457128,79712464.00
2012-08-21,53.36,54.56,52.77,53.75,2653516,149393696.00
2012-08-22,53.76,53.95,52.76,52.94,1309005,72891248.00
2012-08-23,52.86,53.46,52.04,52.96,2068691,114067256.00
2012-08-24,52.91,52.91,52.05,52.29,839810,46067492.00
2012-08-27,52.31,52.31,51.18,51.21,1047647,56601580.00
2012-08-28,51.16,51.38,49.66,50.02,1226380,64756696.00
2012-08-29,49.86,49.86,48.26,48.31,1684053,86186472.00
2012-08-30,48.20,48.62,47.33,47.35,1485366,74535944.00
2012-08-31,47.42,47.71,47.19,47.36,936823,46787616.00
2012-09-03,47.47,48.36,47.36,48.15,2476198,125138888.00
2012-09-04,48.26,48.78,47.55,47.61,1316161,66424504.00
2012-09-05,47.56,47.71,46.86,47.37,1116278,55467700.00
2012-09-06,47.46,48.05,47.37,47.83,999079,50216332.00
2012-09-07,48.32,50.76,47.96,50.35,2869487,150072928.00
2012-09-10,50.36,50.79,49.62,49.76,2507045,131943144.00
2012-09-11,49.66,49.75,48.46,48.68,2067408,106114072.00
2012-09-12,48.72,49.46,48.32,48.89,1976918,101506144.00
2012-09-13,48.89,49.16,48.48,48.54,1312761,67382432.00
2012-09-14,48.76,49.31,48.38,48.86,1910059,97948152.00
2012-09-17,48.86,48.95,47.37,47.42,1362807,69110352.00
2012-09-18,47.26,47.28,45.63,45.78,2088749,102309584.00
2012-09-19,45.65,45.96,44.00,44.40,3326450,156659200.00
2012-09-20,44.26,44.26,42.31,42.45,3379168,154693632.00
2012-09-21,42.27,42.44,41.47,42.20,2068830,92106808.00
2012-09-24,41.59,42.94,41.38,42.44,2025525,90998640.00
2012-09-25,42.56,44.36,42.46,43.78,2582629,118968296.00
2012-09-26,43.96,44.06,41.47,41.91,1898250,86115904.00
2012-09-27,41.82,43.66,41.52,43.02,2483006,112131328.00
2012-09-28,42.76,44.22,42.56,44.22,2625896,120939552.00
2012-10-08,44.31,44.91,44.01,44.31,2338111,109770320.00
2012-10-09,44.46,45.68,44.46,45.48,2476162,118459384.00
2012-10-10,45.51,45.69,44.85,45.44,1395035,66714280.00
2012-10-11,45.44,45.91,44.98,45.26,1451521,69704968.00
2012-10-12,45.31,45.76,44.72,45.17,1031864,49311648.00
2012-10-15,45.17,46.23,45.05,45.61,1872296,90388528.00
2012-10-16,45.75,47.28,45.16,46.85,2770373,135821760.00
2012-10-17,46.71,46.77,45.74,46.16,1595557,77829544.00
2012-10-18,46.17,47.52,46.17,46.96,2906437,144167056.00
2012-10-19,47.06,48.26,47.06,48.08,2610370,131486576.00
2012-10-22,48.06,48.92,47.52,48.85,2284766,116197712.00
2012-10-23,48.84,49.14,46.57,46.75,2555953,128624240.00
2012-10-24,46.54,47.09,46.11,46.42,1564223,76768904.00
2012-10-25,46.41,46.59,45.24,45.29,1826558,88170200.00
2012-10-26,44.84,44.84,41.63,41.80,5737739,257951136.00
2012-10-29,41.45,41.61,40.36,41.46,3418145,147840160.00
2012-10-30,41.26,41.71,40.64,40.78,2003606,87443696.00
2012-10-31,40.91,41.30,40.73,41.15,1350529,58791396.00
2012-11-01,41.15,42.95,41.14,42.92,3568281,159252352.00
2012-11-02,42.93,42.96,42.07,42.34,2554256,114757840.00
2012-11-05,42.45,42.94,41.91,42.06,2072695,92866704.00
2012-11-06,41.96,42.06,40.78,41.46,1799336,78823416.00
2012-11-07,41.46,41.74,41.04,41.24,1411306,61917784.00
2012-11-08,40.85,41.36,40.46,40.88,1632870,70924472.00
2012-11-09,40.84,41.94,40.74,41.38,1624839,71573336.00
2012-11-12,41.47,41.72,40.76,41.09,1278416,55712408.00
2012-11-13,41.03,41.03,40.22,40.26,1368987,58929672.00
2012-11-14,40.23,40.51,38.98,39.71,1859237,78329536.00
2012-11-15,39.43,39.46,38.86,38.86,1250662,52179864.00
2012-11-16,38.72,39.00,37.68,38.05,1327345,53987528.00
2012-11-19,38.05,38.25,37.41,38.09,931004,37508204.00
2012-11-20,38.65,38.70,38.15,38.38,1044967,42847720.00
2012-11-21,38.76,38.84,37.92,38.83,856280,35065760.00
2012-11-22,38.70,38.81,38.06,38.75,784213,32172142.00
2012-11-23,38.48,40.46,38.48,40.35,2562710,109166656.00
2012-11-26,40.20,40.31,39.48,39.86,940770,39955592.00
2012-11-27,39.58,40.44,39.46,39.63,1311393,55718104.00
2012-11-28,39.61,39.85,38.16,39.69,1440224,59759284.00
2012-11-29,39.68,40.01,39.46,39.60,852223,36027724.00
2012-11-30,39.61,39.88,38.48,38.58,1056025,43929284.00
2012-12-03,38.48,38.48,35.16,35.27,2434652,95328496.00
2012-12-04,34.47,36.09,34.47,35.85,1508750,56956856.00
2012-12-05,35.46,37.36,35.27,36.56,2658920,104220312.00
2012-12-06,36.46,38.00,35.74,37.39,2116636,83407280.00
2012-12-07,37.38,37.93,36.84,37.78,1767877,70847112.00
2012-12-10,37.70,41.16,37.46,40.59,4377319,184534592.00
2012-12-11,40.34,42.23,39.96,41.16,3686080,161851856.00
2012-12-12,40.96,41.36,40.14,40.51,1623017,70022984.00
2012-12-13,40.48,40.92,39.96,40.20,1180020,50634340.00
2012-12-14,40.17,42.44,40.09,42.41,2933385,130314208.00
2012-12-17,42.42,43.44,41.77,42.94,2967094,134121488.00
2012-12-18,42.84,44.34,42.07,43.50,3085601,141695744.00
2012-12-19,43.43,45.21,43.22,44.35,2858083,134237664.00
2012-12-20,44.32,44.32,42.96,43.58,2221478,102221952.00
2012-12-21,43.58,43.89,42.77,43.23,1802903,82405656.00
2012-12-24,43.15,43.53,41.91,42.39,1993284,89488600.00
2012-12-25,42.25,43.46,41.90,42.93,2555715,115792664.00
2012-12-26,42.95,43.96,42.71,43.95,2217877,102078504.00
2012-12-27,44.05,44.96,43.15,44.66,3121405,145523600.00
2012-12-28,44.46,45.06,44.21,44.96,2205293,104239544.00
2012-12-31,44.84,45.71,44.06,44.46,2792141,132028752.00
2013-01-04,44.53,45.14,44.16,44.49,2578341,121538848.00
2013-01-07,44.45,45.69,44.06,44.80,2412331,114480120.00
2013-01-08,44.75,46.04,44.71,45.66,2594945,124927352.00
2013-01-09,45.61,46.96,45.51,45.95,3082467,150327952.00
2013-01-10,45.76,46.18,45.47,45.92,1959691,94585392.00
2013-01-11,46.00,46.20,43.81,43.92,2448820,115837400.00
2013-01-14,43.62,44.92,43.46,44.81,2497180,117674016.00
2013-01-15,45.16,45.16,43.44,44.20,5057638,235737664.00
2013-01-16,44.17,44.17,42.65,43.14,4040379,185037600.00
2013-01-17,43.06,44.03,43.06,43.43,2120834,97695632.00
2013-01-18,43.63,43.72,42.63,43.14,2719005,123924192.00
2013-01-21,43.27,43.41,42.41,42.48,3030843,137054240.00
2013-01-22,42.51,42.66,41.48,42.11,3344919,148710480.00
2013-01-23,41.95,44.74,41.66,44.74,5669033,261787088.00
2013-01-24,44.78,44.99,43.58,44.16,4049796,189402560.00
2013-01-25,44.16,44.16,42.46,42.96,1969462,89745984.00
2013-01-28,42.61,42.61,41.36,41.46,5330559,235963392.00
2013-01-29,41.46,41.55,39.96,40.53,6486193,279321184.00
2013-01-30,40.77,41.35,40.58,41.06,4303277,186932112.00
2013-01-31,41.09,41.36,40.26,40.41,2349644,101147544.00
2013-02-01,40.47,41.02,40.44,40.65,2368587,102400832.00
2013-02-04,40.65,40.74,39.44,39.63,3380578,143045888.00
2013-02-05,39.51,40.67,39.42,40.61,3377670,144277568.00
2013-02-06,40.58,40.74,40.38,40.66,2237274,96421176.00
2013-02-07,40.71,40.72,39.96,40.36,2344848,100684632.00
2013-02-08,40.36,41.29,40.26,40.45,3198261,138807920.00
2013-02-18,40.47,40.65,39.96,40.04,2436115,104072560.00
2013-02-19,40.01,42.29,39.76,42.06,6571826,289726592.00
2013-02-20,41.61,43.07,41.37,42.86,5620558,253225920.00
2013-02-21,42.81,44.64,42.46,43.80,6709567,310679712.00
2013-02-22,43.80,45.82,43.80,45.61,7361710,352050944.00
2013-02-25,45.63,45.63,43.67,43.96,4367770,204367424.00
2013-02-26,43.71,44.54,42.11,42.32,4182567,191895600.00
2013-02-27,42.26,43.05,41.81,41.94,2480778,110996752.00
2013-02-28,41.99,42.47,40.96,42.38,3145756,139149264.00
2013-03-01,42.45,43.22,42.11,42.84,2258947,102203816.00
2013-03-04,42.76,44.26,41.86,42.06,3104789,142578352.00
2013-03-05,41.76,43.74,41.76,43.46,2966783,135692496.00
2013-03-06,43.49,43.93,42.79,43.91,3316782,152099616.00
2013-03-07,43.94,45.06,43.23,43.95,4080526,191156432.00
2013-03-08,44.17,44.29,42.99,42.99,1901912,87498512.00
2013-03-11,42.68,42.86,41.96,42.16,1437817,64486792.00
2013-03-12,42.17,42.55,39.76,40.34,3750034,162636528.00
2013-03-13,40.24,40.44,38.56,39.11,3466605,144882928.00
2013-03-14,38.89,39.35,38.26,38.38,2142999,88237624.00
2013-03-15,38.19,38.99,37.71,38.02,2839196,115759160.00
2013-03-18,38.06,38.31,36.21,36.37,3429381,134872000.00
2013-03-19,36.41,36.76,35.09,36.08,2559084,98298136.00
2013-03-20,36.26,36.91,36.26,36.84,2888023,113206528.00
2013-03-21,36.88,36.91,36.09,36.29,2925792,114000224.00
2013-03-22,36.30,37.33,36.26,36.35,3165461,124381216.00
2013-03-25,36.41,37.06,36.41,36.81,1895879,74555840.00
2013-03-26,36.81,37.19,36.26,36.90,1964694,77238128.00
2013-03-27,36.85,36.89,34.76,34.87,5290788,201271184.00
2013-03-28,34.89,34.89,33.46,34.03,3528617,128822648.00
2013-03-29,34.07,34.25,33.48,33.58,2392560,86750312.00
2013-04-01,33.49,33.85,32.88,32.98,1892172,67493656.00
2013-04-02,33.02,33.45,32.76,33.27,1465208,52354148.00
2013-04-03,33.32,33.62,33.16,33.34,1346242,48317940.00
2013-04-08,33.12,34.52,32.76,34.42,2832576,103002760.00
2013-04-09,34.46,34.60,33.96,34.13,1846750,67983024.00
2013-04-10,34.17,35.43,34.07,34.97,2919101,109412096.00
2013-04-11,34.96,35.04,34.49,34.91,1478119,55197772.00
2013-04-12,34.86,35.31,34.63,34.96,1602123,60020448.00
2013-04-15,34.79,34.79,33.36,33.37,1683509,61172120.00
2013-04-16,33.11,33.84,32.76,33.61,1170461,41843328.00
2013-04-17,33.79,34.05,33.55,33.81,1145840,41575324.00
2013-04-18,33.75,34.08,33.34,33.47,1175517,42499792.00
2013-04-19,33.86,36.64,33.48,36.35,4809830,182843648.00
2013-04-22,35.91,36.42,35.06,35.87,3651262,139600560.00
2013-04-23,35.86,35.86,34.46,34.56,2286824,86124880.00
2013-04-24,34.67,35.35,34.39,34.99,1786111,66705812.00
2013-04-25,34.99,35.01,33.89,33.94,2767550,101823296.00
2013-04-26,34.12,34.31,33.36,33.45,1825552,66059632.00
2013-05-02,33.41,33.46,32.85,33.06,1613337,57476796.00
2013-05-03,33.11,34.22,33.06,33.70,1425603,51721764.00
2013-05-06,33.96,34.75,33.68,34.75,2396989,88408512.00
2013-05-07,34.79,35.24,34.36,35.05,2800779,105020816.00
2013-05-08,35.07,35.31,34.24,34.89,2797880,103960200.00
2013-05-09,34.69,35.46,34.62,34.95,2793648,105035528.00
2013-05-10,34.96,35.14,34.67,35.00,1839598,68893304.00
2013-05-13,35.04,36.12,35.01,35.39,2915976,111155368.00
2013-05-14,35.35,35.35,34.16,34.41,2057704,76351016.00
2013-05-15,34.46,35.00,34.36,34.56,1233176,45941752.00
2013-05-16,34.58,36.03,34.16,35.63,3434141,130523232.00
2013-05-17,35.76,36.96,35.76,36.86,4545127,177672592.00
2013-05-20,37.31,40.34,36.98,39.79,8912068,369569344.00
2013-05-21,39.56,39.74,38.61,39.27,4780218,199216256.00
2013-05-22,38.86,40.65,38.86,39.77,4149002,176123824.00
2013-05-23,39.93,41.50,39.50,40.11,4337578,187010256.00
2013-05-24,40.03,40.88,39.21,40.12,3685227,155835296.00
2013-05-27,39.88,39.95,39.23,39.33,2686744,112618896.00
2013-05-28,39.26,39.26,36.90,38.50,4921599,200835856.00
2013-05-29,38.56,38.92,38.19,38.26,2535224,104069368.00
2013-05-30,38.16,38.57,37.73,38.57,2042688,83178864.00
2013-05-31,38.65,39.70,38.24,39.30,4015109,167013824.00
2013-06-03,39.51,40.22,38.77,38.84,3601647,151642000.00
2013-06-04,38.61,38.75,37.71,37.86,2858555,116029128.00
2013-06-05,38.56,41.90,38.46,41.90,8358256,361324416.00
2013-06-06,43.34,43.58,41.46,41.75,15943808,720225344.00
2013-06-07,41.35,41.95,38.77,39.51,8855625,378179008.00
2013-06-13,38.96,39.03,36.52,36.73,5663651,225095408.00
2013-06-14,36.77,37.34,35.85,36.66,4596751,179332192.00
2013-06-17,36.62,36.76,35.71,35.94,2892857,111822848.00
2013-06-18,35.98,36.74,35.86,36.33,2561389,99426592.00
2013-06-19,36.16,37.19,35.01,36.74,4183434,161020000.00
2013-06-20,36.33,36.63,35.05,35.09,2653624,101759208.00
2013-06-21,34.24,35.42,34.04,34.85,2111451,78975816.00
2013-06-24,34.66,34.66,32.62,32.67,3358740,120937560.00
2013-06-25,32.56,32.88,29.46,31.86,3639169,124444584.00
2013-06-26,31.96,32.41,31.01,32.31,2548531,87653088.00
2013-06-27,32.44,32.81,31.33,31.33,2313824,80423664.00
2013-06-28,31.24,32.41,30.96,31.60,1925940,65942884.00
2013-07-01,31.60,31.86,30.23,31.05,2794502,93468728.00
2013-07-02,32.66,33.36,32.01,32.58,4809729,168844752.00
2013-07-03,32.46,33.96,32.07,33.68,4860175,175004176.00
2013-07-04,33.46,33.56,32.66,33.56,2888921,103187872.00
2013-07-05,33.47,33.55,32.87,32.95,2098721,74971776.00
2013-07-08,32.45,32.82,31.27,31.99,2543236,87589416.00
2013-07-09,31.47,31.96,31.34,31.56,1740469,59526596.00
2013-07-10,31.56,32.21,31.12,32.16,2567172,87611688.00
2013-07-11,32.35,33.94,31.96,33.57,4369474,150692800.00
2013-07-12,33.56,33.79,32.67,32.71,3037462,105271280.00
2013-07-15,32.72,33.31,32.59,33.03,2455940,84398880.00
2013-07-16,33.01,33.66,32.41,33.48,3551876,123052624.00
2013-07-17,33.36,33.38,32.52,32.71,2646508,90913152.00
2013-07-18,32.55,32.55,31.59,31.88,2203970,73774232.00
2013-07-19,31.85,32.07,30.87,30.91,2524537,83102744.00
2013-07-22,30.76,31.05,29.83,30.95,1737301,55470116.00
2013-07-23,30.95,31.76,30.89,31.48,2051157,67477736.00
2013-07-24,31.58,31.73,30.60,31.05,1646103,53614864.00
2013-07-25,30.96,31.90,30.46,31.18,2965087,96836416.00
2013-07-26,31.05,31.05,30.42,30.73,1498781,48080484.00
2013-07-29,30.26,30.43,29.52,29.68,2349678,73721376.00
2013-07-30,29.61,30.38,29.57,29.78,1734741,54393640.00
2013-07-31,29.78,30.53,29.78,30.36,1856095,58459528.00
2013-08-01,30.36,30.57,30.07,30.57,2015032,64142492.00
2013-08-02,30.81,31.03,30.55,30.75,2045131,65842204.00
2013-08-05,30.75,30.94,30.39,30.83,1933346,62090376.00
2013-08-06,30.83,31.14,30.49,31.03,2276239,73373392.00
2013-08-07,30.86,31.74,30.80,31.36,3283060,107692152.00
2013-08-08,31.35,31.38,30.85,30.89,1474600,47948736.00
2013-08-09,30.88,31.14,30.46,30.76,1502875,48367180.00
2013-08-12,30.96,32.11,30.86,32.08,4002028,132705064.00
2013-08-13,32.11,32.13,31.71,31.92,1813597,60451532.00
2013-08-14,31.96,32.30,31.59,31.70,2105816,70244824.00
2013-08-15,31.62,32.16,31.62,31.86,2174455,72543744.00
2013-08-16,31.81,32.41,31.36,31.66,2584217,85799472.00
2013-08-19,31.54,31.73,31.21,31.68,1328077,43725460.00
2013-08-20,31.71,31.72,31.16,31.20,1640142,53896744.00
2013-08-21,31.21,31.49,31.07,31.42,1041262,34110852.00
2013-08-22,31.39,31.55,31.17,31.25,1448573,47481408.00
2013-08-23,31.32,31.46,30.47,30.68,1758798,56917964.00
2013-08-26,30.68,31.12,30.49,31.12,1469590,47434344.00
2013-08-27,31.08,31.55,30.96,31.45,1707226,55877432.00
2013-08-28,31.06,31.07,30.51,30.64,2402050,77247456.00
2013-08-29,30.52,30.55,29.86,29.91,3445772,108646544.00
2013-08-30,29.70,30.13,29.66,29.85,1733744,54292240.00
2013-09-02,29.91,30.05,28.87,29.34,3122969,95881008.00
2013-09-03,29.26,29.98,29.26,29.79,1908546,59290836.00
2013-09-04,29.74,30.13,29.59,30.07,1505593,47267088.00
2013-09-05,29.96,30.02,29.67,29.74,1253126,39155068.00
2013-09-06,29.73,30.06,29.59,29.86,1237939,38617484.00
2013-09-09,29.91,30.30,29.81,30.17,2805949,88473704.00
2013-09-10,30.18,30.50,30.07,30.39,2397369,75974816.00
2013-09-11,30.39,31.25,30.23,31.14,4009197,129369640.00
2013-09-12,31.16,31.70,31.15,31.41,3809641,125328744.00
2013-09-13,31.46,32.21,31.26,31.88,3399541,113199424.00
2013-09-16,31.87,31.98,30.93,31.02,2201470,72212464.00
2013-09-17,31.06,31.06,30.30,30.49,2010210,64327788.00
2013-09-18,30.37,30.50,30.06,30.41,1244264,39428172.00
2013-09-23,30.46,30.50,30.06,30.45,1741867,55213092.00
2013-09-24,30.52,30.68,29.69,30.06,1629217,51372916.00
2013-09-25,30.00,30.52,29.75,29.76,1437102,45292032.00
2013-09-26,29.66,30.24,29.66,29.84,1319383,41422844.00
2013-09-27,29.84,30.05,29.67,29.94,1088011,34071024.00
2013-09-30,29.95,30.91,29.94,30.26,2216772,70632032.00
2013-10-08,30.30,30.39,29.86,30.22,1458312,46017012.00
2013-10-09,30.06,30.55,30.00,30.28,1252233,39600016.00
2013-10-10,30.38,30.43,29.65,29.78,1858336,58301296.00
2013-10-11,29.82,30.12,29.65,29.90,1656620,51917720.00
2013-10-14,29.94,31.21,29.90,30.96,3717227,119623176.00
2013-10-15,31.16,31.16,30.59,31.16,2155367,69675384.00
2013-10-16,31.26,31.55,30.66,30.76,2393494,77687320.00
2013-10-17,30.96,31.54,30.71,30.80,2395181,78097936.00
2013-10-18,30.95,30.95,30.16,30.42,1781814,56792772.00
2013-10-21,30.30,30.68,29.86,30.68,1746135,55352384.00
2013-10-22,29.77,30.23,29.59,29.82,3584549,112130136.00
2013-10-23,29.87,29.93,29.06,29.22,2449315,75744840.00
2013-10-24,29.22,29.22,28.61,28.86,2301022,69531488.00
2013-10-25,28.84,28.84,27.86,27.92,2659766,79220216.00
2013-10-28,27.93,27.94,26.74,26.91,2289911,65663140.00
2013-10-29,26.91,27.12,26.26,26.55,2013847,56560256.00
2013-10-30,26.56,26.81,26.46,26.77,1194217,33555768.00
2013-10-31,26.77,27.82,26.46,27.46,2676086,76954056.00
2013-11-01,27.16,27.61,26.82,27.24,1389498,39730524.00
2013-11-04,27.31,27.49,27.23,27.31,889401,25620154.00
2013-11-05,27.34,27.35,26.81,27.35,916474,26085398.00
2013-11-06,27.35,27.91,27.01,27.62,1998000,57868576.00
2013-11-07,27.39,27.72,27.15,27.21,1124338,32405292.00
2013-11-08,27.37,27.52,26.67,26.78,1278650,36358228.00
2013-11-11,26.69,27.35,26.37,27.27,1497363,42595320.00
2013-11-12,27.33,28.80,27.10,28.17,3253394,96140128.00
2013-11-13,28.06,28.33,27.31,27.41,2494582,72890256.00
2013-11-14,27.39,27.55,27.00,27.47,1266221,36368764.00
2013-11-15,27.48,28.06,27.23,27.61,1710268,49846272.00
2013-11-18,27.56,28.09,27.44,28.05,2141011,62512896.00
2013-11-19,28.04,28.40,27.74,27.86,1806560,53148864.00
2013-11-20,28.16,28.22,27.69,27.90,1422389,41666976.00
2013-11-21,27.75,27.75,27.10,27.26,2032543,58491584.00
2013-11-22,27.35,27.44,27.13,27.13,1386401,39815744.00
2013-11-25,27.13,27.64,27.02,27.37,1247780,36000748.00
2013-11-26,27.42,27.50,27.01,27.18,1094530,31322446.00
2013-11-27,27.16,27.33,26.96,27.24,1362558,38950160.00
2013-11-28,27.36,27.91,27.26,27.74,2269444,66077804.00
2013-11-29,27.74,27.79,27.34,27.50,1778049,51476872.00
2013-12-02,27.06,27.41,26.56,26.73,2968024,84520984.00
2013-12-03,26.71,27.04,26.51,26.95,2120993,59808936.00
2013-12-04,26.88,27.38,26.78,27.16,2121534,60782196.00
2013-12-05,27.06,27.49,26.99,27.44,1558918,44772388.00
2013-12-06,27.36,27.69,27.31,27.66,1916610,55622960.00
2013-12-09,27.64,27.88,27.26,27.73,1971095,57323244.00
2013-12-10,27.74,27.79,27.36,27.38,1459433,42167000.00
2013-12-11,27.18,27.76,27.10,27.46,1656489,47861324.00
2013-12-12,27.44,27.60,27.31,27.41,1047728,30330850.00
2013-12-13,27.13,27.70,27.12,27.46,955972,27626522.00
2013-12-16,27.41,27.61,26.75,26.76,1394773,39743668.00
2013-12-17,26.77,26.95,26.57,26.62,962769,27160078.00
2013-12-18,26.66,26.85,26.56,26.60,819172,23031548.00
2013-12-19,26.83,26.83,26.11,26.13,1811030,50276660.00
2013-12-20,26.13,26.29,25.50,25.53,1641416,44616264.00
2013-12-23,25.53,25.61,25.16,25.36,953450,25600324.00
2013-12-24,25.56,25.69,25.35,25.43,738952,19932982.00
2013-12-25,25.45,25.67,25.36,25.56,701867,18952886.00
2013-12-26,25.69,25.69,24.76,24.83,1440744,38290340.00
2013-12-27,24.84,25.50,24.80,25.24,1000526,26601654.00
2013-12-30,25.33,25.46,24.91,24.99,1100260,29244286.00
2013-12-31,24.82,26.05,24.82,25.56,3599741,97500120.00
2014-01-02,25.46,25.54,25.12,25.28,1366860,36536500.00
2014-01-03,25.28,25.28,24.86,24.91,1364897,36048104.00
2014-01-06,24.99,25.02,23.96,24.11,1924356,49580224.00
2014-01-07,24.06,24.35,23.93,24.19,869841,22283280.00
2014-01-08,24.19,24.39,23.65,23.71,1825082,46280804.00
2014-01-09,23.62,24.29,23.49,23.56,1755918,44430628.00
2014-01-10,23.77,23.79,23.31,23.31,1307277,32706086.00
2014-01-13,23.32,23.70,23.32,23.60,1145389,28617344.00
2014-01-14,23.67,23.93,23.57,23.78,1279344,32222638.00
2014-01-15,23.80,23.83,22.98,23.07,2299614,56660620.00
2014-01-16,23.06,23.54,22.97,23.21,1301352,32135022.00
2014-01-17,23.18,23.30,22.56,22.81,1656318,40150312.00
2014-01-20,22.77,23.11,22.66,22.92,1266219,30861420.00
2014-01-21,22.93,23.11,22.76,22.94,1054557,25737644.00
2014-01-22,22.86,23.71,22.83,23.71,1923555,47917632.00
2014-01-23,23.64,23.89,23.57,23.77,1833365,46184596.00
2014-01-24,23.72,24.19,23.64,23.91,1328665,33790904.00
2014-01-27,23.87,24.14,23.59,23.63,1570628,39611880.00
2014-01-28,23.62,23.90,23.13,23.37,1526000,37837616.00
2014-01-29,23.39,23.44,22.97,23.11,1291330,31705128.00
2014-01-30,23.01,23.23,22.67,22.74,1192986,29064368.00
2014-02-07,22.73,22.73,22.36,22.54,1579028,37751652.00
2014-02-10,22.54,23.06,22.54,23.00,2136424,51904680.00
2014-02-11,22.92,23.41,22.68,23.38,2537441,62307380.00
2014-02-12,23.36,23.37,23.06,23.30,1394986,34383572.00
2014-02-13,23.31,23.86,23.22,23.56,3085773,77431320.00
2014-02-14,23.56,24.73,23.46,24.56,4371926,112102488.00
2014-02-17,24.56,25.94,24.46,25.79,5528076,148516752.00
2014-02-18,25.66,25.71,24.96,25.16,3283971,87603688.00
2014-02-19,25.16,26.89,25.14,26.55,5638394,156307648.00
2014-02-20,26.56,27.14,25.35,25.89,3796400,104750600.00
2014-02-21,25.61,26.01,24.86,25.09,2971444,79286104.00
2014-02-24,24.88,25.09,24.36,24.91,1870065,48929424.00
2014-02-25,24.91,25.18,23.94,24.00,1837864,47683608.00
2014-02-26,24.01,24.14,23.58,24.14,1583607,40093044.00
2014-02-27,24.15,24.74,24.00,24.63,2221750,57315212.00
2014-02-28,24.46,25.53,24.34,25.32,2254319,60041372.00
2014-03-03,25.08,25.29,24.63,24.95,2100284,55221000.00
2014-03-04,24.79,24.80,23.85,24.27,2129360,54875560.00
2014-03-05,24.24,25.10,23.96,24.70,1875746,48808992.00
2014-03-06,24.68,24.68,23.98,24.31,1440755,37020120.00
2014-03-07,24.17,24.51,23.96,24.26,1371585,35205596.00
2014-03-10,24.06,24.10,22.98,23.00,1807025,44697692.00
2014-03-11,23.00,23.52,22.84,23.34,1619623,39984368.00
2014-03-12,23.06,23.93,23.06,23.42,1715529,42913060.00
2014-03-13,23.36,25.86,23.26,25.28,4625004,121604304.00
2014-03-14,24.96,25.22,24.56,24.93,2180185,57304568.00
2014-03-17,25.02,25.22,24.74,25.12,2040666,53864088.00
2014-03-18,25.16,26.00,24.96,25.27,3673489,99477440.00
2014-03-19,25.16,25.16,24.42,24.90,2093471,54821144.00
2014-03-20,24.86,24.98,23.88,23.88,2000544,51826560.00
2014-03-21,23.65,24.76,23.40,24.59,1916471,48931780.00
2014-03-24,24.59,25.24,24.59,25.05,2047049,53995676.00
2014-03-25,25.05,25.05,24.42,24.77,1744625,45690864.00
2014-03-26,24.85,25.00,24.56,24.63,858914,22453058.00
2014-03-27,24.45,24.75,24.12,24.15,1234200,31877642.00
2014-03-28,24.14,24.24,23.64,23.82,1452147,36734796.00
2014-03-31,23.84,24.03,23.61,23.70,841969,21281254.00
2014-04-01,23.74,24.16,23.66,24.10,942511,23998084.00
2014-04-02,24.16,24.96,24.16,24.75,2482179,64858308.00
2014-04-03,24.66,25.00,24.42,24.50,1528569,40045192.00
2014-04-04,24.32,24.98,24.26,24.97,1287598,33807660.00
2014-04-08,24.72,25.44,24.72,25.25,2253361,60159136.00
2014-04-09,25.29,25.66,24.96,25.19,1852732,49439308.00
2014-04-10,25.19,25.30,24.97,25.25,2175878,57814028.00
2014-04-11,25.24,26.03,25.06,25.81,3447769,93738400.00
2014-04-14,25.58,25.72,25.37,25.52,1460066,39330580.00
2014-04-15,25.51,25.51,24.93,24.98,1430961,38074032.00
2014-04-16,24.98,25.42,24.84,25.29,1225377,32613888.00
2014-04-17,25.30,25.41,25.08,25.10,976695,26076738.00
2014-04-18,25.06,25.38,24.79,25.20,899319,23917694.00
2014-04-21,24.98,25.20,24.27,24.42,1812525,47561040.00
2014-04-22,24.29,24.55,24.16,24.52,970139,25024192.00
2014-04-23,24.49,25.04,24.34,24.95,1458699,38371468.00
2014-04-24,24.81,25.12,24.37,24.46,1112447,29111228.00
2014-04-25,24.35,24.77,23.59,23.61,1584005,40260088.00
2014-04-28,23.16,23.51,23.11,23.33,1410421,34935408.00
2014-04-29,23.22,23.56,23.22,23.49,968067,24030230.00
2014-04-30,23.40,23.53,23.26,23.44,716641,17780206.00
2014-05-05,23.44,23.49,22.76,23.04,1468064,35830028.00
2014-05-06,23.04,23.45,22.96,23.34,871463,21548636.00
2014-05-07,23.25,23.29,22.85,22.92,1298837,31782770.00
2014-05-08,22.81,23.36,22.71,22.83,936553,22985264.00
2014-05-09,22.83,23.66,22.83,23.20,1209068,29885972.00
2014-05-12,23.31,24.36,23.28,23.93,2058752,52243440.00
2014-05-13,24.04,24.64,23.95,24.14,2247711,57828868.00
2014-05-14,24.14,24.35,23.88,24.00,1131773,28941314.00
2014-05-15,23.96,24.21,23.66,23.66,887173,22554700.00
2014-05-16,23.67,24.24,23.64,24.19,978358,24795790.00
2014-05-19,24.15,24.20,23.30,23.54,1346380,33651144.00
2014-05-20,23.62,23.84,23.44,23.52,729236,18284508.00
2014-05-21,23.36,23.92,23.05,23.87,771955,19348392.00
2014-05-22,23.86,24.25,23.75,23.76,877437,22305214.00
2014-05-23,23.62,24.04,23.62,23.86,589322,14905232.00
2014-05-26,24.16,24.51,23.99,24.36,1200449,30895172.00
2014-05-27,24.35,24.66,24.17,24.36,969764,25148784.00
2014-05-28,24.37,24.59,24.27,24.53,1183649,30619678.00
2014-05-29,24.58,24.63,23.86,23.92,1061500,27187244.00
2014-05-30,23.82,24.10,23.64,23.77,919241,23238064.00
2014-06-03,23.82,23.98,23.62,23.78,623759,15716086.00
2014-06-04,23.77,23.80,23.44,23.46,712371,17787130.00
2014-06-05,23.45,23.90,23.37,23.86,708268,17779038.00
2014-06-06,23.86,23.97,23.36,23.49,708137,17753010.00
2014-06-09,23.35,23.78,23.35,23.39,731948,18292230.00
2014-06-10,23.53,23.83,23.40,23.72,693075,17378466.00
2014-06-11,23.75,23.75,23.46,23.72,530629,13318495.00
2014-06-12,23.72,23.72,23.50,23.59,926119,23157478.00
2014-06-13,23.52,23.84,23.41,23.71,1403271,35200072.00
2014-06-16,23.67,23.91,23.66,23.86,1317411,33252548.00
2014-06-17,23.81,23.84,23.06,23.07,2784889,68939728.00
2014-06-18,23.04,23.19,22.97,23.03,1118808,27399864.00
2014-06-19,23.09,23.09,22.10,22.26,2627529,63067240.00
2014-06-20,22.32,22.35,22.02,22.34,1160318,27442290.00
2014-06-23,22.36,22.64,22.35,22.40,1038600,24836074.00
2014-06-24,22.44,22.95,22.43,22.71,1344596,32472824.00
2014-06-25,22.70,22.70,22.36,22.51,849996,20335596.00
2014-06-26,22.61,22.72,22.52,22.59,955095,22962834.00
2014-06-27,22.57,22.66,22.40,22.57,1191955,28571408.00
2014-06-30,22.56,22.75,22.54,22.67,1582772,38067404.00
2014-07-01,22.67,22.71,22.54,22.61,1135987,27300192.00
2014-07-02,22.64,23.33,22.64,23.28,2924101,71430296.00
2014-07-03,23.10,23.25,22.95,23.08,1754104,42965784.00
2014-07-04,23.06,23.14,22.72,22.77,1612339,39163060.00
2014-07-07,22.77,22.86,22.65,22.71,1295751,31296544.00
2014-07-08,22.71,22.91,22.63,22.86,948387,22973414.00
2014-07-09,22.86,22.90,22.52,22.53,1588041,38252412.00
2014-07-10,22.51,22.65,22.44,22.48,1065151,25536910.00
2014-07-11,22.56,22.80,22.54,22.70,1323805,31263910.00
2014-07-14,22.70,23.41,22.56,23.36,3210424,76922552.00
2014-07-15,23.18,24.26,23.17,23.86,6506791,161313232.00
2014-07-16,23.72,23.80,23.36,23.46,2534141,62061644.00
2014-07-17,23.53,23.60,23.25,23.38,1448164,35216256.00
2014-07-18,23.42,24.19,23.36,23.87,3890046,96710248.00
2014-07-21,23.95,23.97,23.52,23.60,1889575,46633800.00
2014-07-22,23.54,23.85,23.47,23.69,1733904,42669480.00
2014-07-23,23.70,23.96,23.57,23.71,2042312,50350200.00
2014-07-24,23.95,24.37,23.65,24.18,3760593,94212424.00
2014-07-25,24.18,24.52,24.12,24.47,3973181,100334056.00
2014-07-28,24.45,25.91,24.42,25.87,8048845,211617808.00
2014-07-29,25.92,26.08,25.55,25.85,4700826,125811944.00
2014-07-30,25.75,25.83,25.32,25.52,2865945,75879512.00
2014-07-31,25.51,26.17,25.46,26.15,3164975,85149960.00
2014-08-01,26.06,27.05,25.57,25.79,4847639,132668016.00
2014-08-04,25.79,27.21,25.66,27.04,6521421,181120880.00
2014-08-05,26.67,27.50,26.67,27.34,5383138,151366352.00
2014-08-06,27.21,27.74,26.89,27.33,3605341,102082232.00
2014-08-07,27.28,28.30,27.16,27.31,4815492,138008416.00
2014-08-08,27.46,28.28,27.34,27.95,4692175,135231136.00
2014-08-11,28.08,28.26,27.67,28.05,2312180,66773644.00
2014-08-12,27.86,27.89,27.16,27.27,3439460,97362664.00
2014-08-13,27.14,27.84,27.14,27.84,3443720,98444960.00
2014-08-14,27.61,27.84,27.14,27.43,2648964,75252896.00
2014-08-15,27.36,27.86,27.23,27.58,2582060,73541296.00
2014-08-18,27.57,28.86,27.57,28.71,3749716,110052696.00
2014-08-19,28.67,28.68,27.96,28.42,3131016,91420256.00
2014-08-20,28.26,29.06,28.07,28.48,2459911,72848832.00
2014-08-21,28.36,28.47,27.52,27.85,3807767,109629424.00
2014-08-22,27.91,27.97,27.36,27.64,2583126,73913312.00
2014-08-25,27.61,28.08,27.46,27.76,2467553,70928152.00
2014-08-26,27.82,28.55,27.52,27.71,3021932,87807352.00
2014-08-27,27.72,28.86,27.71,28.83,3997449,117665576.00
2014-08-28,28.81,28.81,27.86,27.87,2665990,78060320.00
2014-08-29,27.85,28.96,27.83,28.95,3003503,88719896.00
2014-09-01,29.07,30.09,29.07,29.48,4231741,129361568.00
2014-09-02,29.61,30.66,29.47,30.51,4019930,125519976.00
2014-09-03,30.36,31.91,30.29,31.64,4914800,158678640.00
2014-09-04,31.71,31.73,30.86,31.28,2928991,94052128.00
2014-09-05,31.28,31.56,30.56,30.98,3407639,108722496.00
2014-09-09,30.79,31.38,30.20,30.41,3595258,113190768.00
2014-09-10,30.27,31.16,30.14,30.98,2240859,71207648.00
2014-09-11,30.98,31.02,30.26,30.47,2540864,80228880.00
2014-09-12,30.46,30.73,30.26,30.61,1438959,45282928.00
2014-09-15,30.69,30.69,29.76,30.33,3171684,98619648.00
2014-09-16,30.36,30.45,29.30,29.41,2223822,68549856.00
2014-09-17,29.45,29.75,29.07,29.25,2323133,70517864.00
2014-09-18,29.26,30.01,29.09,29.80,1848524,56661544.00
2014-09-19,29.81,30.33,29.63,30.30,2132555,66205084.00
2014-09-22,30.16,30.19,29.08,29.24,1775007,54045424.00
2014-09-23,29.56,29.86,29.47,29.57,1753061,53631284.00
2014-09-24,29.56,30.50,29.38,30.33,2210477,68560344.00
2014-09-25,30.50,30.74,29.97,30.15,2032385,63610280.00
2014-09-26,30.08,30.11,29.62,29.74,1450539,44552432.00
2014-09-29,29.73,30.01,29.67,29.74,1475798,45360856.00
2014-09-30,29.74,30.06,29.71,29.92,1552549,47887448.00
2014-10-08,30.05,30.06,29.27,29.63,2068215,62927032.00
2014-10-09,29.64,29.84,29.32,29.36,2061565,62811784.00
2014-10-10,29.26,29.52,28.99,29.44,2980535,90076264.00
2014-10-13,29.26,29.36,28.48,28.60,2459999,72967296.00
2014-10-14,28.56,28.73,28.39,28.64,1455674,42927340.00
2014-10-15,28.57,29.04,28.48,28.97,1611927,47995220.00
2014-10-16,28.86,29.26,28.68,28.68,1668619,49889992.00
2014-10-17,28.65,28.86,27.73,28.62,3007206,87970176.00
2014-10-20,28.56,29.17,28.51,29.10,2142200,63986488.00
2014-10-21,29.03,29.24,28.78,28.78,902817,27030710.00
2014-10-22,28.77,29.19,28.56,28.61,1207798,36036736.00
2014-10-23,28.61,28.84,27.97,28.03,1439746,42171532.00
2014-10-24,28.11,28.26,27.57,27.70,1283305,37062196.00
2014-10-27,27.63,28.01,27.26,27.86,834357,23839602.00
2014-10-28,27.88,28.47,27.88,28.44,1662915,48681632.00
2014-10-29,28.55,28.97,28.55,28.89,1354781,40270436.00
2014-10-30,29.34,31.52,29.28,30.73,7420357,234959152.00
2014-10-31,30.72,30.86,30.05,30.38,2686039,84090704.00
2014-11-03,30.27,30.81,30.09,30.56,2640471,83096848.00
2014-11-04,30.56,30.66,29.68,29.82,2612484,80961704.00
2014-11-05,29.97,30.20,29.57,29.64,2203950,67894680.00
2014-11-06,29.84,30.04,29.59,30.02,1979388,61034624.00
2014-11-07,30.01,30.01,28.00,28.45,5339810,160390544.00
2014-11-10,28.43,29.59,28.43,29.55,3751255,112924272.00
2014-11-11,29.56,29.56,28.43,28.60,3580679,106984888.00
2014-11-12,28.51,28.82,28.06,28.69,2902216,85055320.00
2014-11-13,28.66,28.66,28.11,28.21,2237055,65402964.00
2014-11-14,28.10,28.99,28.07,28.74,2792771,82661464.00
2014-11-17,29.06,29.24,28.37,28.67,3083210,91449416.00
2014-11-18,28.68,28.72,28.29,28.36,1869410,54948092.00
2014-11-19,28.36,28.42,27.85,27.93,2758252,79922920.00
2014-11-20,27.87,28.00,27.71,28.00,1902208,54776980.00
2014-11-21,28.06,28.15,27.87,28.10,2153882,62343224.00
2014-11-24,28.38,28.70,28.03,28.51,4057885,118914936.00
2014-11-25,28.51,28.98,28.38,28.91,2927890,87107296.00
2014-11-26,28.92,29.25,28.71,29.17,3488841,104409376.00
2014-11-27,29.17,29.19,28.71,29.01,3646157,108857800.00
2014-11-28,28.91,28.93,28.26,28.60,4466108,131771424.00
2014-12-01,28.56,30.06,28.17,29.59,8154892,246920352.00
2014-12-02,29.46,30.01,29.24,29.83,5701320,174420080.00
2014-12-03,29.86,31.03,29.83,30.57,7880102,247525376.00
2014-12-04,30.56,31.56,30.46,31.48,6982790,222794976.00
2014-12-05,32.06,32.56,29.86,31.05,8035421,258410016.00
2014-12-08,30.66,31.55,30.16,30.91,6488106,205899776.00
2014-12-09,30.94,33.85,30.26,31.25,12086293,398344320.00
2014-12-10,31.56,33.44,31.56,33.13,8933681,299926784.00
2014-12-11,33.17,34.54,32.56,33.36,7126621,245632448.00
2014-12-12,33.36,33.56,32.94,33.25,3721867,127047504.00
2014-12-15,33.16,34.04,32.56,33.51,4085947,139953744.00
2014-12-16,33.51,33.51,32.56,32.96,3617344,122484856.00
2014-12-17,32.95,32.95,31.86,31.95,4593912,152238144.00
2014-12-18,31.97,32.42,31.86,32.06,3265661,107968208.00
2014-12-19,31.87,33.06,31.56,32.51,4599083,152632496.00
2014-12-22,32.36,33.56,31.76,33.36,6388334,214698576.00
2014-12-23,33.37,35.23,32.88,34.46,9598216,338453216.00
2014-12-24,34.16,35.04,33.56,34.20,7041628,248300480.00
2014-12-25,34.09,34.73,33.81,34.31,3366256,118376352.00
2014-12-26,34.36,35.03,34.21,34.91,4152523,147913056.00
2014-12-29,35.11,35.43,34.37,34.86,4664990,166457168.00
2014-12-30,34.76,34.76,33.70,33.78,3668235,128066856.00
2014-12-31,33.78,34.18,33.37,33.92,2607116,90391320.00
2015-01-05,33.92,36.82,33.82,36.66,8292918,302417280.00
2015-01-06,36.16,36.53,35.06,35.76,6172755,226194496.00
2015-01-07,35.68,36.77,35.16,35.78,3864730,142143456.00
2015-01-08,35.64,36.47,35.06,35.80,3800353,138840000.00
2015-01-09,35.56,36.54,35.42,35.56,5178091,191721136.00
2015-01-12,35.51,35.52,33.94,34.24,3943088,140064176.00
2015-01-13,34.06,34.86,34.06,34.31,2211671,78331480.00
2015-01-14,34.31,34.55,32.67,32.90,4658812,160073648.00
2015-01-15,33.06,33.29,32.39,33.26,3118755,105677384.00
2015-01-16,33.46,34.29,33.31,34.07,2984797,104123104.00
2015-01-19,33.06,34.55,31.56,32.34,4322032,147567024.00
2015-01-20,32.41,33.28,32.41,33.24,3464067,117333232.00
2015-01-21,33.29,34.02,33.11,33.91,4400064,151740272.00
2015-01-22,33.70,34.40,33.61,33.91,2380907,83034080.00
2015-01-23,33.76,34.05,33.28,33.47,2874985,99279736.00
2015-01-26,33.47,33.96,33.35,33.91,2484424,85788320.00
2015-01-27,33.91,34.25,33.29,33.70,2731842,94908336.00
2015-01-28,33.37,33.46,32.91,32.92,2421287,82512744.00
2015-01-29,32.91,33.14,32.65,32.86,1390430,47089664.00
2015-01-30,32.91,33.37,32.70,32.84,2181125,74157992.00
2015-02-02,32.51,33.06,32.39,32.68,1642585,55313860.00
2015-02-03,32.85,33.26,32.85,33.11,1448354,49220956.00
2015-02-04,33.25,33.54,32.92,33.03,1887468,64470928.00
2015-02-05,33.31,33.38,32.47,32.49,1989533,67574952.00
2015-02-06,32.48,32.62,31.13,31.39,3000163,98424096.00
2015-02-09,31.36,31.96,31.11,31.59,1810258,59001492.00
2015-02-10,31.66,32.51,31.66,32.37,2272796,75095176.00
2015-02-11,32.33,32.51,32.22,32.50,1174413,39161388.00
2015-02-12,32.36,32.84,32.34,32.58,1159259,38935840.00
2015-02-13,32.65,33.39,32.65,33.05,1979174,67517768.00
2015-02-16,32.92,33.56,32.92,33.56,1841454,63338960.00
2015-02-17,33.64,33.92,33.31,33.37,1726998,59606804.00
2015-02-25,33.37,33.57,32.44,32.67,2116567,71840960.00
2015-02-26,32.66,33.36,32.58,33.36,1541717,52515568.00
2015-02-27,33.37,33.97,33.36,33.66,2304579,79765368.00
2015-03-02,33.68,33.91,33.07,33.49,3127272,107313920.00
2015-03-03,33.36,33.40,32.75,32.91,3089790,104762952.00
2015-03-04,32.92,33.58,32.78,33.57,3292504,112776384.00
2015-03-05,33.57,34.15,33.36,34.06,4310897,150299632.00
2015-03-06,34.16,34.73,33.56,33.86,3453370,121048856.00
2015-03-09,33.66,34.53,33.57,34.47,3707751,129952976.00
2015-03-10,34.61,34.71,34.18,34.25,2703397,95609024.00
2015-03-11,34.26,34.85,34.04,34.16,2820587,99776344.00
2015-03-12,34.12,34.35,33.56,34.00,3282454,114235512.00
2015-03-13,33.99,34.23,33.86,34.13,2157501,75508416.00
2015-03-16,34.30,34.86,34.30,34.84,4294792,152767312.00
2015-03-17,34.86,35.86,34.65,35.25,4770526,173266128.00
2015-03-18,35.28,35.82,35.20,35.67,4166632,152171936.00
2015-03-19,35.61,36.06,35.03,35.24,4923419,179201680.00
2015-03-20,35.22,35.51,34.96,35.21,5018761,181249744.00
2015-03-23,35.36,35.70,35.23,35.67,6058751,220659888.00
2015-03-24,35.72,36.05,35.01,35.82,6332666,231382992.00
2015-03-25,35.84,37.31,35.57,36.88,8673023,325676480.00
2015-03-26,36.66,38.55,36.51,38.19,9351962,363076128.00
2015-03-27,38.19,39.30,37.59,37.66,7619909,300034720.00
2015-03-30,38.26,40.06,37.47,38.67,5588885,218672704.00
2015-03-31,39.96,40.61,38.39,38.52,8572912,346472160.00
2015-04-01,38.86,39.08,38.47,38.70,5786779,229754976.00
2015-04-02,38.96,39.31,38.56,38.97,5290115,210554816.00
2015-04-03,38.81,39.38,38.58,38.97,5046717,201346512.00
2015-04-07,39.06,41.44,39.02,41.26,8666479,359236064.00
2015-04-08,42.26,45.04,42.26,44.06,13550665,608074432.00
2015-04-09,43.66,44.93,41.87,43.58,9100727,403614336.00
2015-04-10,43.55,44.95,42.96,44.87,7049315,319148288.00
2015-04-13,44.86,46.94,44.06,46.26,7820180,359193440.00
2015-04-14,46.24,46.63,45.01,45.10,6149132,287282880.00
2015-04-15,44.83,44.88,42.53,42.68,6075017,268854432.00
2015-04-16,42.51,46.23,42.06,45.44,8679346,397341696.00
2015-04-17,45.44,45.75,44.09,44.26,6588805,300865184.00
2015-04-20,44.21,44.32,42.51,42.90,5931959,263764768.00
2015-04-21,43.06,45.16,42.96,44.71,5880782,264055488.00
2015-04-22,44.78,45.96,44.77,45.23,5095660,235137408.00
2015-04-23,45.23,46.35,44.56,45.65,6776915,313670880.00
2015-04-24,45.11,45.50,44.08,44.68,4639670,211919456.00
2015-04-27,44.82,46.04,44.57,45.06,3948069,182285392.00
2015-04-28,44.86,44.86,42.96,43.31,6117437,272373920.00
2015-04-29,43.23,44.35,43.01,43.68,3622533,162381408.00
2015-04-30,44.94,46.55,44.51,44.52,6162367,285786848.00
2015-05-04,44.46,46.35,43.77,46.19,6804541,315924064.00
2015-05-05,46.06,46.57,44.37,45.05,5029327,232943952.00
2015-05-06,45.17,47.55,45.07,46.08,7544681,355962752.00
2015-05-07,46.08,48.76,45.88,48.15,9693547,469918016.00
2015-05-08,48.06,51.24,47.46,51.23,9162280,457788160.00
2015-05-11,51.51,52.34,50.09,51.36,8735182,453786848.00
2015-05-12,51.06,51.26,49.79,51.22,7208483,370112800.00
2015-05-13,51.22,53.95,50.50,51.83,8283413,444910528.00
2015-05-14,51.81,51.81,49.56,49.76,6630482,339278624.00
2015-05-15,49.44,50.91,49.29,49.86,4858431,247485136.00
2015-05-18,49.08,49.46,47.76,47.81,6944513,341886144.00
2015-05-19,47.56,49.71,47.37,49.56,4469939,222164112.00
2015-05-20,49.56,51.46,49.03,49.46,6494124,330525632.00
2015-05-21,49.16,50.51,48.96,50.13,4158496,211315920.00
2015-05-22,50.78,51.76,50.15,51.54,5656792,293585856.00
2015-05-25,51.29,53.63,50.93,53.46,6180136,329977248.00
2015-05-26,53.86,55.56,53.16,53.67,6204966,342230752.00
2015-05-27,53.62,53.75,52.47,53.04,4628164,250311968.00
2015-05-28,52.89,55.36,50.08,50.26,6361777,342011264.00
2015-05-29,50.56,51.26,48.03,49.31,5129965,260555216.00
2015-06-01,49.31,51.86,47.26,51.72,4745336,244589344.00
2015-06-02,51.76,53.56,51.11,53.41,4911207,261893136.00
2015-06-03,53.45,53.48,50.94,52.14,4586751,243427296.00
2015-06-04,51.79,52.93,47.27,51.07,4994040,257441760.00
2015-06-05,51.86,53.07,50.06,52.06,6288758,332408640.00
2015-06-08,52.06,54.46,51.58,54.32,7798679,420450048.00
2015-06-09,54.32,55.36,52.71,52.86,6670651,364189696.00
2015-06-10,52.99,56.30,52.11,55.16,7996733,444636704.00
2015-06-11,55.14,55.56,53.71,55.44,6269320,348437248.00
2015-06-12,55.59,58.31,55.57,56.16,7754128,448839424.00
2015-06-15,56.05,58.06,55.17,56.04,6979205,403879488.00
2015-06-16,55.15,55.15,51.64,51.96,7471688,404139072.00
2015-06-17,51.56,52.44,49.45,52.15,5548989,287325984.00
2015-06-18,51.83,53.28,50.67,50.86,4883202,257684000.00
2015-06-19,49.86,50.56,48.51,48.66,5056827,255014256.00
2015-06-23,48.66,50.51,46.27,50.46,4804310,237279904.00
2015-06-24,50.51,51.63,49.91,51.56,5612341,291639296.00
2015-06-25,51.46,51.46,48.40,48.94,4163400,212468816.00
2015-06-26,47.25,48.92,43.96,44.16,8254852,388506144.00
2015-06-29,45.46,46.25,40.07,43.41,7726982,346939616.00
2015-06-30,43.06,47.85,41.86,47.85,8666019,393539232.00
2015-07-01,47.06,49.84,45.46,46.13,6002237,294453536.00
2015-07-02,45.91,46.99,42.16,42.99,5624647,256292896.00
2015-07-03,42.61,44.24,38.60,39.31,8018235,336384192.00
2015-07-06,43.33,43.33,37.06,40.87,7781177,320942048.00
2015-07-07,39.85,41.22,36.69,36.69,6781088,264548272.00
2015-07-08,32.93,36.65,32.93,34.98,16539753,583413056.00
2015-07-09,34.98,38.57,34.98,38.57,5011450,192488048.00
2015-07-10,40.06,42.52,39.04,42.52,7131419,304488320.00
2015-07-13,43.40,46.38,42.50,45.55,9055091,405647008.00
2015-07-14,44.40,45.39,42.47,43.04,7267538,322764064.00
2015-07-15,41.65,42.70,39.25,39.65,4929510,204080784.00
2015-07-16,39.65,43.67,38.40,42.26,5370650,226037984.00
2015-07-17,42.40,43.45,42.40,43.06,7081380,308712288.00
2015-07-20,43.07,43.28,41.41,41.80,5074320,216868704.00
2015-07-21,41.45,42.22,40.50,41.45,3967373,166823072.00
2015-07-22,41.20,42.83,41.17,41.90,3714813,157689616.00
2015-07-23,41.96,42.89,41.32,42.78,5079363,216958800.00
2015-07-24,43.00,43.25,41.50,41.88,5018916,217177632.00
2015-07-27,40.90,41.00,37.64,37.64,6245735,249646560.00
2015-07-28,36.87,39.06,35.19,38.58,6493908,245175664.00
2015-07-29,38.90,39.98,37.80,39.90,3097820,120952040.00
2015-07-30,39.50,39.99,38.20,38.21,3493690,138783360.00
2015-07-31,37.43,38.70,37.43,38.48,3257382,125830184.00
2015-08-03,37.58,38.82,37.58,38.79,3347770,129135016.00
2015-08-04,38.70,40.60,38.57,40.37,3186748,128463040.00
2015-08-05,40.20,41.00,39.30,39.60,2478555,100862880.00
2015-08-06,39.19,40.47,38.89,40.00,1846056,74528256.00
2015-08-07,40.15,41.10,40.05,40.60,2901648,119593072.00
2015-08-10,41.05,42.30,40.50,42.10,3553583,148960864.00
2015-08-11,41.90,42.00,41.32,41.50,2759687,116311272.00
2015-08-12,41.15,41.44,40.51,40.52,2368826,98123128.00
2015-08-13,40.15,41.16,40.11,41.02,2081988,85733976.00
2015-08-14,41.20,41.90,40.83,41.03,2234261,93696544.00
2015-08-17,41.09,41.18,40.11,40.62,2905143,119088080.00
2015-08-18,40.53,41.06,38.05,38.75,4169455,167684336.00
2015-08-19,38.07,40.13,37.64,40.07,2816435,110327888.00
2015-08-20,39.53,39.78,38.74,39.00,1909433,75921272.00
2015-08-21,38.44,38.70,36.50,37.08,3035431,115499984.00
2015-08-24,35.51,35.80,33.32,33.32,5840568,199133760.00
2015-08-25,32.25,33.65,30.50,30.83,4977056,161252672.00
2015-08-26,31.70,32.83,30.92,31.38,2789404,90098680.00
2015-08-27,32.00,33.60,31.96,33.49,3106133,102615424.00
2015-08-28,35.09,36.10,34.80,35.33,4266984,153086528.00
2015-08-31,35.34,37.15,34.81,36.32,2903563,105911472.00
2015-09-01,36.09,36.33,34.30,35.50,2333363,83772024.00
2015-09-02,34.00,36.96,34.00,36.96,3431626,126105368.00
2015-09-07,36.80,37.60,34.50,35.13,5136585,186660224.00
2015-09-08,34.70,35.98,34.40,35.83,3225836,114142880.00
2015-09-09,36.20,37.08,36.00,36.94,3468093,128902312.00
2015-09-10,36.50,37.36,35.76,36.11,2879500,106103208.00
2015-09-11,36.00,36.31,35.14,35.50,1409066,50961592.00
2015-09-14,35.57,35.73,32.37,33.37,2835677,97678968.00
2015-09-15,33.00,34.50,31.50,31.64,3111289,102652600.00
2015-09-16,32.00,34.84,31.40,34.50,3123069,104136216.00
2015-09-17,33.95,34.49,33.26,33.40,3202239,110119136.00
2015-09-18,33.52,33.88,32.77,33.55,1854663,62633892.00
2015-09-21,33.58,34.78,33.05,34.65,1767936,61345228.00
2015-09-22,34.65,35.46,34.35,35.13,2547059,90283032.00
2015-09-23,34.61,35.69,34.60,35.44,2321958,83404480.00
2015-09-24,35.42,35.58,34.90,35.30,1298365,46438476.00
2015-09-25,35.50,35.50,34.55,34.90,922542,32740906.00
2015-09-28,34.74,36.00,34.30,35.64,1405297,49810676.00
2015-09-29,35.14,36.03,34.90,35.54,1429848,51494016.00
2015-09-30,35.62,35.79,35.24,35.42,674972,24259492.00
2015-10-08,36.56,37.29,36.34,36.35,1436863,53435632.00
2015-10-09,36.26,36.65,36.01,36.38,1061442,39125936.00
2015-10-12,36.51,37.78,36.45,37.63,3408546,128754960.00
2015-10-13,37.35,37.58,36.95,37.19,2818705,106451392.00
2015-10-14,37.29,37.58,37.00,37.00,1732616,65488632.00
2015-10-15,36.98,38.03,36.87,37.70,2404238,91675520.00
2015-10-16,37.88,38.25,37.43,38.20,2442736,93745128.00
2015-10-19,38.36,39.05,37.49,38.95,3917266,152360240.00
2015-10-20,38.95,38.95,38.12,38.54,2032961,79065184.00
2015-10-21,38.49,38.49,36.28,36.94,3217148,122570320.00
2015-10-22,36.89,37.50,36.80,37.38,1905489,71849672.00
2015-10-23,37.50,38.79,37.38,38.53,3539424,137545056.00
2015-10-26,38.59,38.77,38.06,38.70,2309016,89844112.00
2015-10-27,38.66,38.67,37.40,38.54,2972754,114233848.00
2015-10-28,37.76,37.99,36.78,36.88,5770075,218519552.00
2015-10-29,36.88,37.11,36.21,36.51,3461771,128273776.00
2015-10-30,36.66,36.66,35.50,36.10,4033437,147090240.00
2015-11-02,35.60,36.17,35.18,35.42,4064841,147045440.00
2015-11-03,35.47,36.03,35.25,35.90,2291662,82762512.00
2015-11-04,35.88,37.08,35.62,37.06,3904444,144604848.00
2015-11-05,37.01,37.70,36.68,37.20,4636146,174520544.00
2015-11-06,37.00,37.68,36.83,37.66,4102869,155339824.00
2015-11-09,37.66,38.72,37.38,38.50,6188982,239580992.00
2015-11-10,38.20,38.55,37.70,38.20,3656255,140994944.00
2015-11-11,38.02,38.59,37.80,38.20,3164779,122286016.00
2015-11-12,38.12,38.29,37.61,37.73,2558236,98168880.00
2015-11-13,37.70,37.95,37.20,37.50,2771570,105374304.00
2015-11-16,36.60,37.50,36.60,37.50,1326442,50021604.00
2015-11-17,37.60,38.39,37.58,38.25,4151218,160442464.00
2015-11-18,38.40,38.84,37.60,38.76,4185066,162903792.00
2015-11-19,38.76,39.03,38.52,38.94,2893403,113835992.00
2015-11-20,38.79,38.99,38.37,38.82,2726202,106625232.00
2015-11-23,38.80,38.81,37.97,38.40,1959943,76201856.00
2015-11-24,38.37,38.40,37.80,38.32,957385,36950892.00
2015-11-25,38.46,38.65,38.20,38.60,2389971,92980520.00
2015-11-26,38.84,40.32,38.84,39.76,6015325,242089664.00
2015-11-27,39.79,40.20,37.71,38.79,5010551,199247216.00
2015-11-30,38.59,38.92,37.84,38.66,2965783,115436656.00
2015-12-01,38.70,42.58,38.70,42.58,9561142,395646528.00
2015-12-02,41.50,44.50,40.61,43.72,10849331,470229536.00
2015-12-03,43.30,44.31,43.00,43.79,5076021,223692192.00
2015-12-04,43.40,46.14,43.05,44.37,6271966,285104064.00
2015-12-07,44.50,47.38,44.50,46.31,4982367,231885744.00
2015-12-08,46.40,46.40,43.55,44.24,4926521,222585328.00
2015-12-09,44.00,44.69,43.60,44.10,2739951,122044352.00
2015-12-10,44.06,44.80,43.46,43.50,2553702,114023768.00
2015-12-11,43.22,43.40,42.30,42.83,2694210,116516448.00
2015-12-14,42.72,44.10,42.72,43.80,2342556,102991104.00
2015-12-15,43.58,45.51,43.55,44.57,3309649,149668736.00
2015-12-16,44.70,45.75,44.30,45.49,2996053,135834128.00
2015-12-17,45.12,45.95,45.12,45.50,2893399,132973288.00
2015-12-18,45.50,45.50,43.90,43.90,3195679,143657488.00
2015-12-21,44.30,48.17,44.10,47.00,6964048,327271360.00
2015-12-22,46.90,47.39,46.00,46.54,3402567,160027712.00
2015-12-23,46.22,47.59,46.01,46.28,3672415,173489584.00
2015-12-24,46.61,47.50,46.10,46.90,2669655,126365048.00
2015-12-25,46.88,46.89,45.50,46.26,2982083,139129616.00
2015-12-28,46.40,46.40,44.01,44.30,2826216,129232848.00
2015-12-29,43.99,44.48,43.60,44.22,2142957,95350112.00
2015-12-30,44.32,44.49,43.50,43.80,2127229,94289672.00
2015-12-31,43.96,45.50,43.96,45.28,4546445,205931104.00
2016-01-04,44.50,45.05,41.66,41.83,2151399,93893992.00
2016-01-05,39.80,42.94,39.79,41.72,3045481,128054896.00
2016-01-06,42.10,42.57,40.89,42.00,2565288,108355648.00
2016-01-07,41.30,41.40,38.87,39.04,1150100,46611564.00
2016-01-08,40.09,40.28,38.31,39.67,3309437,132610816.00
2016-01-11,39.28,39.61,36.97,37.00,2655352,103686984.00
2016-01-12,37.40,37.50,36.30,36.96,2619046,98215256.00
2016-01-13,37.25,38.01,36.88,36.90,2734657,103865624.00
2016-01-14,36.50,38.47,36.08,38.42,2325641,88222792.00
2016-01-15,38.10,38.72,37.32,37.60,2118367,81335800.00
2016-01-18,37.27,38.23,36.30,37.67,1724748,65722236.00
2016-01-19,37.67,38.77,37.48,38.57,2259445,87301520.00
2016-01-20,38.38,38.50,36.35,36.71,4080719,153437472.00
2016-01-21,36.21,36.72,34.52,34.75,2810706,102503728.00
2016-01-22,35.50,35.99,34.50,35.00,2113420,74865680.00
2016-01-25,35.15,36.00,35.10,35.18,2058320,74253208.00
2016-01-26,34.90,35.15,33.40,33.50,2537005,88320472.00
2016-01-27,33.54,33.60,31.60,32.71,2986480,98775584.00
2016-01-28,32.47,32.95,31.80,32.07,1423982,46837784.00
2016-01-29,32.01,33.20,32.01,32.94,2843671,94274008.00
2016-02-01,32.79,33.10,32.30,32.76,1647345,54681404.00
2016-02-02,32.91,33.72,32.83,33.50,1615997,54748264.00
2016-02-03,33.05,33.27,32.64,33.13,1565992,52367424.00
2016-02-04,33.30,33.89,33.24,33.42,2106543,71673496.00
2016-02-05,33.61,33.77,33.02,33.10,1818338,61556548.00
2016-02-15,32.30,32.60,31.65,32.37,2383318,77819736.00
2016-02-16,32.50,33.65,32.48,33.50,2525112,84894272.00
2016-02-17,33.31,33.80,33.01,33.62,2454388,83370560.00
2016-02-18,34.00,34.17,33.47,33.50,2188302,75020216.00
2016-02-19,33.36,33.80,33.10,33.31,1929888,65473988.00
2016-02-22,33.55,35.52,33.55,35.40,3613087,126811696.00
2016-02-23,35.40,35.48,34.65,34.75,3382103,120194472.00
2016-02-24,34.70,35.48,34.38,35.40,2535302,89456240.00
2016-02-25,35.17,35.35,32.50,33.36,3094479,107284992.00
2016-02-26,33.35,33.76,32.92,33.45,2273428,77000048.00
2016-02-29,33.40,33.40,30.53,31.41,2653258,85127400.00
2016-03-01,31.20,32.08,31.18,31.92,2255778,72714728.00
2016-03-02,31.94,33.24,31.94,33.12,1703493,56540532.00
2016-03-03,33.50,33.88,33.05,33.19,1940742,65818348.00
2016-03-04,33.00,34.18,32.57,33.83,3468307,117369016.00
2016-03-07,33.75,34.67,33.75,34.20,2410094,83885320.00
2016-03-08,33.64,34.20,32.62,33.61,1469442,49655032.00
2016-03-09,33.39,33.39,32.60,32.85,992160,33141680.00
2016-03-10,32.83,33.45,32.52,32.52,1482786,49769064.00
2016-03-11,32.42,32.86,32.04,32.46,1149699,37834376.00
2016-03-14,32.80,33.79,32.76,33.41,1862748,63385500.00
2016-03-15,33.40,33.68,33.05,33.46,1576193,53394612.00
2016-03-16,33.56,33.85,33.01,33.20,1428948,48393308.00
2016-03-17,33.42,34.18,33.31,33.89,2303614,79239888.00
2016-03-18,34.29,34.68,34.06,34.60,4382279,153117472.00
2016-03-21,34.81,35.43,34.65,35.25,3171753,112671160.00
2016-03-22,35.06,35.50,34.83,35.20,2361381,84443432.00
2016-03-23,35.15,35.42,34.73,35.15,2123725,75151000.00
2016-03-24,34.78,35.99,34.48,35.13,2070713,73716528.00
2016-03-25,34.65,35.50,34.65,35.03,1854866,66201980.00
2016-03-28,35.19,37.46,35.09,35.96,5198794,191101536.00
2016-03-29,35.90,36.47,35.14,35.42,1718421,62291672.00
2016-03-30,35.78,36.47,35.78,36.38,1915987,70249680.00
2016-03-31,36.50,37.16,36.38,36.44,1839716,68619616.00
2016-04-01,36.33,37.01,36.06,36.73,2462888,91506440.00
2016-04-05,36.76,37.48,35.86,37.31,3703082,137736576.00
2016-04-06,37.10,37.44,36.71,37.38,2141437,80546264.00
2016-04-07,37.39,37.60,36.55,36.55,1709704,64497396.00
2016-04-08,36.40,36.48,35.93,36.27,2129775,78130776.00
2016-04-11,36.41,37.55,36.34,37.00,2335514,88194896.00
2016-04-12,37.10,37.38,36.22,36.56,980509,36326524.00
2016-04-13,36.57,37.49,36.50,36.50,1852648,69627344.00
2016-04-14,36.72,37.05,36.38,36.69,1507102,56009084.00
2016-04-15,36.60,37.24,36.60,36.97,1473244,55084824.00
2016-04-18,36.80,36.80,35.86,36.04,1253882,46103656.00
2016-04-19,36.20,36.46,35.78,35.86,1425497,52144964.00
2016-04-20,36.08,36.68,34.21,34.62,2807727,101014608.00
2016-04-21,34.61,35.95,34.51,35.40,2241346,80485336.00
2016-04-22,35.20,36.57,35.17,36.49,1675887,61068168.00
2016-04-25,36.50,36.50,35.65,36.08,999157,36426768.00
2016-04-26,36.25,36.50,35.91,36.50,901722,33065712.00
2016-04-27,36.52,36.99,36.51,36.68,1503242,55973740.00
2016-04-28,36.52,36.80,35.19,36.05,2120278,77018696.00
2016-04-29,35.50,37.45,35.00,36.88,4500721,168297216.00
2016-05-03,37.28,39.55,36.61,38.89,5120789,200715616.00
2016-05-04,38.97,39.18,38.33,38.35,2601694,101836840.00
2016-05-05,38.46,38.82,38.15,38.49,1224103,47696876.00
2016-05-06,38.33,39.08,37.13,37.21,2792820,108051968.00
2016-05-09,36.80,37.64,36.38,37.31,2501127,93681776.00
2016-05-10,37.20,38.68,37.00,38.57,2667985,102942600.00
2016-05-11,38.65,40.70,38.00,38.70,5873827,235801536.00
2016-05-12,38.09,39.50,37.23,39.50,2645349,102517448.00
2016-05-13,39.11,40.34,38.98,39.52,2359670,94979168.00
2016-05-16,39.30,40.08,38.45,40.02,1727375,68685088.00
2016-05-17,39.60,40.00,38.52,38.70,2472981,97527560.00
2016-05-18,38.32,38.78,36.81,37.31,2980712,113525440.00
2016-05-19,37.38,37.80,37.06,37.44,2123534,80704584.00
2016-05-20,37.29,37.79,36.80,37.52,1170685,44357788.00
2016-05-23,37.51,37.79,37.32,37.52,1573363,59798404.00
2016-05-24,37.37,37.50,36.97,37.24,816560,30797910.00
2016-05-25,37.48,37.57,36.83,37.09,721025,27220008.00
2016-05-26,37.20,37.36,36.18,36.95,1144844,42531900.00
2016-05-27,36.90,37.20,36.70,36.99,803160,30114934.00
2016-05-30,36.71,36.91,36.22,36.64,808707,29990746.00
2016-05-31,36.66,37.80,36.61,37.68,2870705,108818960.00
2016-06-01,37.75,37.93,37.29,37.33,1969791,74920592.00
2016-06-02,37.49,37.75,37.42,37.69,1437745,54776728.00
2016-06-03,37.67,39.43,37.51,38.71,3908169,153516752.00
2016-06-06,38.52,39.37,38.52,38.94,2562682,101402096.00
2016-06-07,39.39,39.39,38.52,38.83,2126769,83794584.00
2016-06-08,38.89,38.89,37.98,38.05,2039094,78844288.00
2016-06-13,37.50,37.95,36.93,36.93,1893488,71909464.00
2016-06-14,36.95,37.40,36.41,37.00,1631642,61080920.00
2016-06-15,36.89,38.31,36.59,38.06,2105644,80517552.00
2016-06-16,38.06,38.98,37.52,38.82,2709570,105338592.00
2016-06-17,39.30,40.16,38.84,39.02,3441265,137744256.00
2016-06-20,39.06,40.00,38.52,39.55,2694272,107701288.00
2016-06-21,39.72,39.88,38.38,38.71,2043739,81196968.00
2016-06-22,38.40,39.10,38.40,39.10,1315536,51720444.00
2016-06-23,39.00,39.35,38.41,38.56,1270654,49977600.00
2016-06-24,38.61,39.00,37.50,38.12,1830890,70949968.00
2016-06-27,37.79,39.28,37.61,39.02,1768398,69406344.00
2016-06-28,38.95,39.33,38.79,39.26,1657281,65550348.00
2016-06-29,39.44,39.45,38.59,38.71,2149245,84586120.00
2016-06-30,38.84,40.00,38.61,39.68,3514422,140597808.00
2016-07-01,39.83,39.83,39.20,39.60,1911291,76460080.00
2016-07-04,39.30,40.01,39.26,39.98,2178130,87741408.00
2016-07-05,39.97,40.30,39.74,40.00,2260420,91567144.00
2016-07-06,40.04,41.94,39.45,41.87,6379212,264440976.00
2016-07-07,41.85,42.35,41.19,41.54,5259159,218879760.00
2016-07-08,41.30,41.99,40.96,41.59,2892898,119719608.00
2016-07-11,41.42,43.89,41.41,42.60,6181642,266825952.00
2016-07-12,42.54,44.56,42.31,43.23,6015486,262260160.00
2016-07-13,43.32,43.98,42.51,42.79,3385986,145417552.00
2016-07-14,42.80,43.04,41.95,42.05,2110340,89655696.00
2016-07-15,42.20,43.20,41.97,43.18,3102554,132499912.00
2016-07-18,43.09,43.88,41.97,42.21,3081819,132602992.00
2016-07-19,42.20,42.20,40.97,41.39,2890216,119416016.00
2016-07-20,41.45,41.93,41.08,41.50,1256741,52212852.00
2016-07-21,41.50,41.92,41.00,41.26,2109941,87837648.00
2016-07-22,41.13,41.46,40.41,40.69,2010314,82059928.00
2016-07-25,40.50,41.18,40.25,40.62,2134367,87068024.00
2016-07-26,40.64,41.41,40.54,41.39,1756912,72141152.00
2016-07-27,41.42,41.65,39.50,40.25,3098948,125437960.00
2016-07-28,40.00,41.18,40.00,41.05,2704348,110192672.00
2016-07-29,41.05,42.30,40.80,41.47,3504434,146306768.00
2016-08-01,41.47,41.69,39.00,39.99,3246252,130262544.00
2016-08-02,39.85,40.36,39.55,40.30,1419553,56683756.00
2016-08-03,40.09,40.52,39.90,40.29,1129313,45447688.00
2016-08-04,40.32,40.60,39.92,40.55,1064132,42950600.00
2016-08-05,40.48,40.61,39.88,39.88,1219917,49003816.00
2016-08-08,39.93,40.75,39.80,40.66,1442655,58193840.00
2016-08-09,40.68,41.30,40.45,41.13,1742273,71336920.00
2016-08-10,40.73,41.25,40.73,40.87,898016,36739320.00
2016-08-11,40.73,41.78,40.60,41.04,2197667,90780552.00
2016-08-12,41.01,41.88,40.73,41.82,1695791,70188608.00
2016-08-15,41.86,42.79,41.61,42.24,3291249,138980800.00
2016-08-16,42.33,42.50,41.65,41.70,2801398,117348040.00
2016-08-17,41.92,42.19,41.45,41.70,1473114,61580744.00
2016-08-18,41.65,41.90,41.43,41.70,1812046,75504816.00
2016-08-19,41.55,41.99,41.54,41.70,1302898,54438448.00
2016-08-22,41.62,41.84,41.50,41.64,1080800,45032824.00
2016-08-23,41.50,42.10,41.40,41.73,1532110,63957696.00
2016-08-24,41.79,41.99,41.32,41.51,922131,38369356.00
2016-08-25,41.16,41.47,40.51,41.08,1394477,57094648.00
2016-08-26,40.87,41.23,40.49,40.68,1215701,49721484.00
2016-08-29,40.00,40.38,38.95,39.01,3838616,151556272.00
2016-08-30,39.11,39.26,38.32,38.63,4002767,154677952.00
2016-08-31,38.60,38.84,38.42,38.81,1932085,74710680.00
2016-09-01,38.81,38.81,38.42,38.47,1621279,62649300.00
2016-09-02,38.40,38.70,38.31,38.49,883015,33992716.00
2016-09-05,38.80,38.88,38.51,38.59,1469617,56890176.00
2016-09-06,38.73,38.84,37.80,38.81,1937150,74255792.00
2016-09-07,38.70,39.09,38.68,38.90,1748015,67990376.00
2016-09-08,38.70,39.00,38.65,38.70,1353460,52455956.00
2016-09-09,38.80,38.85,38.30,38.30,1460594,56247524.00
2016-09-12,38.00,38.00,36.40,36.65,3029122,112323928.00
2016-09-13,36.82,36.90,36.41,36.87,1460757,53594432.00
2016-09-14,36.65,36.94,36.40,36.87,1106520,40612968.00
2016-09-19,36.98,37.29,36.88,37.05,850532,31524702.00
2016-09-20,36.94,37.21,36.94,37.08,621097,23000690.00
2016-09-21,37.04,37.14,36.97,37.05,530137,19653390.00
2016-09-22,37.20,37.59,37.12,37.28,1098298,41011568.00
2016-09-23,37.33,37.40,37.14,37.23,612630,22810060.00
2016-09-26,37.22,37.22,36.86,37.06,1094972,40588920.00
2016-09-27,36.70,37.03,36.55,36.91,811086,29821080.00
2016-09-28,37.08,37.08,36.49,36.51,968926,35521248.00
2016-09-29,36.62,36.83,36.50,36.65,962383,35316548.00
2016-09-30,36.64,36.96,36.50,36.72,975615,35853728.00
2016-10-10,37.02,37.37,36.83,37.30,1492329,55368912.00
2016-10-11,37.28,37.46,37.22,37.38,1014005,37879524.00
2016-10-12,37.37,37.59,37.20,37.51,910921,34065020.00
2016-10-13,37.56,37.60,37.30,37.34,899374,33634472.00
2016-10-14,37.39,37.80,37.24,37.54,925860,34717136.00
2016-10-17,37.50,37.80,37.26,37.34,1211395,45517636.00
2016-10-18,37.32,37.88,37.32,37.85,1205149,45358788.00
2016-10-19,37.80,38.03,37.56,37.67,1050580,39627912.00
2016-10-20,37.68,37.85,37.45,37.56,816468,30677480.00
2016-10-21,37.60,37.66,37.15,37.45,906679,33909840.00
2016-10-24,37.34,37.95,37.32,37.94,1524114,57548724.00
2016-10-25,37.93,38.08,37.72,38.03,1347975,51122860.00
2016-10-26,37.96,38.98,37.90,38.34,2970798,114561952.00
2016-10-27,38.29,38.29,37.80,37.89,1422131,53951932.00
2016-10-28,37.92,38.07,37.42,37.51,1643721,61888376.00
2016-10-31,37.49,37.75,37.36,37.65,932700,35061676.00
2016-11-01,37.69,37.98,37.69,37.96,957172,36224932.00
2016-11-02,37.85,37.94,37.56,37.65,1013291,38228660.00
2016-11-03,37.66,37.89,37.37,37.68,1135213,42750156.00
2016-11-04,37.67,37.79,37.42,37.47,935015,35120460.00
2016-11-07,37.47,37.62,37.38,37.54,669931,25131448.00
2016-11-08,37.61,37.89,37.53,37.78,998434,37688656.00
2016-11-09,37.91,37.94,37.01,37.34,1202857,45034336.00
2016-11-10,37.57,37.90,37.52,37.75,1441618,54408792.00
2016-11-11,37.88,38.10,37.69,38.09,1312675,49754808.00
2016-11-14,38.08,38.38,37.85,37.98,1537693,58675472.00
2016-11-15,38.00,38.26,37.80,38.14,1289798,49019588.00
2016-11-16,38.11,38.29,38.02,38.06,1253589,47823108.00
2016-11-17,37.97,38.10,37.81,37.93,863284,32718732.00
2016-11-18,38.08,38.08,37.64,37.70,805147,30469196.00
2016-11-21,37.70,38.02,37.66,37.77,918451,34756064.00
2016-11-22,37.78,38.30,37.70,38.30,1636374,62308964.00
2016-11-23,38.33,38.88,38.05,38.59,2261439,86871688.00
2016-11-24,38.56,38.83,38.35,38.61,1661031,64116728.00
2016-11-25,38.55,40.36,38.31,40.26,4649081,182698576.00
2016-11-28,40.05,40.10,39.51,39.77,2169600,86241248.00
数据来源:通达信
