000838 财信发展 日线 前复权
      日期	    开盘	    最高	    最低	    收盘	    成交量	    成交额
2011-10-10,2.89,2.97,2.85,2.90,7447401,78404848.00
2011-10-11,2.97,3.03,2.67,2.72,11689301,122336488.00
2011-10-12,2.62,2.86,2.57,2.82,12661097,125153336.00
2011-10-13,2.77,2.93,2.76,2.91,11026748,114351072.00
2011-10-14,2.89,2.92,2.78,2.88,7202086,74320384.00
2011-10-17,2.88,3.02,2.85,2.93,9041072,96202000.00
2011-10-18,2.86,2.87,2.62,2.62,7884591,78212544.00
2011-10-19,2.62,2.66,2.50,2.53,6613208,61520460.00
2011-10-20,2.53,2.58,2.44,2.49,4057934,37086568.00
2011-10-21,2.48,2.50,2.31,2.32,6132856,53228712.00
2011-10-24,2.29,2.38,2.24,2.36,5132921,43362200.00
2011-10-25,2.36,2.42,2.27,2.40,5256146,45136380.00
2011-10-26,2.36,2.44,2.33,2.39,5588187,48590200.00
2011-10-27,2.37,2.41,2.34,2.34,4276893,36942448.00
2011-10-28,2.36,2.50,2.36,2.42,6462539,57180192.00
2011-10-31,2.40,2.43,2.30,2.41,5495745,47677924.00
2011-11-01,2.37,2.42,2.34,2.38,3504312,30444604.00
2011-11-02,2.34,2.53,2.31,2.44,7063045,61953880.00
2011-11-03,2.44,2.47,2.40,2.46,6349865,56365316.00
2011-11-04,2.45,2.54,2.44,2.51,6988062,63432488.00
2011-11-07,2.52,2.52,2.43,2.43,3555677,31986922.00
2011-11-08,2.43,2.45,2.36,2.40,2875418,25187110.00
2011-11-09,2.40,2.45,2.37,2.45,2620967,23086652.00
2011-11-10,2.41,2.45,2.37,2.38,2098476,18432792.00
2011-11-11,2.40,2.44,2.36,2.38,1386114,12117088.00
2011-11-14,2.41,2.45,2.38,2.43,2128376,18806952.00
2011-11-15,2.42,2.51,2.42,2.47,2977198,26777102.00
2011-11-16,2.47,2.50,2.36,2.38,2769354,24531518.00
2011-11-17,2.37,2.41,2.36,2.37,1348909,11735510.00
2011-11-18,2.37,2.37,2.22,2.24,2325166,19472156.00
2011-11-21,2.22,2.26,2.22,2.25,1151755,9431464.00
2011-11-22,2.25,2.25,2.22,2.24,780944,6391562.00
2011-11-23,2.24,2.26,2.23,2.23,829809,6801708.50
2011-11-24,2.20,2.28,2.17,2.27,1557729,12669679.00
2011-11-25,2.26,2.28,2.19,2.21,896327,7313932.00
2011-11-28,2.21,2.24,2.16,2.16,1348863,10753314.00
2011-11-29,2.18,2.22,2.16,2.20,1306273,10504964.00
2011-11-30,2.19,2.20,2.04,2.04,1808157,13960144.00
2011-12-01,2.11,2.14,2.04,2.08,1911913,14766176.00
2011-12-02,2.06,2.07,2.00,2.00,1218340,9046070.00
2011-12-05,2.01,2.01,1.96,2.01,1141181,8368833.50
2011-12-06,1.99,2.04,1.98,2.00,820668,6066481.50
2011-12-07,2.02,2.06,1.98,2.00,1031631,7662799.00
2011-12-08,2.00,2.04,1.97,1.99,643783,4737914.00
2011-12-09,1.97,2.01,1.96,1.97,907554,6613150.50
2011-12-12,1.97,1.97,1.93,1.95,649131,4665451.00
2011-12-13,1.94,1.95,1.75,1.78,1782380,12039333.00
2011-12-14,1.80,1.81,1.69,1.69,855061,5532013.50
2011-12-15,1.72,1.72,1.65,1.66,1119637,6989988.50
2011-12-16,1.67,1.71,1.65,1.70,533722,3320366.25
2011-12-19,1.71,1.78,1.71,1.74,1691828,10957419.00
2011-12-20,1.69,1.77,1.69,1.70,1061194,6816037.50
2011-12-21,1.72,1.74,1.64,1.65,680509,4306565.50
2011-12-22,1.63,1.64,1.51,1.57,1114473,6532622.50
2011-12-23,1.57,1.61,1.55,1.58,956922,5635375.50
2011-12-26,1.58,1.58,1.48,1.51,1922868,10987913.00
2011-12-27,1.50,1.52,1.46,1.47,1021683,5698367.00
2011-12-28,1.46,1.48,1.39,1.46,1333864,7193301.50
2011-12-29,1.45,1.48,1.44,1.45,830434,4543062.00
2011-12-30,1.46,1.48,1.45,1.46,1028579,5626193.00
2012-01-04,1.47,1.49,1.42,1.42,694872,3799373.25
2012-01-05,1.42,1.42,1.36,1.36,829028,4350630.00
2012-01-06,1.36,1.37,1.22,1.31,1614370,7882436.00
2012-01-09,1.30,1.37,1.27,1.37,1537225,7719914.00
2012-01-10,1.36,1.51,1.36,1.51,2478980,13451962.00
2012-01-11,1.55,1.55,1.47,1.50,2067104,11563948.00
2012-01-12,1.47,1.64,1.46,1.54,2554634,14823049.00
2012-01-13,1.51,1.55,1.43,1.46,1780751,9911450.00
2012-01-16,1.44,1.49,1.39,1.42,825772,4471090.50
2012-01-17,1.42,1.54,1.42,1.49,1353510,7508734.00
2012-01-18,1.48,1.59,1.46,1.47,1747663,9896273.00
2012-01-19,1.47,1.53,1.46,1.50,1075941,6023930.50
2012-01-20,1.50,1.54,1.48,1.52,1063657,6021770.00
2012-01-30,1.52,1.54,1.48,1.49,731646,4130888.50
2012-01-31,1.48,1.51,1.47,1.51,851993,4765367.50
2012-02-01,1.50,1.66,1.50,1.57,2321009,13662964.00
2012-02-02,1.54,1.62,1.53,1.60,2065965,12178154.00
2012-02-03,1.60,1.63,1.59,1.61,1359289,8155110.50
2012-02-06,1.61,1.66,1.61,1.64,1784892,10832522.00
2012-02-07,1.63,1.63,1.56,1.57,1179945,6954942.00
2012-02-08,1.58,1.62,1.56,1.62,1087244,6450589.00
2012-02-09,1.62,1.70,1.60,1.64,1864996,11417243.00
2012-02-10,1.64,1.80,1.64,1.70,4305501,27585040.00
2012-02-13,1.64,1.70,1.63,1.66,2635874,16318964.00
2012-02-14,1.66,1.84,1.64,1.83,4714596,30629544.00
2012-02-15,1.79,1.84,1.78,1.83,3473045,23197354.00
2012-02-16,1.81,1.83,1.75,1.80,2304333,15248275.00
2012-02-17,1.80,1.81,1.74,1.80,1993403,13118103.00
2012-02-20,1.82,1.87,1.79,1.80,2804265,18917700.00
2012-02-21,1.79,1.81,1.75,1.81,1738900,11471684.00
2012-02-22,1.81,1.89,1.79,1.84,2609791,17801436.00
2012-02-23,1.84,1.85,1.79,1.83,1976993,13292550.00
2012-02-24,1.83,2.00,1.80,1.94,5570709,39450720.00
2012-02-27,1.94,1.97,1.92,1.92,4063420,29046324.00
2012-02-28,1.91,1.96,1.90,1.92,2411236,17044654.00
2012-02-29,1.90,1.90,1.85,1.86,1901197,13123089.00
2012-03-01,1.85,1.87,1.82,1.84,1213911,8286286.00
2012-03-02,1.84,1.93,1.83,1.91,1575575,11016560.00
2012-03-05,1.91,1.93,1.89,1.90,1322143,9281620.00
2012-03-06,1.90,1.90,1.82,1.84,1445144,9901304.00
2012-03-07,1.82,1.88,1.81,1.81,1052585,7163493.00
2012-03-08,1.83,1.97,1.82,1.89,2766904,19456886.00
2012-03-09,1.91,1.92,1.88,1.90,1855875,12979933.00
2012-03-12,1.90,1.91,1.86,1.88,1578070,10933942.00
2012-03-13,1.89,1.92,1.87,1.91,1741687,12224528.00
2012-03-14,1.92,1.93,1.73,1.74,3040235,20657842.00
2012-03-15,1.73,1.75,1.65,1.69,2089659,13152760.00
2012-03-16,1.68,1.75,1.68,1.72,888747,5649177.50
2012-03-19,1.71,1.74,1.69,1.73,737135,4683800.00
2012-03-20,1.71,1.76,1.69,1.70,1104456,7054850.00
2012-03-21,1.71,1.74,1.66,1.71,754549,4754641.00
2012-03-22,1.68,1.76,1.68,1.72,1343209,8627379.00
2012-03-23,1.70,1.71,1.66,1.68,961511,6002759.50
2012-03-26,1.67,1.68,1.62,1.63,968336,5928586.00
2012-03-27,1.65,1.68,1.62,1.64,1277809,7771777.00
2012-03-28,1.64,1.64,1.48,1.51,1197301,7039612.50
2012-03-29,1.50,1.55,1.47,1.50,1107394,6243460.00
2012-04-05,1.42,1.51,1.42,1.49,2911673,15747312.00
2012-04-06,1.48,1.52,1.48,1.52,1189641,6652264.50
2012-04-09,1.51,1.60,1.50,1.59,1797239,10592732.00
2012-04-10,1.59,1.62,1.54,1.61,1140078,6683751.00
2012-04-11,1.59,1.69,1.57,1.64,1245711,7596507.50
2012-04-12,1.64,1.67,1.61,1.66,841411,5139493.00
2012-04-13,1.66,1.68,1.61,1.62,1584344,9640091.00
2012-04-16,1.61,1.69,1.61,1.66,1012088,6231114.00
2012-04-17,1.65,1.68,1.64,1.64,560532,3445126.00
2012-04-18,1.66,1.67,1.64,1.67,1075824,6620485.50
2012-04-20,1.66,1.73,1.64,1.71,1171022,7338876.50
2012-04-23,1.69,1.74,1.68,1.68,1233126,7818729.50
2012-04-24,1.67,1.70,1.62,1.68,739207,4564076.50
2012-04-25,1.66,1.74,1.66,1.71,1209073,7641942.00
2012-04-26,1.72,1.74,1.71,1.72,922093,5900599.00
2012-04-27,1.73,1.73,1.70,1.72,708418,4500251.50
2012-05-02,1.64,1.74,1.63,1.74,2017810,12591568.00
2012-05-03,1.73,1.80,1.71,1.75,1302037,8493011.00
2012-05-04,1.74,1.78,1.74,1.78,1031754,6717397.00
2012-05-07,1.76,1.86,1.76,1.83,1604149,10854302.00
2012-05-08,1.84,1.85,1.81,1.83,882582,5952954.50
2012-05-09,1.83,1.83,1.77,1.80,883766,5859791.50
2012-05-10,1.80,1.83,1.78,1.80,845300,5633981.00
2012-05-11,1.79,1.82,1.79,1.80,343124,2283595.25
2012-05-14,1.81,1.83,1.76,1.77,828258,5461862.00
2012-05-15,1.75,1.77,1.73,1.76,617430,3991997.50
2012-05-16,1.76,1.78,1.72,1.74,564090,3650665.25
2012-05-17,1.73,1.74,1.70,1.74,541842,3469664.75
2012-05-18,1.74,1.74,1.70,1.71,740700,4716954.50
2012-05-21,1.70,1.73,1.66,1.66,849478,5316200.50
2012-05-22,1.67,1.70,1.66,1.70,855738,5343414.50
2012-05-23,1.71,1.71,1.67,1.70,432627,2712247.50
2012-05-24,1.69,1.72,1.68,1.69,332499,2101522.75
2012-05-25,1.69,1.72,1.68,1.70,386594,2437545.00
2012-05-28,1.69,1.70,1.64,1.68,869012,5396642.50
2012-05-29,1.68,1.70,1.65,1.70,1111522,6904703.00
2012-05-30,1.69,1.72,1.68,1.71,658261,4169922.75
2012-05-31,1.70,1.71,1.68,1.71,373057,2350230.25
2012-06-01,1.72,1.72,1.70,1.71,450008,2850640.75
2012-06-04,1.71,1.72,1.66,1.67,726000,4558075.00
2012-06-05,1.67,1.68,1.65,1.68,534001,3305118.50
2012-06-06,1.67,1.69,1.62,1.64,839424,5133699.00
2012-06-07,1.64,1.66,1.62,1.64,455662,2774528.75
2012-06-08,1.64,1.65,1.63,1.65,303200,1848455.75
2012-06-12,1.66,1.70,1.64,1.68,503544,3111959.25
2012-06-13,1.67,1.70,1.67,1.70,415785,2596262.25
2012-06-14,1.70,1.72,1.68,1.69,310783,1952270.50
2012-06-15,1.68,1.71,1.68,1.70,233195,1460337.13
2012-06-18,1.70,1.72,1.69,1.71,459995,2916464.50
2012-06-19,1.70,1.72,1.68,1.70,335500,2115101.00
2012-06-20,1.70,1.71,1.68,1.70,330802,2076318.63
2012-06-21,1.70,1.70,1.66,1.69,245139,1527222.00
2012-06-25,1.68,1.69,1.65,1.66,260100,1607882.00
2012-06-26,1.65,1.66,1.62,1.66,526444,3216754.50
2012-06-27,1.66,1.66,1.64,1.65,263100,1614324.25
2012-06-28,1.65,1.65,1.60,1.61,675271,4068237.00
2012-06-29,1.59,1.64,1.59,1.64,247015,1482892.13
2012-07-02,1.64,1.67,1.61,1.66,614718,3746455.00
2012-07-03,1.64,1.66,1.62,1.65,358301,2198989.00
2012-07-04,1.65,1.66,1.62,1.66,310886,1902430.75
2012-07-05,1.66,1.66,1.63,1.66,476419,2919525.00
2012-07-06,1.66,1.68,1.65,1.68,401018,2482634.75
2012-07-09,1.68,1.68,1.64,1.66,351001,2166206.50
2012-07-10,1.64,1.66,1.62,1.64,323999,1975724.88
2012-07-11,1.62,1.64,1.61,1.64,441416,2670852.50
2012-07-12,1.62,1.66,1.61,1.66,1231809,7488139.00
2012-07-13,1.65,1.66,1.64,1.65,227400,1396844.00
2012-07-16,1.64,1.65,1.56,1.56,448000,2654595.00
2012-07-17,1.59,1.59,1.52,1.57,399091,2318843.75
2012-07-18,1.53,1.57,1.48,1.51,946109,5336832.00
2012-07-19,1.51,1.54,1.48,1.52,597701,3377297.00
2012-07-20,1.53,1.54,1.50,1.52,761703,4294862.00
2012-07-23,1.51,1.52,1.49,1.52,478016,2687219.00
2012-07-24,1.47,1.60,1.47,1.58,1238500,7195844.50
2012-07-25,1.58,1.62,1.57,1.58,417630,2481789.25
2012-07-26,1.57,1.60,1.53,1.56,423019,2464880.00
2012-07-27,1.56,1.58,1.53,1.56,145833,845570.13
2012-07-30,1.47,1.50,1.47,1.47,590900,3256948.00
2012-07-31,1.39,1.45,1.39,1.40,1425673,7480098.00
2012-08-01,1.39,1.45,1.39,1.41,490014,2622853.75
2012-08-02,1.41,1.43,1.38,1.40,430000,2280877.00
2012-08-03,1.40,1.42,1.39,1.42,155086,818538.81
2012-08-06,1.39,1.45,1.39,1.44,707950,3792129.50
2012-08-07,1.45,1.45,1.43,1.44,562600,3031757.00
2012-08-08,1.45,1.45,1.41,1.43,516609,2754762.75
2012-08-09,1.42,1.44,1.41,1.44,424350,2268385.50
2012-08-10,1.45,1.46,1.43,1.44,259200,1403308.38
2012-08-13,1.44,1.44,1.38,1.42,248801,1326510.88
2012-08-14,1.40,1.43,1.40,1.43,285710,1517404.50
2012-08-15,1.39,1.42,1.39,1.42,276330,1459499.25
2012-08-16,1.43,1.43,1.40,1.42,124000,659312.38
2012-08-17,1.42,1.45,1.40,1.45,804060,4274674.50
2012-08-20,1.43,1.44,1.40,1.44,171600,914436.00
2012-08-21,1.44,1.48,1.44,1.48,987693,5411225.50
2012-08-22,1.47,1.53,1.47,1.50,796042,4483575.00
2012-08-23,1.50,1.54,1.50,1.52,484871,2760648.25
2012-08-24,1.51,1.54,1.47,1.50,368782,2064841.00
2012-08-27,1.50,1.52,1.47,1.50,573260,3224878.25
2012-08-28,1.49,1.51,1.48,1.50,345298,1929543.88
2012-08-29,1.50,1.51,1.47,1.48,197700,1103869.00
2012-08-30,1.49,1.49,1.42,1.43,291439,1586310.38
2012-08-31,1.43,1.47,1.43,1.45,260412,1404402.63
2012-09-03,1.45,1.48,1.43,1.48,453257,2478641.00
2012-09-04,1.48,1.48,1.44,1.48,495500,2719633.00
2012-09-05,1.46,1.49,1.46,1.48,229111,1265941.50
2012-09-06,1.48,1.49,1.46,1.47,335180,1839041.75
2012-09-07,1.48,1.54,1.47,1.52,622020,3507272.50
2012-09-10,1.51,1.55,1.50,1.53,545612,3111387.00
2012-09-11,1.52,1.59,1.47,1.59,1037908,5981903.50
2012-09-12,1.58,1.60,1.56,1.59,604061,3559821.00
2012-09-13,1.58,1.61,1.55,1.56,430700,2538095.00
2012-09-14,1.58,1.58,1.54,1.56,328800,1913008.50
2012-09-17,1.57,1.58,1.50,1.52,1398902,8022447.50
2012-09-18,1.50,1.54,1.50,1.52,635700,3608788.00
2012-09-19,1.52,1.54,1.52,1.54,214201,1224359.75
2012-09-20,1.52,1.58,1.51,1.54,1320887,7559489.50
2012-09-21,1.54,1.56,1.52,1.56,1455999,8378824.00
2012-09-24,1.55,1.57,1.54,1.57,676999,3941806.25
2012-09-25,1.58,1.58,1.53,1.56,500940,2906573.25
2012-09-26,1.54,1.56,1.52,1.53,415041,2370787.00
2012-09-27,1.51,1.56,1.51,1.54,406096,2340978.75
2012-09-28,1.53,1.58,1.53,1.58,403800,2340441.50
2012-10-08,1.57,1.60,1.56,1.58,440900,2582316.00
2012-10-09,1.58,1.63,1.57,1.62,515876,3098887.50
2012-10-10,1.61,1.64,1.61,1.63,200196,1211012.00
2012-10-11,1.63,1.64,1.61,1.62,306599,1848308.00
2012-10-12,1.64,1.64,1.60,1.61,274699,1646184.00
2012-10-15,1.60,1.62,1.59,1.61,419800,2497304.00
2012-10-16,1.60,1.62,1.59,1.60,307540,1835809.50
2012-10-17,1.60,1.62,1.59,1.61,455801,2720640.00
2012-10-18,1.63,1.66,1.62,1.65,452176,2758970.25
2012-10-19,1.65,1.69,1.64,1.68,502741,3120758.00
2012-10-22,1.66,1.74,1.66,1.73,781488,4957618.00
2012-10-23,1.73,1.78,1.71,1.73,1166689,7560496.00
2012-10-24,1.72,1.75,1.69,1.75,1607611,10276017.00
2012-10-25,1.76,1.77,1.71,1.72,655599,4210367.50
2012-10-26,1.71,1.74,1.69,1.72,1574980,10005444.00
2012-10-29,1.71,1.74,1.71,1.72,466079,2976305.00
2012-10-30,1.74,1.74,1.71,1.72,338267,2160326.50
2012-10-31,1.71,1.73,1.68,1.70,621532,3919730.25
2012-11-01,1.68,1.73,1.68,1.72,1339069,8468884.00
2012-11-02,1.72,1.82,1.71,1.82,1597137,10531985.00
2012-11-05,1.82,1.91,1.81,1.89,2595162,17952720.00
2012-11-06,1.90,1.96,1.88,1.89,1922668,13519217.00
2012-11-07,1.87,1.89,1.85,1.88,544634,3755237.75
2012-11-08,1.88,1.98,1.86,1.97,2474227,17945150.00
2012-11-09,1.96,1.99,1.93,1.96,1419522,10298746.00
2012-11-12,1.94,1.96,1.90,1.91,1266308,9006266.00
2012-11-13,1.91,1.95,1.87,1.89,818482,5723386.00
2012-11-14,1.87,1.88,1.82,1.83,2485804,16866752.00
2012-11-15,1.83,1.88,1.82,1.84,1752790,12012735.00
2012-11-16,1.84,1.88,1.82,1.88,460701,3145063.75
2012-11-19,1.90,1.97,1.88,1.94,1918047,13620916.00
2012-11-20,1.96,1.96,1.91,1.92,455299,3230667.00
2012-11-21,1.92,1.95,1.91,1.94,459942,3262215.50
2012-11-22,1.96,1.96,1.92,1.93,159201,1131822.75
2012-11-23,1.93,1.96,1.91,1.93,418100,2987421.25
2012-11-26,1.94,1.94,1.91,1.92,325750,2301942.50
2012-11-27,1.93,1.93,1.82,1.83,1531413,10591869.00
2012-11-28,1.82,1.84,1.76,1.76,515701,3395937.00
2012-11-29,1.76,1.80,1.74,1.75,425390,2780913.00
2012-11-30,1.76,1.82,1.76,1.80,612650,4048681.50
2012-12-03,1.78,1.81,1.76,1.77,319540,2113960.00
2012-12-04,1.76,1.80,1.75,1.80,382498,2510996.00
2012-12-05,1.81,1.88,1.80,1.87,720497,4928270.00
2012-12-06,1.88,1.89,1.84,1.87,602795,4131936.00
2012-12-07,1.91,1.96,1.87,1.96,822609,5881081.00
2012-12-10,2.07,2.07,2.01,2.04,2105115,15860651.00
2012-12-11,2.04,2.15,2.01,2.10,1931860,14972373.00
2012-12-12,2.11,2.12,2.00,2.04,1250841,9429883.00
2012-12-13,2.04,2.07,2.01,2.06,727739,5459274.50
2012-12-14,2.04,2.11,2.04,2.08,1013655,7787733.00
2012-12-17,2.08,2.10,2.06,2.07,909516,6931859.50
2012-12-18,2.06,2.09,2.02,2.06,1202390,9064747.00
2012-12-19,2.03,2.08,2.03,2.05,316850,2390491.50
2012-12-20,2.04,2.05,1.99,2.03,871590,6472040.00
2012-12-21,2.04,2.07,1.99,2.01,872611,6514736.50
2012-12-24,2.01,2.12,2.01,2.12,1398083,10752806.00
2012-12-25,2.13,2.20,2.12,2.14,945778,7474573.00
2012-12-26,2.15,2.18,2.13,2.15,660521,5208121.00
2012-12-27,2.16,2.26,2.14,2.23,998652,8093796.50
2012-12-28,2.22,2.29,2.21,2.24,927340,7643452.50
2012-12-31,2.24,2.28,2.19,2.28,701282,5745503.50
2013-01-04,2.27,2.28,2.23,2.27,739310,6080921.00
2013-01-07,2.24,2.27,2.23,2.26,660176,5435176.00
2013-01-08,2.26,2.30,2.22,2.25,639556,5271700.00
2013-01-09,2.23,2.36,2.23,2.29,1524126,12829574.00
2013-01-10,2.26,2.32,2.24,2.29,612793,5111589.00
2013-01-11,2.28,2.29,2.22,2.25,1143025,9400815.00
2013-01-14,2.25,2.29,2.22,2.29,1058363,8760603.00
2013-01-15,2.29,2.31,2.26,2.29,1200061,10003035.00
2013-01-16,2.29,2.39,2.28,2.34,2357348,20109668.00
2013-01-17,2.35,2.41,2.33,2.38,973378,8430878.00
2013-01-18,2.38,2.48,2.38,2.46,1796193,15999190.00
2013-01-21,2.47,2.58,2.47,2.56,2214180,20555846.00
2013-01-22,2.58,2.58,2.43,2.43,2618460,23704838.00
2013-01-23,2.30,2.41,2.30,2.32,4862957,41213440.00
2013-01-24,2.31,2.34,2.20,2.20,3885194,31843846.00
2013-01-25,2.23,2.23,2.15,2.19,2323521,18653606.00
2013-01-28,2.18,2.22,2.15,2.20,1746100,13976796.00
2013-01-29,2.20,2.29,2.20,2.27,1955549,16049437.00
2013-01-30,2.29,2.29,2.23,2.24,978452,8038803.50
2013-01-31,2.25,2.26,2.16,2.16,1267309,10198464.00
2013-02-01,2.15,2.20,2.13,2.17,738360,5889603.00
2013-02-04,2.18,2.28,2.15,2.28,2144488,17781486.00
2013-02-05,2.25,2.30,2.21,2.26,1476724,12166388.00
2013-02-06,2.30,2.35,2.22,2.31,1273450,10783758.00
2013-02-07,2.33,2.36,2.30,2.35,807244,6883243.50
2013-02-08,2.37,2.37,2.27,2.30,992231,8330650.00
2013-02-18,2.31,2.33,2.26,2.29,781314,6513478.00
2013-02-19,2.29,2.29,2.20,2.22,846651,6895894.00
2013-02-20,2.22,2.22,2.19,2.21,541068,4377806.00
2013-02-21,2.20,2.23,2.16,2.18,789750,6337399.50
2013-02-22,2.18,2.20,2.16,2.18,698001,5575940.00
2013-02-25,2.18,2.24,2.18,2.23,764470,6190001.00
2013-02-26,2.20,2.24,2.20,2.20,623953,5074682.50
2013-02-27,2.22,2.24,2.18,2.20,469386,3793790.50
2013-02-28,2.22,2.26,2.20,2.24,933989,7652907.50
2013-03-01,2.24,2.26,2.22,2.22,749705,6127583.50
2013-03-04,2.14,2.18,2.10,2.10,1963600,15213575.00
2013-03-05,2.09,2.09,1.99,2.07,1908161,14251854.00
2013-03-06,2.07,2.12,2.04,2.08,803300,6162640.00
2013-03-07,2.07,2.10,2.07,2.08,548428,4190106.75
2013-03-08,2.09,2.12,2.09,2.11,547739,4225398.50
2013-03-11,2.12,2.13,2.07,2.10,436736,3355266.75
2013-03-12,2.10,2.11,1.99,2.00,1200951,8928974.00
2013-03-13,2.00,2.04,2.00,2.02,427417,3175982.75
2013-03-14,2.01,2.08,2.00,2.06,618174,4671924.00
2013-03-15,2.06,2.08,2.03,2.07,541098,4103869.25
2013-03-18,2.05,2.08,2.01,2.02,599986,4478506.50
2013-03-19,2.02,2.08,2.02,2.08,412832,3130337.00
2013-03-20,2.10,2.16,2.08,2.14,1042631,8163635.00
2013-03-21,2.17,2.17,2.13,2.14,401399,3150834.25
2013-03-22,2.15,2.18,2.13,2.16,446483,3518794.00
2013-03-25,2.16,2.19,2.14,2.16,1059403,8412625.00
2013-03-26,2.14,2.16,2.08,2.10,1337790,10374909.00
2013-03-27,2.09,2.21,2.09,2.21,1858761,14903929.00
2013-03-28,2.22,2.27,2.18,2.22,2447696,19897480.00
2013-03-29,2.20,2.24,2.19,2.22,1768832,14342999.00
2013-04-01,2.22,2.30,2.22,2.24,1630587,13508693.00
2013-04-02,2.24,2.26,2.22,2.24,1338550,10960248.00
2013-04-03,2.23,2.25,2.14,2.14,1598123,12714842.00
2013-04-08,2.13,2.13,2.04,2.08,1269009,9680744.00
2013-04-09,2.07,2.18,2.07,2.14,615366,4804880.00
2013-04-10,2.14,2.17,2.12,2.14,657225,5151531.50
2013-04-11,2.14,2.14,2.13,2.14,374868,2933417.75
2013-04-12,2.14,2.14,2.10,2.12,720999,5604613.00
2013-04-15,2.09,2.13,2.07,2.09,651799,4997201.00
2013-04-16,2.05,2.12,2.05,2.10,595098,4566344.50
2013-04-18,2.17,2.29,2.17,2.21,5838674,47505692.00
2013-04-19,2.16,2.23,2.14,2.21,4086864,32789516.00
2013-04-22,2.18,2.19,2.12,2.16,2130462,16778230.00
2013-04-23,2.16,2.16,2.05,2.06,1812671,13864916.00
2013-04-24,2.03,2.06,1.97,2.04,1188785,8805115.00
2013-04-25,2.01,2.03,1.94,1.94,1754118,12663815.00
2013-04-26,1.94,2.03,1.94,1.99,853273,6169525.00
2013-05-02,1.97,2.04,1.96,2.00,666691,4922327.50
2013-05-03,1.99,2.03,1.99,2.00,740962,5467871.50
2013-05-06,2.00,2.02,1.98,2.00,955390,7009880.50
2013-05-07,1.99,2.01,1.97,1.98,630457,4592655.00
2013-05-08,1.97,2.01,1.94,1.96,837901,6073150.50
2013-05-09,1.96,1.96,1.92,1.93,893058,6375555.50
2013-05-10,1.92,1.98,1.92,1.98,891108,6381641.00
2013-05-13,1.96,1.98,1.94,1.96,523951,3772339.50
2013-05-14,1.96,1.97,1.93,1.97,635069,4574851.00
2013-05-15,1.97,1.98,1.96,1.97,431602,3120478.50
2013-05-16,1.98,2.02,1.96,2.00,1028644,7573083.50
2013-05-17,1.99,2.06,1.99,2.03,825004,6182083.50
2013-05-20,2.06,2.10,2.03,2.07,967948,7371641.00
2013-05-21,2.08,2.08,2.03,2.05,789810,5942754.50
2013-05-22,2.06,2.08,2.03,2.04,706648,5319310.50
2013-05-23,2.03,2.04,1.98,2.03,779917,5778819.00
2013-05-24,2.03,2.05,2.01,2.04,380643,2834925.50
2013-05-27,2.04,2.09,2.03,2.05,635465,4790772.00
2013-05-28,2.04,2.07,2.03,2.07,686450,5190153.00
2013-05-29,2.09,2.26,2.07,2.14,2734881,21849304.00
2013-05-30,2.14,2.16,2.11,2.15,1109725,8689381.00
2013-05-31,2.15,2.18,2.13,2.14,928154,7349560.50
2013-06-03,2.14,2.18,2.11,2.13,548484,4310302.00
2013-06-04,2.13,2.14,2.10,2.10,958952,7450362.00
2013-06-05,2.09,2.16,2.08,2.14,613066,4797138.00
2013-06-06,2.15,2.15,2.08,2.08,471799,3647941.25
2013-06-07,2.08,2.10,2.06,2.06,407397,3107352.50
2013-06-13,2.02,2.06,1.94,1.96,816120,5902919.00
2013-06-14,1.97,2.00,1.96,1.99,373400,2722194.00
2013-06-17,1.99,1.99,1.96,1.98,243783,1772627.75
2013-06-18,1.97,2.02,1.97,2.02,274509,2022508.88
2013-06-19,2.02,2.02,1.98,2.01,229882,1680385.88
2013-06-20,2.02,2.04,1.80,1.97,404974,2968884.75
2013-06-21,1.93,1.98,1.92,1.98,330192,2361013.50
2013-06-24,1.98,1.98,1.78,1.80,1086312,7313647.50
2013-06-25,1.80,1.81,1.63,1.77,1017820,6412888.00
2013-06-26,1.80,1.80,1.73,1.75,662694,4275805.50
2013-06-27,1.73,1.77,1.68,1.68,812134,5143249.00
2013-06-28,1.68,1.78,1.66,1.69,708075,4497486.50
2013-07-01,1.68,1.72,1.68,1.72,251825,1577747.75
2013-07-02,1.73,1.75,1.68,1.74,390965,2458631.50
2013-07-03,1.73,1.74,1.69,1.71,545195,3426459.75
2013-07-04,1.70,1.75,1.66,1.73,660325,4167974.50
2013-07-05,1.76,1.77,1.73,1.74,669904,4306326.00
2013-07-08,1.73,1.74,1.63,1.63,660168,4052205.25
2013-07-09,1.67,1.67,1.62,1.65,725943,4380695.50
2013-07-10,1.66,1.69,1.64,1.68,373132,2292995.00
2013-07-11,1.70,1.76,1.67,1.74,464838,2961258.25
2013-07-12,1.72,1.87,1.72,1.78,634029,4173137.00
2013-07-15,1.78,1.82,1.76,1.79,258101,1699110.75
2013-07-16,1.77,1.82,1.77,1.79,245064,1609321.25
2013-07-17,1.78,1.82,1.76,1.80,546077,3590585.00
2013-07-18,1.80,1.80,1.73,1.75,401100,2591012.00
2013-07-19,1.76,1.78,1.71,1.73,231200,1482431.75
2013-07-22,1.73,1.75,1.69,1.72,224662,1426046.25
2013-07-23,1.72,1.78,1.72,1.76,273749,1764460.88
2013-07-24,1.75,1.77,1.74,1.76,200705,1296233.13
2013-07-25,1.77,1.78,1.74,1.75,455475,2947063.75
2013-07-26,1.75,1.78,1.75,1.76,293090,1898453.88
2013-07-29,1.75,1.82,1.72,1.76,482665,3126321.50
2013-07-30,1.78,1.78,1.63,1.76,304033,1953764.63
2013-07-31,1.77,1.81,1.76,1.78,484946,3177140.75
2013-08-01,1.77,1.88,1.77,1.82,824246,5511192.00
2013-08-02,1.82,1.86,1.81,1.86,822082,5549858.00
2013-08-05,1.85,1.87,1.84,1.87,546238,3713760.25
2013-08-06,1.90,1.97,1.85,1.94,1899313,13348718.00
2013-08-07,1.94,2.00,1.92,1.95,704039,5029823.50
2013-08-08,1.95,2.14,1.94,2.01,1337946,9887746.00
2013-08-09,2.00,2.13,2.00,2.09,1750004,13205508.00
2013-08-26,2.26,2.26,2.00,2.08,4121218,32151492.00
2013-08-27,2.05,2.07,1.98,2.01,2371194,17420054.00
2013-08-29,2.02,2.05,1.94,2.00,1249568,9134456.00
2013-08-30,2.03,2.14,2.00,2.00,2242081,16794822.00
2013-09-02,1.99,2.00,1.93,1.97,1591478,11367982.00
2013-09-03,1.96,2.00,1.94,1.98,804130,5802149.00
2013-09-04,1.98,1.99,1.96,1.98,520300,3760624.00
2013-09-05,1.99,2.02,1.98,1.98,670001,4866614.00
2013-09-06,1.96,1.99,1.96,1.98,663308,4772176.50
2013-09-09,1.99,2.04,1.96,2.01,1450795,10651165.00
2013-09-10,2.01,2.04,2.00,2.03,675386,4981823.00
2013-09-11,2.04,2.04,1.98,2.02,1056320,7718887.50
2013-09-12,2.02,2.07,2.01,2.03,841114,6251802.00
2013-09-13,2.02,2.05,2.00,2.03,476164,3521048.25
2013-09-16,2.05,2.05,2.00,2.01,340682,2507420.25
2013-09-17,2.00,2.05,1.97,1.97,449720,3288511.00
2013-09-18,1.99,2.01,1.96,1.98,666193,4823733.00
2013-09-23,1.98,2.00,1.96,1.98,699836,5054404.50
2013-09-24,2.01,2.01,1.94,1.95,625495,4481078.00
2013-09-25,1.95,1.96,1.89,1.89,983535,6904804.00
2013-09-26,1.87,1.89,1.84,1.84,1224295,8341697.00
2013-09-27,1.85,1.86,1.84,1.85,273032,1853747.50
2013-09-30,1.88,1.88,1.83,1.86,415783,2830540.00
2013-10-08,1.88,1.90,1.86,1.89,672121,4641111.50
2013-10-09,1.90,1.90,1.88,1.89,631784,4368594.00
2013-10-10,1.88,1.90,1.86,1.86,725108,4964213.50
2013-10-11,1.86,1.93,1.86,1.92,1098201,7596434.50
2013-10-14,1.92,1.94,1.88,1.94,1301238,9110439.00
2013-10-15,1.98,1.98,1.93,1.97,757367,5404470.50
2013-10-16,2.00,2.16,2.00,2.07,5534277,41930140.00
2013-10-17,2.01,2.07,1.92,1.94,3113791,22443538.00
2013-10-18,1.93,1.94,1.90,1.94,725620,5108298.50
2013-10-21,1.95,1.97,1.92,1.96,1177019,8398075.00
2013-10-22,1.96,1.97,1.94,1.96,784454,5596201.50
2013-10-23,1.94,2.04,1.93,1.99,1412128,10225084.00
2013-10-24,1.97,1.98,1.94,1.95,673269,4819737.00
2013-10-25,1.97,1.98,1.88,1.91,731550,5171053.50
2013-10-28,1.91,1.92,1.87,1.88,381120,2630250.00
2013-10-29,1.89,1.89,1.75,1.80,733922,4898899.00
2013-10-30,1.80,1.84,1.78,1.82,382827,2555037.50
2013-10-31,1.82,1.86,1.82,1.86,334950,2267165.75
2013-11-01,1.85,1.87,1.80,1.83,455859,3045054.50
2013-11-04,1.81,1.85,1.81,1.85,315488,2112456.75
2013-11-05,1.83,1.84,1.81,1.84,636100,4250324.50
2013-11-06,1.82,1.85,1.81,1.83,389100,2616111.00
2013-11-07,1.82,1.84,1.78,1.81,426695,2834373.25
2013-11-08,1.79,1.81,1.76,1.78,203028,1328050.25
2013-11-11,1.78,1.81,1.74,1.81,328316,2150914.25
2013-11-12,1.78,1.82,1.78,1.81,333340,2212439.50
2013-11-13,1.80,1.84,1.79,1.81,412047,2748900.75
2013-11-14,1.85,1.86,1.81,1.85,359422,2419501.75
2013-11-15,1.86,1.88,1.84,1.86,542267,3693800.75
2013-11-18,1.85,1.88,1.85,1.88,395053,2702396.00
2013-11-19,1.89,1.89,1.84,1.88,292617,2002569.63
2013-11-20,1.88,1.89,1.84,1.89,332887,2283723.00
2013-11-21,1.88,1.91,1.85,1.88,382900,2640628.25
2013-11-22,1.86,1.89,1.80,1.86,304457,2068725.63
2013-11-25,1.88,1.88,1.83,1.86,233738,1594795.63
2013-11-26,1.91,1.91,1.85,1.88,728937,4986861.00
2013-11-27,1.88,1.88,1.85,1.88,1574652,10744828.00
2013-11-28,1.86,1.93,1.86,1.90,1148605,7991964.00
2013-11-29,1.90,1.94,1.87,1.88,1349729,9375075.00
2013-12-02,1.85,1.86,1.74,1.77,717862,4742414.00
2013-12-03,1.77,1.81,1.59,1.81,472762,3062693.00
2013-12-04,1.81,1.85,1.78,1.83,490606,3279315.25
2013-12-05,1.82,1.84,1.80,1.82,321068,2146600.25
2013-12-06,1.82,1.85,1.80,1.80,453415,3001161.25
2013-12-09,1.80,1.80,1.78,1.80,409461,2691140.00
2013-12-10,1.80,1.82,1.80,1.82,376291,2499497.50
2013-12-11,1.80,1.83,1.80,1.82,490869,3272737.25
2013-12-12,1.82,1.83,1.78,1.82,347962,2320418.75
2013-12-13,1.81,1.82,1.80,1.81,271321,1802036.00
2013-12-16,1.81,1.82,1.76,1.78,374802,2453467.25
2013-12-17,1.79,1.79,1.76,1.76,199701,1294329.50
2013-12-18,1.78,1.78,1.72,1.76,282956,1826649.63
2013-12-19,1.76,1.78,1.74,1.76,376021,2444152.00
2013-12-20,1.75,1.76,1.72,1.74,205694,1313871.88
2013-12-23,1.75,1.75,1.71,1.72,530498,3358999.75
2013-12-24,1.72,1.75,1.71,1.74,440307,2790468.75
2013-12-25,1.73,1.78,1.71,1.74,206710,1331843.88
2013-12-26,1.75,1.76,1.71,1.71,258050,1631227.50
2013-12-27,1.72,1.75,1.71,1.74,383307,2441304.50
2013-12-30,1.75,1.75,1.73,1.74,141315,902022.44
2013-12-31,1.73,1.76,1.73,1.75,267259,1711920.50
2014-01-02,1.75,1.76,1.74,1.75,176985,1140041.50
2014-01-03,1.75,1.76,1.74,1.75,293468,1882635.50
2014-01-06,1.73,1.80,1.73,1.75,653594,4235069.00
2014-01-07,1.75,1.77,1.74,1.76,367500,2371831.00
2014-01-08,1.77,1.80,1.77,1.80,869500,5705838.50
2014-01-09,1.80,1.81,1.76,1.77,490418,3219600.75
2014-01-10,1.73,1.77,1.69,1.69,537922,3404180.75
2014-01-13,1.67,1.85,1.66,1.76,733833,4742106.00
2014-01-14,1.73,1.80,1.73,1.80,338614,2196339.25
2014-01-15,1.78,1.84,1.73,1.79,263311,1728481.25
2014-01-16,1.83,1.84,1.75,1.81,924299,6158749.50
2014-01-17,1.62,1.88,1.62,1.81,1348361,8530645.00
2014-01-20,1.81,1.82,1.76,1.80,1079473,7122847.50
2014-01-21,1.81,1.81,1.77,1.81,466434,3083147.75
2014-01-22,1.81,1.84,1.77,1.84,729832,4871097.50
2014-01-23,1.84,1.85,1.82,1.83,811282,5447188.00
2014-01-24,1.84,1.91,1.84,1.87,1887942,13027291.00
2014-01-27,1.85,1.93,1.84,1.86,669199,4573205.00
2014-01-28,1.84,1.92,1.83,1.85,640393,4340263.50
2014-01-29,1.85,1.88,1.84,1.87,849950,5799230.50
2014-01-30,1.87,1.89,1.84,1.86,467400,3200044.00
2014-02-07,1.83,1.86,1.82,1.86,610804,4127957.25
2014-02-10,1.86,1.89,1.85,1.88,1519528,10440517.00
2014-02-11,1.89,1.92,1.86,1.92,1754692,12151532.00
2014-02-12,1.92,1.92,1.90,1.92,763224,5332390.00
2014-02-13,1.91,1.94,1.88,1.88,499883,3482596.25
2014-02-14,1.88,1.93,1.88,1.92,1226338,8578022.00
2014-02-17,1.94,1.96,1.92,1.95,1196251,8505544.00
2014-02-18,1.95,1.96,1.89,1.90,1861681,13000361.00
2014-02-19,1.91,1.92,1.89,1.92,1199010,8366833.00
2014-02-20,1.92,1.93,1.88,1.92,1489801,10403998.00
2014-02-21,1.92,1.98,1.89,1.97,2190693,15536552.00
2014-02-24,1.96,1.97,1.87,1.91,3722072,26198534.00
2014-02-25,1.89,1.91,1.77,1.84,1940801,13241276.00
2014-02-26,1.84,1.92,1.80,1.87,1498708,10258319.00
2014-02-27,1.86,1.88,1.80,1.80,1002345,6770152.00
2014-02-28,1.77,1.80,1.74,1.78,1112380,7259773.00
2014-03-03,1.79,1.81,1.77,1.81,1065902,7024568.50
2014-03-04,1.79,1.83,1.79,1.82,593161,3943708.00
2014-03-05,1.81,1.82,1.80,1.82,509166,3377154.00
2014-03-06,1.79,1.85,1.78,1.84,975358,6509579.50
2014-03-07,1.83,1.83,1.80,1.81,511878,3407944.25
2014-03-10,1.81,1.82,1.70,1.72,820300,5312016.50
2014-03-11,1.73,1.74,1.69,1.74,615284,3898251.50
2014-03-12,1.73,1.78,1.73,1.75,715471,4618768.50
2014-03-13,1.73,1.78,1.73,1.76,978933,6309556.50
2014-03-14,1.74,1.76,1.74,1.76,661675,4244670.00
2014-03-17,1.76,1.80,1.75,1.79,850107,5556112.00
2014-03-18,1.79,1.82,1.78,1.79,779212,5123935.50
2014-03-19,1.78,1.79,1.76,1.78,577062,3754581.50
2014-03-20,1.97,1.97,1.91,1.97,6691560,48060884.00
2014-03-21,1.96,2.08,1.86,2.01,9760778,70958192.00
2014-03-24,1.97,2.17,1.96,2.09,8726022,65411336.00
2014-03-25,2.05,2.09,2.00,2.06,5417591,40410364.00
2014-03-26,2.03,2.05,1.98,2.03,2990920,21960206.00
2014-03-27,2.04,2.15,2.00,2.05,5768546,43902008.00
2014-03-28,2.02,2.26,2.00,2.16,8329697,65791024.00
2014-03-31,2.14,2.37,2.11,2.27,8841909,71861376.00
2014-04-01,2.27,2.28,2.14,2.22,5377533,43239184.00
2014-04-02,2.23,2.33,2.18,2.22,7598309,61917076.00
2014-04-03,2.19,2.20,2.03,2.08,6103160,46777488.00
2014-04-04,2.06,2.11,2.05,2.10,3179787,24174518.00
2014-04-08,2.08,2.12,2.07,2.08,2532541,19287284.00
2014-04-09,2.10,2.10,2.06,2.10,2296305,17436590.00
2014-04-10,2.11,2.11,2.03,2.04,3707604,27824666.00
2014-04-11,2.04,2.07,2.03,2.03,2164927,16170948.00
2014-04-14,2.04,2.05,1.98,2.04,2163995,15950990.00
2014-04-15,2.04,2.06,2.01,2.01,1515418,11248531.00
2014-04-16,2.01,2.05,2.01,2.04,1433482,10635913.00
2014-04-17,2.05,2.05,1.98,2.01,2100393,15424348.00
2014-04-18,2.01,2.02,1.99,2.01,758136,5554815.50
2014-04-21,2.02,2.02,1.96,1.96,1354327,9851481.00
2014-04-22,1.96,2.00,1.94,1.99,2057692,14856080.00
2014-04-23,2.01,2.01,1.96,1.96,1025641,7391439.50
2014-04-24,1.98,2.01,1.97,1.98,1801509,13071013.00
2014-04-25,1.98,2.00,1.84,1.86,2877451,20036402.00
2014-04-28,1.86,1.88,1.81,1.81,1007612,6742121.00
2014-04-29,1.82,1.84,1.79,1.84,1031972,6852214.50
2014-04-30,1.82,1.88,1.82,1.86,740909,5027330.50
2014-05-05,1.86,1.91,1.82,1.91,1638583,11299158.00
2014-05-06,1.90,1.93,1.90,1.90,1050550,7356472.50
2014-05-07,1.89,1.90,1.84,1.85,753279,5175193.50
2014-05-08,1.87,1.91,1.85,1.88,1228338,8371602.00
2014-05-09,1.87,1.89,1.84,1.86,695905,4661442.50
2014-05-12,1.86,1.90,1.86,1.89,860525,5859920.00
2014-05-13,1.89,1.92,1.88,1.90,843057,5788502.50
2014-05-14,1.92,1.95,1.90,1.91,1429481,9870072.00
2014-05-15,1.90,1.90,1.83,1.83,1081001,7260829.00
2014-05-16,1.84,1.84,1.73,1.82,638890,4182668.00
2014-05-19,1.80,1.85,1.77,1.84,947594,6201489.50
2014-05-20,1.86,1.86,1.82,1.84,633979,4214764.00
2014-05-21,1.84,1.86,1.80,1.85,667103,4422203.00
2014-05-22,1.85,1.88,1.85,1.85,608301,4103748.00
2014-05-23,1.88,1.88,1.85,1.88,862473,5830449.50
2014-05-26,1.90,1.90,1.86,1.88,550217,3732986.25
2014-05-27,1.86,1.88,1.84,1.84,555880,3749246.25
2014-05-28,1.86,1.87,1.84,1.87,1342956,9023683.00
2014-05-29,1.88,1.89,1.85,1.86,588905,3962558.50
2014-05-30,1.86,1.87,1.84,1.85,880173,5878043.00
2014-06-03,1.84,1.90,1.84,1.88,1933437,13081201.00
2014-06-04,1.88,1.89,1.87,1.88,713958,4840016.00
2014-06-05,1.89,1.92,1.87,1.88,853065,5811949.00
2014-06-06,1.89,1.92,1.89,1.90,806007,5527421.50
2014-06-09,1.89,1.92,1.88,1.90,982477,6754036.00
2014-06-10,1.89,1.92,1.88,1.90,1200978,8227631.00
2014-06-11,1.90,1.92,1.89,1.92,1193027,8183690.50
2014-06-12,1.91,1.94,1.90,1.92,1321980,9165217.00
2014-06-13,1.92,1.95,1.92,1.93,847903,5925689.00
2014-06-16,1.92,1.95,1.92,1.93,1395979,9711849.00
2014-06-17,1.92,1.93,1.88,1.90,1064954,7301946.00
2014-06-18,1.89,1.90,1.88,1.88,644705,4397024.50
2014-06-19,1.88,1.88,1.77,1.79,819556,5409773.50
2014-06-20,1.81,1.82,1.78,1.81,497330,3234517.75
2014-06-23,1.82,1.90,1.81,1.87,1283171,8635956.00
2014-06-24,1.88,1.93,1.86,1.91,1037074,7107842.00
2014-06-25,1.92,1.95,1.89,1.93,1203775,8377186.50
2014-06-26,1.93,1.95,1.93,1.94,931379,6513445.00
2014-06-27,1.94,2.00,1.92,1.98,2206292,15619297.00
2014-06-30,1.98,2.01,1.96,1.99,1827626,13095799.00
2014-07-01,1.99,2.01,1.96,1.98,1799368,12826932.00
2014-07-02,1.97,1.98,1.96,1.96,1128123,7993147.00
2014-07-03,1.96,2.00,1.96,2.00,1056231,7559545.50
2014-07-04,2.00,2.01,1.98,1.99,685038,4915263.50
2014-07-07,1.99,2.00,1.99,2.00,780358,5607120.00
2014-07-08,2.00,2.01,1.98,2.01,797795,5750860.50
2014-07-09,2.05,2.11,2.02,2.03,4668720,34558540.00
2014-07-10,2.01,2.02,1.97,1.98,1970118,14160579.00
2014-07-11,1.98,2.03,1.97,2.03,1724370,12524419.00
2014-07-14,2.05,2.08,2.03,2.06,2516246,18665968.00
2014-07-15,2.05,2.11,2.04,2.11,3105087,23271400.00
2014-07-16,2.10,2.13,2.07,2.09,1664105,12574177.00
2014-07-17,2.08,2.11,2.06,2.09,807926,6057720.00
2014-07-18,2.09,2.14,2.07,2.12,1820994,13818889.00
2014-07-21,2.12,2.17,2.08,2.08,1626732,12387810.00
2014-07-22,2.08,2.12,2.06,2.12,2342934,17650106.00
2014-07-23,2.12,2.12,2.05,2.07,1287397,9680934.00
2014-07-24,2.07,2.16,2.07,2.10,3042603,23204324.00
2014-07-25,2.09,2.11,2.06,2.10,2129193,15961792.00
2014-07-28,2.10,2.19,2.08,2.17,5717843,44026428.00
2014-07-29,2.17,2.21,2.16,2.21,4649277,36551624.00
2014-07-30,2.20,2.20,2.13,2.15,2758360,21379914.00
2014-07-31,2.14,2.18,2.13,2.17,1166303,9032914.00
2014-08-01,2.16,2.18,2.14,2.14,1867040,14516234.00
2014-08-04,2.14,2.19,2.13,2.18,2423617,18814438.00
2014-08-05,2.18,2.20,2.14,2.19,2312740,18064128.00
2014-08-06,2.18,2.21,2.18,2.19,1070122,8426249.00
2014-08-07,2.20,2.20,2.14,2.15,950859,7427594.00
2014-08-08,2.16,2.17,2.15,2.16,1171791,9100114.00
2014-08-11,2.17,2.20,2.16,2.20,1435640,11280160.00
2014-08-12,2.19,2.26,2.19,2.24,2190156,17525482.00
2014-08-13,2.21,2.29,2.20,2.24,2759787,22233878.00
2014-08-14,2.24,2.30,2.23,2.26,2330261,19022148.00
2014-08-15,2.28,2.31,2.26,2.29,1986923,16339290.00
2014-08-18,2.29,2.36,2.29,2.35,2312858,19281730.00
2014-08-19,2.35,2.36,2.30,2.33,1908672,15899831.00
2014-08-20,2.32,2.34,2.29,2.34,2465442,20505512.00
2014-08-21,2.34,2.34,2.28,2.31,2059200,17063978.00
2014-08-22,2.31,2.33,2.29,2.33,2750161,22812856.00
2014-08-25,2.33,2.37,2.31,2.36,2036970,17173574.00
2014-08-26,2.37,2.42,2.26,2.28,3963449,33514614.00
2014-08-27,2.28,2.33,2.27,2.32,2154675,17842666.00
2014-08-28,2.32,2.38,2.30,2.35,1808420,15232647.00
2014-08-29,2.34,2.45,2.34,2.42,3618470,31379444.00
2014-09-01,2.44,2.54,2.40,2.46,4972021,44302532.00
2014-09-02,2.45,2.53,2.45,2.49,3735615,33299580.00
2014-09-03,2.49,2.61,2.47,2.59,4562700,41692928.00
2014-09-04,2.61,2.86,2.61,2.86,10777583,107122000.00
2014-09-05,2.88,3.07,2.86,2.92,9019840,94503832.00
2014-09-09,2.97,2.97,2.81,2.90,4948548,50593716.00
2014-09-10,2.88,2.90,2.83,2.87,4448483,45363040.00
2014-09-11,2.85,2.90,2.78,2.84,4234497,42860000.00
2014-09-12,2.84,2.85,2.77,2.80,4629519,46431672.00
2014-09-15,2.82,2.90,2.78,2.85,4979314,50572308.00
2014-09-16,2.85,2.95,2.79,2.80,5666993,58087696.00
2014-09-17,2.80,2.82,2.70,2.74,4078165,40197808.00
2014-09-18,2.72,2.75,2.69,2.73,3018999,29404074.00
2014-09-19,2.72,2.93,2.72,2.91,7576755,77444256.00
2014-09-22,2.86,2.91,2.83,2.88,3143691,32238194.00
2014-09-23,2.90,2.97,2.86,2.97,3450748,36022900.00
2014-09-24,2.98,3.14,2.94,2.98,4169300,45004720.00
2014-09-25,3.00,3.11,2.96,2.97,3863766,41690608.00
2014-09-26,2.97,3.01,2.91,2.96,2120748,22526550.00
2014-09-29,2.97,3.10,2.92,3.09,4857478,52123568.00
2014-09-30,3.06,3.19,3.05,3.17,2912902,32530184.00
2014-10-08,3.26,3.26,3.17,3.22,2176373,24897972.00
2014-10-09,3.22,3.22,3.08,3.17,2592955,29022218.00
2014-10-10,3.13,3.19,3.06,3.14,2329465,25941570.00
2014-10-13,3.16,3.18,3.09,3.18,1847868,20639104.00
2014-10-14,3.15,3.31,3.14,3.26,3194890,36937584.00
2014-10-15,3.29,3.40,3.27,3.27,3076679,36595028.00
2014-10-16,3.26,3.30,3.14,3.27,2092407,24188236.00
2014-10-17,3.23,3.36,3.08,3.10,4090172,47081464.00
2014-10-20,3.11,3.19,3.06,3.11,3032395,33608720.00
2014-10-21,3.11,3.14,2.98,3.00,2171625,23591782.00
2014-10-22,3.01,3.01,2.88,2.92,2013042,21247274.00
2014-10-23,2.90,2.94,2.80,2.85,2393281,24494124.00
2014-10-24,2.84,2.93,2.77,2.92,1799093,18426836.00
2014-10-27,2.89,2.98,2.87,2.92,1516314,15926574.00
2014-10-28,2.92,3.01,2.92,2.98,2135771,22644054.00
2014-10-29,2.99,3.08,2.97,3.03,2249864,24262524.00
2014-10-30,3.06,3.12,3.04,3.09,2407942,26532144.00
2014-10-31,3.26,3.26,3.04,3.10,2025069,22518206.00
2014-11-03,3.10,3.11,3.05,3.10,1825707,20060386.00
2014-11-04,3.10,3.11,3.03,3.06,2452986,26905410.00
2014-11-05,3.08,3.10,3.03,3.06,1183337,12920076.00
2014-11-06,3.06,3.13,3.03,3.10,1448873,15987422.00
2014-11-07,3.09,3.20,3.06,3.10,2330431,26139592.00
2014-11-10,3.17,3.17,2.95,3.02,3371391,36684416.00
2014-11-11,2.99,3.02,2.80,2.87,3327952,34297772.00
2014-11-12,2.84,2.96,2.84,2.95,1111269,11577332.00
2014-11-13,2.90,2.96,2.85,2.89,1073410,11060677.00
2014-11-14,2.88,2.96,2.83,2.96,970554,10037226.00
2014-11-17,2.95,2.99,2.88,2.88,1940616,20294826.00
2014-11-18,2.89,2.94,2.86,2.91,4029966,41448140.00
2014-11-19,2.97,3.00,2.74,2.79,9014090,90373568.00
2014-11-20,2.76,2.78,2.74,2.77,3485438,34326536.00
2014-11-21,2.78,2.82,2.76,2.82,3116785,31170824.00
2014-11-24,2.89,2.97,2.87,2.94,8886476,92748368.00
2014-11-25,2.91,2.93,2.88,2.91,3694891,38237476.00
2014-11-26,2.91,2.97,2.87,2.94,3986391,41623792.00
2014-11-27,2.94,2.96,2.88,2.93,4465935,46640044.00
2014-11-28,2.91,3.17,2.89,3.17,8678496,94073520.00
2014-12-01,3.20,3.20,3.02,3.04,6459606,70995064.00
2014-12-02,3.03,3.10,2.98,3.04,3407605,37089496.00
2014-12-03,3.04,3.17,2.94,3.06,5846959,64134312.00
2014-12-04,3.03,3.08,2.99,3.04,4387503,47546216.00
2014-12-05,3.02,3.03,2.83,2.85,4979894,51534932.00
2014-12-08,2.84,2.93,2.80,2.89,4349739,44488640.00
2014-12-09,2.86,2.89,2.69,2.70,5805627,58179136.00
2014-12-10,2.70,2.76,2.66,2.75,2340713,22617390.00
2014-12-11,2.73,2.84,2.72,2.82,3299620,33043332.00
2014-12-12,2.79,2.84,2.79,2.84,2403698,24201784.00
2014-12-15,2.84,2.86,2.79,2.83,3615862,36352312.00
2014-12-16,2.83,2.84,2.80,2.82,1856149,18685692.00
2014-12-17,2.80,2.83,2.74,2.76,2532101,25196976.00
2014-12-18,2.76,2.81,2.75,2.77,1961027,19485338.00
2014-12-19,2.78,2.78,2.71,2.77,1964311,19275124.00
2014-12-22,2.76,2.76,2.48,2.48,4252709,38504540.00
2014-12-23,2.46,2.49,2.31,2.41,3399115,29302442.00
2014-12-24,2.42,2.48,2.39,2.46,2462578,21355798.00
2014-12-25,2.46,2.50,2.42,2.47,2594376,22888544.00
2014-12-26,2.47,2.54,2.46,2.50,1935949,17294434.00
2014-12-29,2.48,2.51,2.40,2.46,3472476,30493050.00
2014-12-30,2.45,2.47,2.40,2.41,1984100,17333228.00
2014-12-31,2.43,2.50,2.40,2.48,2173472,19065728.00
2015-01-05,2.48,2.66,2.48,2.60,6127607,56599644.00
2015-01-06,2.59,2.59,2.49,2.57,2838162,25713058.00
2015-01-07,2.55,2.57,2.53,2.56,1605821,14641251.00
2015-01-08,2.54,2.56,2.49,2.54,1768187,15977772.00
2015-01-09,2.52,2.55,2.48,2.48,2414598,21879868.00
2015-01-12,2.48,2.48,2.37,2.38,1697609,14680951.00
2015-01-13,2.39,2.44,2.38,2.42,1374431,11908567.00
2015-01-14,2.44,2.48,2.42,2.44,1748801,15325251.00
2015-01-15,2.45,2.54,2.44,2.47,1840510,16433018.00
2015-01-16,2.50,2.50,2.45,2.49,1636130,14530362.00
2015-01-19,2.44,2.54,2.41,2.44,2023755,18015684.00
2015-01-20,2.44,2.53,2.42,2.51,2165012,19376804.00
2015-01-22,2.73,2.77,2.62,2.77,6971681,67642048.00
2015-01-23,2.78,2.89,2.68,2.72,5530318,55115532.00
2015-01-26,2.70,2.78,2.65,2.78,2605923,25358114.00
2015-01-27,2.74,2.81,2.74,2.78,2200576,21764192.00
2015-01-28,2.78,2.85,2.76,2.78,2179558,21850032.00
2015-01-29,2.77,2.81,2.74,2.80,1889019,18817960.00
2015-01-30,2.84,3.08,2.83,2.93,4985437,52744144.00
2015-02-02,2.86,2.91,2.77,2.82,2721383,27567338.00
2015-02-03,2.81,2.86,2.80,2.85,2065901,20926162.00
2015-02-04,2.87,2.87,2.82,2.82,1401474,14193569.00
2015-02-05,2.88,2.91,2.80,2.80,1993848,20301258.00
2015-02-06,2.78,2.80,2.74,2.75,3025833,29800024.00
2015-02-09,2.76,2.81,2.74,2.79,1283305,12758398.00
2015-02-10,2.80,2.88,2.79,2.83,1511855,15275521.00
2015-02-11,2.84,2.93,2.81,2.90,1698985,17457846.00
2015-02-12,2.88,2.98,2.88,2.96,2083284,21896588.00
2015-02-13,2.96,3.11,2.96,3.00,3538480,38422616.00
2015-02-16,2.99,3.17,2.99,3.17,2832254,31113370.00
2015-02-17,3.14,3.18,3.07,3.09,2761911,30567916.00
2015-02-25,3.10,3.41,3.10,3.29,9013492,106855216.00
2015-02-26,3.29,3.62,3.22,3.62,8263718,102825560.00
2015-02-27,3.73,3.86,3.64,3.71,7542556,99464440.00
2015-03-02,3.82,3.96,3.70,3.82,8041544,108682440.00
2015-03-03,3.78,3.86,3.70,3.73,5136427,68766032.00
2015-03-04,3.70,3.76,3.60,3.62,4403985,57644600.00
2015-03-05,3.64,3.68,3.56,3.67,3925359,50495420.00
2015-03-06,3.67,3.67,3.43,3.44,4678929,58707948.00
2015-03-09,3.43,3.55,3.34,3.52,4181008,51410956.00
2015-03-10,3.47,3.64,3.47,3.50,2998486,37877056.00
2015-03-11,3.50,3.54,3.37,3.40,4022924,48977276.00
2015-03-12,3.41,3.50,3.36,3.42,3212897,39342308.00
2015-03-13,3.43,3.54,3.43,3.45,5614561,69393376.00
2015-03-16,3.50,3.61,3.46,3.59,3892207,49253576.00
2015-03-17,3.65,3.71,3.54,3.60,4651204,60181020.00
2015-03-18,3.60,3.71,3.56,3.70,5004112,64970176.00
2015-03-19,3.70,3.70,3.58,3.64,3812791,49177668.00
2015-03-20,3.63,3.80,3.60,3.80,9450770,124966584.00
2015-03-23,3.86,3.99,3.80,3.84,6306326,87088320.00
2015-03-24,3.85,3.85,3.58,3.73,5408300,71436656.00
2015-03-25,3.73,3.74,3.57,3.66,5080165,65736904.00
2015-03-26,3.67,3.71,3.61,3.68,3789329,49277364.00
2015-03-27,3.67,4.06,3.67,4.06,8917252,121681920.00
2015-03-30,4.17,4.47,4.00,4.47,13052773,197379728.00
2015-03-31,4.76,4.86,4.46,4.47,14589466,237891600.00
2015-04-01,4.53,4.53,4.38,4.42,7327863,114851064.00
2015-04-02,4.42,4.50,4.38,4.46,6112361,96253096.00
2015-04-03,4.42,4.42,4.32,4.37,4896656,75727672.00
2015-04-07,4.33,4.44,4.29,4.42,5911817,92011640.00
2015-04-08,4.44,4.48,4.22,4.48,7163039,111265656.00
2015-04-09,4.47,4.70,4.22,4.62,9707564,154657104.00
2015-04-10,4.51,4.66,4.45,4.58,10261136,165772736.00
2015-04-13,4.57,4.57,4.39,4.40,11537564,182504176.00
2015-04-14,4.37,4.37,4.25,4.30,7590543,115563536.00
2015-04-15,4.30,4.34,4.06,4.07,6649256,98415144.00
2015-04-16,3.98,4.15,3.88,4.12,4714528,67884624.00
2015-04-17,4.09,4.19,4.07,4.09,4440701,64902112.00
2015-04-20,4.09,4.28,4.09,4.15,9285482,138001168.00
2015-04-21,4.14,4.22,4.07,4.20,5626164,83194296.00
2015-04-22,4.20,4.38,4.18,4.35,9033578,137802464.00
2015-04-23,4.34,4.41,4.29,4.34,6575731,101286944.00
2015-04-24,4.31,4.33,4.17,4.23,4428077,66891936.00
2015-04-27,4.23,4.34,4.17,4.24,9574518,144054560.00
2015-04-28,4.24,4.28,4.01,4.07,4474683,65788804.00
2015-04-29,4.06,4.16,4.03,4.14,3022403,44248584.00
2015-04-30,4.15,4.38,4.13,4.34,7801504,118150280.00
2015-05-04,4.32,4.48,4.23,4.48,8512984,132134712.00
2015-05-05,4.48,4.48,4.12,4.15,6040921,92074528.00
2015-05-06,4.37,4.37,4.12,4.16,4644404,69364408.00
2015-05-07,4.12,4.15,4.00,4.01,2677445,38432940.00
2015-05-08,4.06,4.25,4.05,4.24,3003085,43638920.00
2015-05-11,4.37,4.51,4.30,4.48,7680113,119653592.00
2015-05-12,4.50,4.51,4.37,4.44,6777148,106047456.00
2015-05-13,4.43,4.89,4.33,4.89,13786233,223364992.00
2015-05-14,4.81,4.98,4.70,4.86,9404076,158845120.00
2015-05-15,4.80,5.28,4.70,5.07,8742345,151484272.00
2015-05-18,5.09,5.58,5.09,5.58,8872645,171612544.00
2015-05-19,6.14,6.14,5.85,6.14,13658623,293273568.00
2015-05-20,6.75,6.75,6.16,6.75,21636314,503604192.00
2015-05-21,6.84,7.43,6.76,7.43,8778989,224046080.00
2015-05-22,8.18,8.18,7.01,7.01,15210276,403737984.00
2015-05-25,6.78,7.71,6.68,7.71,14134024,355240544.00
2015-05-26,7.77,8.48,7.37,8.27,12721491,354206944.00
2015-05-27,8.18,8.46,7.90,7.98,7340912,208278032.00
2015-05-28,7.74,8.18,7.18,7.18,10107329,269047136.00
2015-05-29,7.15,7.64,6.70,7.50,9945048,250688224.00
2015-06-01,7.41,8.21,7.41,8.17,12700244,349428448.00
2015-06-02,8.17,8.92,8.01,8.76,7785371,232708272.00
2015-06-03,8.58,8.84,8.18,8.41,5982335,177816640.00
2015-06-04,8.41,9.01,7.57,9.00,9973712,293764576.00
2015-06-05,8.84,9.90,8.76,9.69,15458502,507247232.00
2015-06-08,9.41,9.70,8.72,8.81,8723557,278114624.00
2015-06-09,8.64,8.84,8.27,8.32,5869544,174079376.00
2015-06-10,8.27,8.77,8.07,8.44,4914158,145929952.00
2015-06-11,8.44,8.89,8.41,8.59,4957895,149703184.00
2015-06-12,8.60,9.12,8.46,9.07,7361448,228524288.00
2015-06-15,9.07,9.12,8.71,8.76,4228068,131122512.00
2015-06-16,8.53,8.67,8.09,8.49,3359297,98207232.00
2015-06-17,8.27,8.47,8.10,8.40,4277607,123586848.00
2015-06-18,8.40,8.71,7.90,8.30,5259191,152141616.00
2015-06-19,8.01,8.27,7.50,7.91,4142394,115391944.00
2015-06-23,7.53,7.70,7.12,7.52,4967006,129829448.00
2015-06-24,7.70,7.98,7.41,7.60,4730832,126305232.00
2015-06-25,7.47,7.64,6.84,6.84,6104308,152822224.00
2015-06-26,6.55,6.55,6.15,6.15,2859500,62181820.00
2015-06-29,6.55,6.56,5.54,5.71,12392780,254729248.00
2015-06-30,5.56,6.28,5.14,6.28,10617388,206685200.00
2015-07-01,6.27,6.78,5.67,6.01,12940294,292819296.00
2015-07-02,5.98,6.27,5.41,5.55,9158067,184250784.00
2015-07-03,5.21,5.80,4.99,4.99,5932252,109776312.00
2015-07-06,5.47,5.47,4.49,4.49,7202448,122823168.00
2015-07-07,4.04,4.04,4.04,4.04,517600,7346298.00
2015-07-08,3.63,3.63,3.63,3.63,166200,2122374.00
2015-07-09,3.27,4.00,3.27,4.00,15620176,198819728.00
2015-07-10,4.02,4.40,4.01,4.40,10483516,159709136.00
2015-07-13,4.84,4.84,4.64,4.84,8795348,148191616.00
2015-07-14,5.03,5.33,5.00,5.33,10820561,200538160.00
2015-07-15,5.55,5.55,4.80,4.80,11074109,196380000.00
2015-07-16,4.38,5.12,4.38,4.87,5714969,96615536.00
2015-07-17,4.88,5.36,4.88,5.36,4160741,75934656.00
2015-07-20,5.46,5.83,5.42,5.76,5928159,116402896.00
2015-07-21,5.61,6.01,5.46,5.75,3370080,68719864.00
2015-07-22,5.75,5.90,5.37,5.54,5282177,103286760.00
2015-07-23,5.55,5.83,5.44,5.66,4695821,91950488.00
2015-07-24,5.67,5.80,5.52,5.55,5069625,100869280.00
2015-07-27,5.60,6.10,5.41,5.60,15347855,314961376.00
2015-07-28,5.36,5.73,5.04,5.48,8074134,152455792.00
2015-07-29,5.63,6.03,5.56,6.03,10044650,204370832.00
2015-07-30,6.11,6.52,6.03,6.27,8999318,199484384.00
2015-07-31,6.04,6.54,6.04,6.26,5002267,111012936.00
2015-08-03,6.27,6.38,5.90,5.99,5017543,108277656.00
2015-08-04,6.06,6.47,5.98,6.42,3207308,69751528.00
2015-08-05,6.42,6.90,6.35,6.44,5949525,138679216.00
2015-08-06,6.38,6.98,6.18,6.92,3970808,91232576.00
2015-08-07,7.01,7.26,6.86,7.14,6612752,163757600.00
2015-08-10,7.27,7.55,7.14,7.45,5087191,130785024.00
2015-08-11,7.46,7.78,7.38,7.50,3449336,91285496.00
2015-08-12,7.42,7.76,7.36,7.75,3577702,95398432.00
2015-08-13,7.81,8.53,7.81,8.53,8057429,235045296.00
2015-08-14,8.54,8.72,8.27,8.30,6402831,189355520.00
2015-08-17,8.30,8.40,8.07,8.38,3632005,104512024.00
2015-08-18,8.38,8.38,7.54,7.54,6142280,168554288.00
2015-08-19,7.52,8.04,6.87,7.90,5457119,140985568.00
2015-08-20,7.90,8.10,7.72,7.86,3412480,94736408.00
2015-08-21,7.80,7.97,7.27,7.50,3174785,84897128.00
2015-08-24,7.41,7.41,6.75,6.75,2773572,66533336.00
2015-08-25,6.07,6.07,6.07,6.07,702300,14958990.00
2015-08-26,6.07,6.24,5.46,5.46,10646601,210456688.00
2015-08-27,5.46,5.93,4.91,5.80,9678135,183842720.00
2015-08-28,5.98,6.12,5.80,6.07,9919547,206997456.00
2015-08-31,5.96,5.96,5.46,5.46,3959745,79462936.00
2015-09-01,5.18,5.38,4.91,4.91,4177600,72592384.00
2015-09-02,4.44,4.96,4.42,4.42,7186160,113471032.00
2015-09-07,4.50,4.62,4.13,4.13,5823706,90297464.00
2015-09-08,4.13,4.55,4.04,4.55,7465190,114746056.00
2015-09-09,4.71,5.00,4.64,5.00,8893240,152413328.00
2015-09-10,5.06,5.49,4.80,5.36,6619001,122379480.00
2015-09-11,5.38,5.64,5.26,5.38,4961152,95279416.00
2015-09-14,5.41,5.58,4.84,4.84,6781509,122946240.00
2015-09-15,4.64,4.78,4.36,4.36,4321899,67707664.00
2015-09-16,4.27,4.80,4.18,4.80,5928549,94194040.00
2015-09-17,4.83,5.21,4.65,4.76,6215492,108162872.00
2015-09-18,4.76,4.96,4.62,4.76,4419402,74264832.00
2015-09-21,4.73,5.13,4.67,5.13,4851805,84289512.00
2015-09-22,5.21,5.28,5.06,5.21,4142556,75466072.00
2015-09-23,4.99,5.17,4.95,5.00,3308716,58555464.00
2015-09-24,5.05,5.26,5.04,5.11,3810848,68607584.00
2015-09-25,5.11,5.33,4.69,4.71,5113816,89321704.00
2015-09-28,4.77,4.83,4.61,4.78,3599413,59475808.00
2015-09-29,4.73,4.91,4.64,4.68,3520029,58749520.00
2015-09-30,4.70,4.78,4.41,4.53,4052172,64819320.00
2015-10-08,4.71,4.97,4.62,4.85,4257267,71260432.00
2015-10-09,4.85,4.95,4.73,4.87,4766815,80938912.00
2015-10-12,4.98,5.36,4.93,5.36,7088940,128621608.00
2015-10-13,5.36,5.76,5.32,5.59,6887230,133974744.00
2015-10-14,5.69,5.69,5.30,5.36,4707628,89761640.00
2015-10-15,5.28,5.66,5.28,5.59,4273078,82768336.00
2015-10-16,5.70,6.09,5.61,5.88,5073854,104650680.00
2015-10-19,5.72,5.97,5.49,5.58,6600853,131174264.00
2015-10-20,5.58,5.61,5.36,5.57,5840877,112911840.00
2015-10-21,5.61,5.64,5.01,5.12,8245772,154218416.00
2015-10-22,5.04,5.29,5.02,5.24,6223121,113266728.00
2015-10-23,5.35,5.38,5.07,5.33,6878266,125953208.00
2015-10-26,5.47,5.83,5.47,5.78,10382728,207069840.00
2015-10-27,5.66,5.95,5.53,5.73,4947093,98972360.00
2015-10-28,5.73,5.80,5.50,5.61,5121571,101991736.00
2015-10-29,5.68,5.89,5.55,5.78,4849946,97856232.00
2015-10-30,5.83,5.95,5.64,5.70,5145565,105255928.00
2015-11-02,5.63,5.63,5.16,5.18,7935387,148816016.00
2015-11-03,5.18,5.28,5.13,5.18,2795947,51007852.00
2015-11-04,5.15,5.44,5.15,5.43,5007232,93523968.00
2015-11-05,5.41,5.43,5.27,5.41,7206032,134995712.00
2015-11-06,5.51,5.58,5.42,5.47,6036316,116351224.00
2015-11-09,5.56,6.02,5.48,6.02,11005333,223745360.00
2015-11-10,6.07,6.33,6.02,6.19,9542014,207411088.00
2015-11-11,6.14,6.70,6.05,6.44,9996760,221896320.00
2015-11-12,6.54,6.62,6.10,6.27,7350370,162453904.00
2015-11-13,6.13,6.21,5.87,6.07,4443921,94720960.00
2015-11-16,6.01,6.26,5.98,6.26,4896995,105781664.00
2015-11-17,6.38,6.51,5.98,6.08,8628946,187295664.00
2015-11-18,6.20,6.34,5.86,5.98,9524243,203315872.00
2015-11-19,5.87,6.34,5.87,6.28,9039382,193965376.00
2015-11-20,6.24,6.55,6.20,6.39,7558545,168511728.00
2015-11-23,6.52,6.54,6.14,6.27,5936627,130648616.00
2015-11-24,6.18,6.37,6.07,6.36,4334797,94644072.00
2015-11-25,6.31,6.49,6.19,6.39,6229064,138139440.00
2015-11-26,6.37,6.38,6.24,6.32,5680156,125578024.00
2015-11-27,6.27,6.32,5.69,5.69,6856932,143031648.00
2015-11-30,5.58,5.75,5.16,5.46,6925232,133038312.00
2015-12-01,5.47,5.87,5.36,5.71,5465031,107551200.00
2015-12-02,5.65,5.75,5.46,5.70,3868695,75831392.00
2015-12-03,5.64,5.78,5.64,5.75,3162757,63475628.00
2015-12-04,5.72,6.24,5.70,5.88,8408928,175867408.00
2015-12-07,5.95,6.24,5.89,6.18,5740416,122731504.00
2015-12-08,6.80,6.80,6.80,6.80,988747,23571728.00
2015-12-09,7.48,7.48,7.48,7.48,189200,4960824.00
2015-12-10,8.22,8.22,8.22,8.22,739969,21340706.00
2015-12-11,9.05,9.05,9.05,9.05,13465498,427125600.00
2015-12-14,9.41,9.95,9.28,9.95,66120979,2234473728.00
2015-12-15,9.65,10.21,9.59,10.09,41014937,1414109952.00
2015-12-16,10.19,11.10,10.18,11.10,34547495,1302597504.00
2015-12-17,11.41,12.22,11.21,12.22,33992929,1393473408.00
2015-12-18,12.03,13.38,11.87,12.58,42816079,1906318848.00
2015-12-21,12.59,13.70,12.59,13.38,34660080,1593088640.00
2015-12-22,13.13,13.35,12.56,12.93,31411685,1410095360.00
2015-12-23,12.84,13.27,12.62,12.74,26711678,1208675584.00
2015-12-24,12.68,12.84,12.18,12.56,22083644,966199616.00
2015-12-25,12.78,13.54,12.37,12.63,31613540,1426817280.00
2015-12-28,12.73,13.24,12.44,12.98,28714001,1293009792.00
2015-12-29,12.78,12.87,11.98,12.10,25971973,1124279040.00
2015-12-30,12.08,12.25,11.88,12.23,16773329,709076736.00
2015-12-31,12.32,12.32,11.43,11.48,16775901,696125376.00
2016-01-04,12.63,12.63,12.42,12.58,32352654,1430729600.00
2016-01-05,12.13,13.84,11.95,13.84,41390584,1944024064.00
2016-01-06,14.27,15.22,13.98,15.22,22626517,1160178688.00
2016-01-07,15.81,16.26,13.98,14.25,15422490,839817792.00
2016-01-08,15.13,15.67,14.87,15.67,24691091,1337765248.00
2016-01-11,15.98,17.12,14.10,14.38,49178125,2662302720.00
2016-01-12,13.76,14.47,12.94,12.94,30611807,1452860800.00
2016-01-13,12.73,14.24,12.56,14.18,39941784,1920409472.00
2016-01-14,13.45,15.38,12.84,15.03,33849013,1661931904.00
2016-01-15,14.73,15.67,13.54,13.82,33689262,1735845248.00
2016-01-18,13.46,15.20,12.89,15.20,37427978,1900937216.00
2016-01-19,14.96,16.73,14.86,16.73,38023230,2076446848.00
2016-01-20,16.73,18.12,16.36,16.54,40704932,2450660352.00
2016-01-21,16.13,17.41,16.13,16.50,32604431,1906252288.00
2016-01-22,16.84,17.33,15.45,16.56,29199067,1696583040.00
2016-01-25,16.58,17.22,16.03,16.90,26215375,1533398400.00
2016-01-26,16.63,17.08,15.21,15.21,25083031,1416251904.00
2016-01-27,14.84,15.26,13.68,14.01,28406161,1414928768.00
2016-01-28,13.42,13.56,12.61,12.61,18708281,850203904.00
2016-01-29,11.98,13.87,11.82,13.53,29213508,1332763008.00
2016-02-01,13.41,13.98,13.28,13.53,19166216,913118528.00
2016-02-02,13.57,14.63,13.47,14.07,18615795,916016896.00
2016-02-03,13.83,15.48,13.73,15.06,30986724,1623830016.00
2016-02-04,15.17,16.07,14.80,15.50,25355482,1362296064.00
2016-02-05,15.60,16.47,14.58,14.96,21878539,1190553088.00
2016-02-15,14.93,16.46,14.91,16.46,27388349,1534157568.00
2016-02-16,16.62,18.10,16.27,18.10,27760744,1657705600.00
2016-02-17,18.24,19.02,17.95,18.33,28214277,1822048000.00
2016-02-18,18.07,19.95,17.93,18.67,29556591,1940857984.00
2016-02-19,18.54,19.36,17.96,18.96,23648198,1542543872.00
2016-02-22,18.94,19.20,18.27,18.97,20583803,1353701632.00
2016-02-23,18.81,18.96,17.07,17.08,33699572,2094839808.00
2016-02-24,16.78,17.93,16.57,17.30,25962949,1573917824.00
2016-02-25,17.07,17.13,15.57,15.57,17665226,980223616.00
2016-02-26,14.98,15.97,14.64,14.84,25109442,1332867072.00
2016-02-29,14.72,15.07,13.35,13.56,22262249,1091876096.00
2016-03-01,13.54,14.91,13.41,14.91,25259667,1263421824.00
2016-03-02,15.70,16.41,15.41,16.41,31918418,1793452416.00
2016-03-03,16.93,17.61,16.40,16.64,33598124,1993395968.00
2016-03-04,16.24,17.13,14.98,14.98,34555694,1908921216.00
2016-03-07,15.30,16.33,14.87,15.89,28515419,1562884864.00
2016-03-08,15.40,16.38,14.30,15.60,105186531,1628372480.00
2016-03-09,14.70,17.16,14.30,17.16,134496816,2140963840.00
2016-03-10,16.82,18.20,16.31,16.98,162019233,2811936768.00
2016-03-11,16.30,16.93,15.50,15.64,94581486,1526620672.00
2016-03-14,15.95,16.66,15.70,15.95,97806275,1584610688.00
2016-03-15,15.55,15.94,14.50,14.81,91414284,1383836672.00
2016-03-16,14.84,15.60,14.53,14.96,83753717,1267932160.00
2016-03-17,14.75,15.52,14.62,15.18,87018115,1307353856.00
2016-03-18,15.01,16.59,15.00,15.86,121858655,1917052032.00
2016-03-21,15.99,16.66,15.60,16.43,119003649,1923731840.00
2016-03-22,16.20,18.07,15.80,18.07,184689658,3188652800.00
2016-03-23,18.07,19.88,17.78,19.88,177848043,3357491200.00
2016-03-28,19.20,20.18,18.23,18.72,145850298,2790776064.00
2016-03-29,18.50,18.88,17.55,17.83,95000831,1719017856.00
2016-03-30,18.01,18.78,17.31,18.39,107060395,1931786752.00
2016-03-31,18.20,18.60,17.71,17.83,88644274,1603579136.00
2016-04-01,17.70,17.75,16.50,16.82,79486249,1346932864.00
2016-04-05,16.85,17.49,16.85,17.17,58307617,1001164416.00
2016-04-06,17.18,18.19,17.05,17.80,90486896,1600250496.00
2016-04-07,17.60,17.79,16.90,16.91,74769411,1282547712.00
2016-04-08,16.57,16.60,16.13,16.37,46700066,763491776.00
2016-04-11,16.70,16.88,16.52,16.55,36828717,614935616.00
2016-04-12,16.56,17.37,16.55,17.00,61455691,1045030336.00
2016-04-13,17.14,17.30,16.80,16.91,57822491,982360064.00
2016-04-14,16.95,17.02,16.50,16.82,43909060,733277248.00
2016-04-15,16.84,16.90,16.50,16.59,28316305,470204480.00
2016-04-18,16.48,16.50,16.02,16.03,31800070,512132832.00
2016-04-19,16.09,16.27,15.90,16.06,26159795,421103936.00
2016-04-20,16.22,16.22,14.50,14.61,52826902,800582080.00
2016-04-21,14.62,15.68,14.62,15.10,51986496,789785024.00
2016-04-22,14.93,15.13,14.62,14.79,30079222,444488320.00
2016-04-25,14.78,14.79,14.02,14.21,27167802,386543520.00
2016-04-26,14.39,14.68,14.16,14.37,24789304,357195520.00
2016-04-27,14.51,15.00,14.31,14.70,40559593,595067712.00
2016-04-28,14.55,14.69,14.02,14.33,29630103,423738080.00
2016-04-29,14.28,14.52,14.12,14.19,19611378,280044896.00
2016-05-03,14.11,14.65,14.10,14.56,27986684,404587968.00
2016-05-04,14.40,14.77,14.35,14.49,34453506,500752000.00
2016-05-05,14.40,14.79,14.40,14.69,34009571,497097856.00
2016-05-06,14.71,15.05,14.10,14.15,43736351,638500800.00
2016-05-09,13.91,13.92,12.74,12.82,35125507,458468096.00
2016-05-10,12.75,12.97,12.20,12.44,25196535,314118080.00
2016-05-11,12.50,12.65,12.04,12.09,22106188,271001920.00
2016-05-12,11.85,11.85,11.13,11.62,27943522,320365440.00
2016-05-13,11.55,12.30,11.41,11.90,37763406,449727904.00
2016-05-16,11.70,12.10,11.50,12.03,27217198,321318816.00
2016-05-17,12.03,12.19,11.82,11.95,23865520,285915648.00
2016-05-18,11.80,11.83,11.11,11.30,25048581,288330240.00
2016-05-19,11.25,11.95,11.20,11.65,41201509,480620896.00
2016-05-20,11.40,11.60,11.19,11.47,26277079,299533344.00
2016-05-23,11.53,11.87,11.45,11.55,30185094,351048896.00
2016-05-24,11.44,11.49,11.20,11.25,21938947,247790608.00
2016-05-25,11.36,11.44,11.12,11.12,19750975,222649216.00
2016-05-26,11.17,11.27,10.55,11.00,29229892,315910976.00
2016-05-27,10.95,11.37,10.80,11.00,28964540,322457664.00
2016-05-30,10.82,12.10,10.65,11.54,53467608,618564480.00
2016-05-31,11.44,12.15,11.38,11.95,57318193,675769152.00
2016-06-01,12.00,12.07,11.82,11.83,39394614,469616352.00
2016-06-02,11.84,12.49,11.82,12.01,43848333,532056800.00
2016-06-03,12.08,12.10,11.80,11.86,31209947,371063456.00
2016-06-06,11.94,11.94,11.60,11.71,23499474,275975808.00
2016-06-07,11.73,11.76,11.55,11.63,17631277,204613296.00
2016-06-08,11.68,11.85,11.56,11.56,21309429,249075504.00
2016-06-13,11.35,11.49,10.80,10.82,25030413,280692064.00
2016-06-14,10.68,11.19,10.68,10.94,14854148,161928016.00
2016-06-15,10.79,11.25,10.68,11.20,24153339,268114576.00
2016-06-16,11.23,11.24,10.90,11.01,22050898,243386880.00
2016-06-17,10.99,11.16,10.85,10.95,18684701,205665440.00
2016-06-20,10.85,11.18,10.66,11.18,25915065,285741088.00
2016-06-21,11.25,11.49,10.85,10.85,37379078,419693056.00
2016-06-22,10.68,10.93,10.68,10.89,17965730,194042864.00
2016-06-23,10.90,10.99,10.76,10.85,15704954,170485104.00
2016-06-24,10.80,10.92,10.01,10.50,27012426,285265632.00
2016-06-27,10.35,10.77,10.29,10.66,18448893,195483536.00
2016-06-28,10.69,11.26,10.58,11.07,39358764,432480896.00
2016-06-29,11.18,11.29,10.93,11.03,25513049,281028224.00
2016-06-30,10.95,11.60,10.84,11.37,47580661,538236864.00
2016-07-01,11.25,11.42,11.03,11.12,25655678,287469152.00
2016-07-04,10.94,11.18,10.88,11.12,23900384,264197920.00
2016-07-05,11.14,11.25,11.06,11.20,22987562,256228512.00
2016-07-06,11.26,11.65,11.22,11.33,36218769,414148992.00
2016-07-07,11.28,11.28,11.04,11.13,25325996,281394528.00
2016-07-08,11.18,11.57,11.17,11.32,37432847,426670240.00
2016-07-11,11.26,11.30,11.10,11.15,23134192,258208288.00
2016-07-12,11.10,11.19,10.86,11.18,20698991,228771264.00
2016-07-13,11.19,11.60,11.05,11.45,38186875,433385248.00
2016-07-14,11.44,11.55,11.28,11.51,31232203,357228992.00
2016-07-15,11.60,11.65,11.28,11.30,21366088,243311408.00
2016-07-18,11.18,11.24,11.04,11.12,15633205,173840784.00
2016-07-19,10.99,11.19,10.98,11.19,14386133,159136880.00
2016-07-20,11.18,11.45,11.09,11.24,21060845,237398992.00
2016-07-21,11.20,11.31,11.13,11.22,15264571,171034592.00
2016-07-22,11.25,11.28,11.08,11.08,13998732,156238000.00
2016-07-25,11.11,11.16,10.98,11.03,11872855,131092456.00
2016-07-26,11.18,11.33,11.10,11.22,16335039,183048400.00
2016-07-27,11.22,11.22,10.20,10.51,26356735,283615392.00
2016-07-28,10.41,10.64,10.23,10.39,12842039,133632544.00
2016-07-29,10.44,10.45,10.21,10.23,9410962,96833312.00
2016-08-01,10.24,10.24,9.90,9.98,13521398,135232608.00
2016-08-02,9.98,10.05,9.91,10.02,7578267,75707960.00
2016-08-03,10.04,10.04,9.95,9.99,7631433,76236176.00
2016-08-04,9.96,10.22,9.94,10.16,13377345,135026608.00
2016-08-05,10.13,10.16,10.00,10.01,10343492,104001552.00
2016-08-08,9.97,11.01,9.91,11.01,47134145,509868224.00
2016-08-09,11.32,11.91,11.26,11.60,89692153,1041580224.00
2016-08-10,11.40,11.55,11.26,11.33,50351480,571817536.00
2016-08-11,11.31,11.43,11.00,11.03,34058242,379655648.00
2016-08-12,11.05,11.35,10.91,11.23,36836221,411205056.00
2016-08-15,11.20,11.73,11.10,11.28,55586894,636753600.00
2016-08-16,11.28,11.39,11.10,11.30,37496278,420606016.00
2016-08-17,11.18,11.27,11.02,11.15,26455801,294627488.00
2016-08-18,11.08,11.67,11.07,11.39,49997771,569175680.00
2016-08-19,11.24,11.29,11.07,11.11,26496545,295090880.00
2016-08-22,11.14,11.19,10.90,10.91,17674723,195219376.00
2016-08-23,10.90,10.98,10.61,10.71,17332803,187146496.00
2016-08-24,10.71,10.88,10.66,10.69,12442485,133570144.00
2016-08-25,10.58,10.64,10.30,10.40,15852803,164638208.00
2016-08-26,10.40,10.51,10.36,10.41,9589572,100139320.00
2016-08-29,10.42,10.45,10.33,10.42,6623938,68910512.00
2016-08-30,10.46,10.95,10.45,10.66,21370784,230080400.00
2016-08-31,10.60,10.80,10.44,10.62,16343403,173996352.00
2016-09-01,10.60,10.60,10.36,10.37,13817407,144326784.00
2016-09-02,10.31,10.44,10.30,10.33,7390076,76559152.00
2016-09-05,10.33,10.46,10.33,10.35,6033893,62618892.00
2016-09-06,10.38,10.44,10.17,10.40,9252600,95428472.00
2016-09-07,10.36,10.49,10.35,10.39,10455601,108746040.00
2016-09-08,10.39,10.44,10.35,10.39,8508071,88375264.00
2016-09-09,10.33,10.43,10.25,10.25,9624976,99428056.00
2016-09-12,10.18,10.18,10.01,10.02,10832133,108857968.00
2016-09-13,10.04,10.13,9.98,10.07,7223838,72471568.00
2016-09-14,10.02,10.07,9.96,10.07,5345955,53557768.00
2016-09-19,10.07,10.15,10.07,10.10,5299360,53503156.00
2016-09-20,10.09,10.15,10.02,10.04,4688454,47091856.00
2016-09-21,10.04,10.48,10.02,10.29,16787490,173451504.00
2016-09-22,10.26,10.45,10.21,10.29,14199637,146745664.00
2016-09-23,10.28,10.38,10.06,10.09,10995264,111517648.00
2016-09-26,10.12,10.16,9.95,9.96,8629875,86575400.00
2016-09-27,9.94,10.39,9.90,10.21,14769531,150131392.00
2016-09-28,10.12,10.19,10.03,10.08,8467758,85279560.00
2016-09-29,10.08,10.11,10.02,10.04,6436959,64687292.00
2016-09-30,10.04,10.08,10.00,10.05,4771093,47899104.00
2016-10-10,10.04,10.07,9.63,9.85,17168637,167859040.00
2016-10-11,9.80,9.93,9.76,9.90,9921302,98065880.00
2016-10-12,9.86,9.95,9.80,9.89,7613575,75151264.00
2016-10-13,9.92,9.94,9.84,9.85,7635641,75322400.00
2016-10-14,9.78,9.84,9.70,9.76,9599825,93478736.00
2016-10-17,9.73,9.77,9.61,9.65,8468963,82110840.00
2016-10-18,9.65,9.74,9.62,9.74,8466135,82002976.00
2016-10-19,9.75,9.92,9.70,9.82,11398158,111920960.00
2016-10-20,9.83,10.80,9.76,10.80,33239872,346021376.00
2016-10-21,11.00,11.42,10.79,10.98,89225125,988658944.00
2016-10-24,10.69,11.50,10.39,11.15,66911862,728605568.00
2016-10-25,10.78,11.08,10.70,10.79,40992392,445118464.00
2016-10-26,10.71,10.80,10.45,10.48,27025995,284963488.00
2016-10-27,10.45,10.67,10.44,10.50,18664490,196409472.00
2016-10-28,10.47,10.53,10.11,10.14,23348206,240123584.00
2016-10-31,10.14,10.14,9.97,10.03,12852112,128953560.00
2016-11-01,10.03,10.22,10.03,10.19,14476639,146761056.00
2016-11-02,10.15,10.15,9.99,10.01,16005673,160613744.00
2016-11-03,9.92,10.17,9.92,10.02,16631441,166917616.00
2016-11-04,9.99,10.00,9.83,9.86,20089550,199141088.00
2016-11-07,9.82,9.82,9.73,9.77,15776468,153975024.00
2016-11-08,9.81,9.90,9.78,9.88,12264590,120841120.00
2016-11-09,9.86,9.93,9.66,9.74,14641364,143592752.00
2016-11-10,9.81,9.92,9.74,9.83,19841398,194597344.00
2016-11-11,9.78,9.80,9.73,9.75,20652081,201398272.00
2016-11-14,9.77,9.85,9.76,9.77,18191306,178040464.00
2016-11-15,9.77,10.75,9.77,10.75,55287556,584780736.00
2016-11-16,11.00,11.22,10.50,10.50,142153398,1554735232.00
2016-11-17,10.27,10.28,10.02,10.15,56810055,576352768.00
2016-11-18,10.11,10.16,9.98,10.01,31891261,320623008.00
2016-11-21,10.06,10.18,9.96,10.09,23155300,233271696.00
2016-11-22,10.09,10.12,10.00,10.07,21346249,214249520.00
2016-11-23,10.09,10.96,10.02,10.37,63857653,667800512.00
2016-11-24,10.25,10.71,10.16,10.52,49349849,514716800.00
2016-11-25,10.45,10.70,10.33,10.47,42283912,445292448.00
2016-11-28,10.51,10.55,10.23,10.32,23200700,240298848.00
数据来源:通达信
