000908 景峰医药 日线 前复权
      日期	    开盘	    最高	    最低	    收盘	    成交量	    成交额
2011-10-10,7.79,8.07,7.71,7.87,1592349,13898448.00
2011-10-11,8.00,8.05,7.83,7.90,892274,7855174.50
2011-10-12,7.77,8.05,7.77,8.04,856536,7613325.50
2011-10-13,8.05,8.07,7.85,7.94,1329503,11783439.00
2011-10-14,7.92,8.05,7.91,7.94,601449,5335434.50
2011-10-17,7.98,8.14,7.77,7.84,1188485,10494285.00
2011-10-19,7.64,7.78,7.44,7.44,2176968,18111430.00
2011-10-20,7.28,7.42,7.06,7.08,1414900,11301792.00
2011-10-21,7.25,7.25,6.86,7.06,758008,5936261.00
2011-10-24,7.05,7.16,6.92,7.11,848278,6675865.00
2011-10-25,7.11,7.25,6.96,7.21,1181261,9434642.00
2011-10-26,7.21,7.35,7.10,7.25,1215000,9813218.00
2011-10-27,7.25,7.34,7.13,7.16,991896,7949655.00
2011-10-28,7.22,7.32,7.16,7.31,952479,7682990.50
2011-10-31,7.30,7.32,7.18,7.19,1078704,8696141.00
2011-11-01,7.15,7.25,7.06,7.14,1818087,14449846.00
2011-11-02,7.00,7.15,6.82,7.14,2152871,16693315.00
2011-11-03,7.16,7.35,7.15,7.25,1813519,14618273.00
2011-11-04,7.27,7.36,7.22,7.32,1770420,14383427.00
2011-11-07,7.33,7.44,7.17,7.44,2592293,21067772.00
2011-11-08,7.50,7.69,7.42,7.59,4542601,38328060.00
2011-11-09,7.72,7.72,7.48,7.63,1784564,15088174.00
2011-11-10,7.63,7.80,7.58,7.72,2486158,21284572.00
2011-11-11,7.85,7.85,7.64,7.76,2506735,21613354.00
2011-11-14,7.80,7.81,7.61,7.71,2627993,22488018.00
2011-11-15,7.65,7.71,7.58,7.63,1364406,11612856.00
2011-11-16,7.61,7.65,7.42,7.43,1547915,12989582.00
2011-11-17,7.38,7.56,7.37,7.48,675069,5624175.00
2011-11-18,7.41,7.48,7.27,7.40,816857,6692822.00
2011-11-21,7.36,7.36,7.09,7.25,1054510,8459494.00
2011-11-22,7.20,7.20,7.05,7.13,924999,7318252.00
2011-11-23,7.10,7.23,7.09,7.12,779663,6211628.50
2011-11-24,7.14,7.21,7.02,7.15,658473,5238488.00
2011-11-25,7.11,7.21,7.09,7.21,728337,5809917.00
2011-11-28,7.21,7.25,7.14,7.20,871794,6978949.50
2011-11-29,7.23,7.24,7.10,7.14,707269,5631814.50
2011-11-30,7.11,7.16,6.77,6.77,1455692,11128463.00
2011-12-01,6.84,7.12,6.84,7.12,1772498,13939090.00
2011-12-02,7.13,7.13,6.85,6.99,707378,5476347.00
2011-12-05,6.99,6.99,6.64,6.64,889275,6631931.50
2011-12-06,6.65,6.71,6.30,6.65,1658486,11870270.00
2011-12-07,6.64,6.68,6.39,6.63,1082733,7933708.00
2011-12-08,6.59,6.73,6.41,6.64,805163,5887607.00
2011-12-09,6.64,6.75,6.50,6.72,610718,4494040.00
2011-12-12,6.68,6.81,6.54,6.78,878060,6509027.50
2011-12-13,6.73,6.73,6.44,6.53,1285700,9348216.00
2011-12-14,6.41,6.45,6.20,6.20,892294,6239906.00
2011-12-15,6.16,6.18,5.88,5.88,420900,2778181.00
2011-12-16,5.71,5.73,5.58,5.58,1660771,10381200.00
2011-12-19,5.30,5.43,5.30,5.43,1611247,9588511.00
2011-12-20,5.45,5.55,5.30,5.38,707298,4330706.50
2011-12-21,5.41,5.50,5.11,5.11,1265600,7365742.00
2011-12-22,5.01,5.01,4.85,4.85,839175,4562971.00
2011-12-23,4.63,4.76,4.60,4.65,1441729,7544088.50
2011-12-26,4.67,4.67,4.42,4.42,1737366,8726686.00
2011-12-27,4.38,4.38,4.19,4.19,1178000,5551473.00
2011-12-28,3.97,4.07,3.97,4.05,1425208,6383108.00
2011-12-29,3.98,4.05,3.85,3.94,2511944,11096733.00
2011-12-30,3.91,4.14,3.90,4.14,2686726,12276526.00
2012-01-04,4.14,4.35,4.14,4.31,3427237,16624352.00
2012-01-05,4.27,4.28,4.09,4.09,1533996,7155088.50
2012-01-06,3.93,4.10,3.88,4.10,1173807,5199609.00
2012-01-09,4.01,4.31,4.01,4.31,1345782,6439206.00
2012-01-10,4.37,4.53,4.32,4.46,1697739,8456829.00
2012-01-11,4.45,4.60,4.41,4.53,1084096,5447035.00
2012-01-12,4.53,4.61,4.45,4.52,867106,4414103.50
2012-01-13,4.54,4.58,4.29,4.32,723162,3535618.00
2012-01-16,4.28,4.43,4.15,4.33,791114,3806444.00
2012-01-17,4.27,4.55,4.25,4.55,1098599,5474888.00
2012-01-18,4.59,4.65,4.51,4.62,1092933,5612575.50
2012-01-19,4.57,4.65,4.55,4.62,768105,3967418.00
2012-01-20,4.64,4.83,4.58,4.70,964500,5070821.00
2012-01-30,4.65,4.93,4.65,4.86,1086025,5877915.50
2012-01-31,4.95,5.07,4.84,5.04,1409492,7832643.00
2012-02-01,4.99,5.16,4.83,4.86,1295754,7236269.50
2012-02-02,4.86,4.94,4.79,4.91,918506,5017113.50
2012-02-03,4.89,5.16,4.89,5.16,1774048,10108505.00
2012-02-06,5.20,5.43,5.16,5.37,3278545,19733466.00
2012-02-07,5.37,5.37,5.10,5.27,2321118,13383408.00
2012-02-08,5.23,5.42,5.21,5.36,868875,5162849.00
2012-02-09,5.39,5.40,5.26,5.28,915295,5448416.50
2012-02-10,5.30,5.38,5.16,5.36,1016174,5981766.00
2012-02-13,5.34,5.40,5.24,5.36,729795,4353279.00
2012-02-14,5.36,5.60,5.33,5.53,1248449,7621052.00
2012-02-15,5.55,5.75,5.48,5.65,1080963,6823057.50
2012-02-16,5.64,5.70,5.39,5.47,1462210,9016951.00
2012-02-17,5.56,5.56,5.38,5.45,945992,5749565.50
2012-02-20,5.48,5.57,5.27,5.38,1293125,7867083.50
2012-02-21,5.36,5.44,5.23,5.31,1490710,8859636.00
2012-02-22,5.33,5.55,5.30,5.51,1800930,10936437.00
2012-02-23,5.51,5.56,5.42,5.46,1343899,8271018.00
2012-02-24,5.39,5.50,5.39,5.50,1285154,7824733.00
2012-02-27,5.49,5.62,5.46,5.62,1547169,9626571.00
2012-02-28,5.61,5.62,5.44,5.54,1059736,6543711.00
2012-02-29,5.46,5.54,5.39,5.53,842602,5166836.00
2012-03-01,5.49,5.81,5.49,5.81,3068092,19683760.00
2012-04-12,6.10,6.10,6.10,6.10,94284,642074.06
2012-04-13,6.41,6.41,6.41,6.41,43151,308529.66
2012-05-04,6.74,6.74,6.08,6.74,9302461,69034680.00
2012-05-07,6.78,7.08,6.64,7.08,5910318,46137652.00
2012-05-08,7.43,7.44,7.35,7.44,2191266,18134724.00
2012-05-09,7.81,7.81,7.81,7.81,587276,5103428.50
2012-05-10,8.20,8.20,8.10,8.20,2457126,22402996.00
2012-05-11,8.62,8.62,7.78,8.04,8775819,78823944.00
2012-05-14,8.00,8.17,7.64,7.92,3307090,29254298.00
2012-05-15,7.73,8.16,7.65,8.01,2364983,20932250.00
2012-05-16,7.99,8.18,7.89,7.96,1420796,12684391.00
2012-05-17,7.92,8.00,7.74,7.95,1049606,9247180.00
2012-05-18,7.95,8.35,7.78,8.26,3652448,33517228.00
2012-05-21,8.27,8.54,8.16,8.26,3365818,31224588.00
2012-05-23,8.29,8.45,8.28,8.30,1408740,13084939.00
2012-05-24,8.24,8.35,8.15,8.15,971642,8921432.00
2012-05-25,8.09,8.20,7.77,7.91,1616971,14325212.00
2012-05-28,7.81,7.91,7.52,7.80,1522889,13136693.00
2012-05-29,7.76,7.89,7.70,7.83,1180796,10264274.00
2012-05-30,8.23,8.23,8.18,8.23,2604280,23823832.00
2012-05-31,8.36,8.43,8.04,8.05,2885633,26409448.00
2012-06-01,7.91,8.05,7.68,7.88,2547791,22280732.00
2012-06-04,7.73,7.91,7.59,7.76,796884,6893765.00
2012-06-05,7.75,7.85,7.69,7.84,545054,4719169.00
2012-06-06,7.84,8.01,7.74,7.95,833099,7342624.50
2012-06-07,7.98,8.08,7.80,7.91,1405022,12348206.00
2012-06-08,7.82,8.03,7.82,7.87,748750,6623315.00
2012-06-11,7.73,8.00,7.73,8.00,1325984,11713850.00
2012-06-12,8.03,8.08,7.91,7.98,873723,7757769.50
2012-06-13,7.93,7.99,7.82,7.97,810323,7143675.00
2012-06-14,7.93,8.36,7.93,8.07,1620080,14717133.00
2012-06-15,8.09,8.16,7.87,7.95,1363169,12094672.00
2012-06-18,7.96,8.05,7.93,8.01,864603,7701446.50
2012-06-19,8.00,8.05,7.92,7.96,726064,6430654.00
2012-06-20,7.98,8.00,7.93,7.95,680075,6015443.50
2012-06-21,7.95,7.95,7.80,7.83,575447,5025698.00
2012-06-25,7.83,7.85,7.60,7.64,746153,6414155.50
2012-06-26,7.77,7.77,7.48,7.55,616219,5197358.00
2012-06-27,7.59,7.62,7.17,7.20,614046,5094455.50
2012-06-28,7.20,7.34,7.07,7.07,840461,6762409.00
2012-06-29,7.01,7.07,6.72,6.85,1129514,8547727.00
2012-07-02,6.76,7.15,6.76,7.11,452591,3553843.75
2012-07-03,7.15,7.47,7.15,7.47,1067077,8830930.00
2012-07-04,7.47,7.76,7.47,7.66,1381805,11755720.00
2012-07-05,7.55,7.68,7.42,7.50,563641,4703731.50
2012-07-06,7.42,7.76,7.42,7.75,905973,7681366.00
2012-07-09,7.73,7.85,7.46,7.58,1333710,11351229.00
2012-07-10,7.46,7.58,7.37,7.42,461100,3843102.00
2012-07-11,7.45,7.55,7.42,7.45,279652,2319862.50
2012-07-12,7.45,7.62,7.35,7.62,493444,4124735.00
2012-07-13,7.64,7.64,7.38,7.42,520339,4354527.50
2012-07-16,7.38,7.38,7.05,7.05,1188001,9462875.00
2012-07-17,6.96,7.05,6.87,6.95,853718,6654175.00
2012-07-18,6.96,7.27,6.94,7.19,731289,5827173.50
2012-07-19,7.40,7.55,7.30,7.45,1122360,9357043.00
2012-07-20,7.36,7.45,7.31,7.35,477911,3922295.75
2012-07-23,7.28,7.50,7.22,7.22,1092450,8907714.00
2012-07-24,7.15,7.30,6.97,7.14,992800,7859201.00
2012-07-25,7.11,7.12,6.94,6.99,534501,4173865.75
2012-07-26,6.99,7.19,6.86,7.03,778460,6116317.50
2012-07-27,7.05,7.15,7.02,7.05,452461,3577936.25
2012-07-30,6.70,6.70,6.70,6.70,111600,833652.00
2012-07-31,6.36,6.36,6.36,6.36,206800,1468280.00
2012-08-01,6.05,6.05,6.05,6.05,365500,2467125.00
2012-08-02,5.74,6.35,5.74,5.99,2823542,18586264.00
2012-08-03,5.93,6.09,5.88,6.04,1199999,7993145.00
2012-08-06,5.95,6.17,5.95,6.16,704204,4764257.00
2012-08-07,6.12,6.47,6.09,6.47,1119154,7878907.00
2012-08-08,6.47,6.77,6.47,6.66,1260688,9369363.00
2012-08-09,6.65,6.78,6.60,6.77,888807,6629052.50
2012-08-10,6.79,6.85,6.71,6.72,810830,6098453.50
2012-08-13,6.73,6.79,6.50,6.51,541685,3995522.00
2012-08-14,6.51,6.68,6.45,6.65,410578,2997320.00
2012-08-15,6.65,6.65,6.56,6.64,252465,1868429.25
2012-08-16,6.59,6.69,6.59,6.62,255272,1889645.38
2012-08-17,6.56,6.95,6.56,6.95,1325452,10213202.00
2012-08-20,6.99,7.05,6.74,6.95,517106,4008800.75
2012-08-21,6.95,7.08,6.95,7.03,371448,2914047.00
2012-08-22,7.01,7.07,6.93,7.03,594007,4635739.50
2012-08-23,7.03,7.27,6.91,7.27,1024019,8187581.00
2012-08-24,7.28,7.39,7.18,7.23,629775,5084738.50
2012-08-27,7.14,7.23,6.86,6.95,755370,5873842.50
2012-08-28,6.84,7.02,6.79,6.97,616066,4729201.50
2012-08-29,6.98,7.05,6.88,6.99,426919,3305471.00
2012-08-30,6.93,6.98,6.73,6.75,615634,4699143.50
2012-08-31,6.75,7.00,6.75,6.99,693461,5319516.00
2012-09-03,7.00,7.08,6.87,7.05,510523,3974427.00
2012-09-04,6.99,7.11,6.99,7.05,423275,3323087.25
2012-09-05,6.95,7.06,6.93,6.95,479970,3742343.25
2012-09-06,7.04,7.31,7.04,7.18,675526,5427782.00
2012-09-07,7.18,7.55,7.18,7.48,2091619,17207964.00
2012-09-10,7.48,7.52,7.43,7.45,484910,4029155.50
2012-09-11,7.45,7.45,7.39,7.41,448699,3706852.75
2012-09-12,7.44,7.48,7.41,7.41,594498,4917588.50
2012-09-13,7.43,7.76,7.43,7.54,915087,7741349.00
2012-09-14,7.54,7.67,7.54,7.61,500786,4249882.50
2012-09-17,7.62,7.75,7.55,7.59,827854,7052012.50
2012-09-18,7.58,7.80,7.48,7.74,783464,6646011.50
2012-09-19,7.74,8.12,7.74,8.00,1869461,16719220.00
2012-09-20,8.00,8.15,7.86,7.87,1721151,15330401.00
2012-09-21,7.95,8.27,7.95,8.13,2456780,22276416.00
2012-09-24,8.13,8.15,7.72,7.72,1915800,16666416.00
2012-09-25,7.53,7.54,7.33,7.36,2872167,23567048.00
2012-09-26,7.35,7.42,6.99,7.09,1754492,13878149.00
2012-09-27,7.14,7.24,7.02,7.11,894534,7101984.00
2012-09-28,7.08,7.26,7.05,7.18,963805,7702951.50
2012-10-08,7.22,7.51,7.12,7.45,790462,6505815.00
2012-10-09,7.45,7.69,7.39,7.64,887165,7510019.50
2012-10-10,7.55,7.84,7.55,7.64,677678,5804738.00
2012-10-11,7.57,7.64,7.46,7.60,1142745,9583734.00
2012-10-12,7.59,7.60,7.36,7.37,1108805,9212926.00
2012-10-15,7.48,7.63,7.42,7.55,543572,4563745.00
2012-10-16,7.60,7.60,7.48,7.55,279315,2345066.00
2012-10-17,7.60,7.72,7.51,7.55,319107,2694024.50
2012-10-18,7.56,7.64,7.53,7.53,503353,4231370.00
2012-10-19,7.55,7.66,7.46,7.60,546300,4600743.50
2012-10-22,7.60,7.62,7.46,7.56,431128,3606423.50
2012-10-23,7.48,7.58,7.45,7.46,270697,2260035.00
2012-10-24,7.46,7.54,7.45,7.45,304360,2536028.50
2012-10-25,7.38,7.53,7.29,7.33,972276,8003941.50
2012-10-26,7.33,7.37,7.09,7.23,661750,5327886.50
2012-10-29,7.10,7.22,7.10,7.16,375001,2996005.00
2012-10-30,7.23,7.26,7.13,7.22,302241,2433974.25
2012-10-31,7.25,7.25,7.18,7.19,215491,1732621.00
2012-11-01,7.22,7.39,7.22,7.33,307559,2509661.00
2012-11-02,7.35,7.40,7.30,7.35,251518,2057163.25
2012-11-05,7.34,7.35,7.25,7.25,483648,3930432.00
2012-11-06,7.22,7.31,6.89,7.02,1302342,10200241.00
2012-11-07,7.00,7.00,6.66,6.90,1454480,10965950.00
2012-11-08,6.87,7.21,6.79,7.00,851900,6690917.50
2012-11-09,7.02,7.16,6.97,7.08,424750,3339170.00
2012-11-12,7.09,7.14,6.97,7.05,519712,4084387.75
2012-11-13,7.08,7.12,6.92,6.95,521800,4080879.00
2012-11-14,6.93,7.00,6.93,6.95,198500,1542439.25
2012-11-15,6.87,6.97,6.75,6.95,256520,1971400.00
2012-11-16,6.94,7.01,6.88,6.97,510523,3957926.00
2012-11-19,6.93,6.98,6.85,6.95,258320,1989957.38
2012-11-20,6.98,6.98,6.90,6.95,120500,931070.00
2012-11-21,6.86,6.93,6.82,6.87,412300,3167227.00
2012-11-22,6.91,6.91,6.70,6.71,643126,4848475.00
2012-11-23,6.74,6.81,6.67,6.75,437451,3291367.25
2012-11-26,6.75,6.75,6.56,6.67,369370,2751557.00
2012-11-27,6.61,6.66,6.34,6.42,381200,2751203.50
2012-11-28,6.44,6.44,6.09,6.10,741388,5085068.50
2012-11-29,5.93,6.14,5.91,6.02,878894,5863005.00
2012-11-30,5.98,6.33,5.98,6.33,1212061,8417137.00
2012-12-03,6.21,6.51,6.21,6.39,599011,4293025.00
2012-12-04,6.39,6.46,6.29,6.39,356035,2530879.75
2012-12-05,6.41,6.69,6.39,6.55,735244,5372789.00
2012-12-06,6.56,6.61,6.51,6.54,152527,1114721.50
2012-12-07,6.56,6.63,6.52,6.57,201899,1480395.75
2012-12-10,6.65,6.70,6.60,6.68,278227,2067147.63
2012-12-11,6.66,6.86,6.65,6.74,447043,3374438.75
2012-12-12,6.61,6.79,6.61,6.65,200370,1500487.25
2012-12-13,6.67,6.67,6.47,6.50,324300,2369078.00
2012-12-14,6.59,6.83,6.51,6.80,753212,5671068.50
2012-12-17,6.93,6.93,6.65,6.65,575600,4317885.00
2012-12-18,6.69,6.75,6.62,6.63,488200,3622746.50
2012-12-19,6.56,6.63,6.48,6.57,624652,4560362.50
2012-12-20,6.52,6.55,6.24,6.34,1312871,9290942.00
2012-12-21,6.31,6.45,6.24,6.40,493868,3516991.75
2012-12-24,6.44,6.53,6.33,6.40,712813,5103360.50
2012-12-25,6.50,6.58,6.39,6.55,873985,6340328.00
2012-12-26,6.55,6.71,6.55,6.70,830095,6158690.50
2012-12-27,6.73,6.85,6.62,6.75,747429,5641983.50
2012-12-28,6.95,7.10,6.91,7.10,2024045,15940896.00
2012-12-31,7.27,7.35,7.05,7.06,2649605,21151634.00
2013-01-04,7.14,7.14,6.78,7.03,1356701,10572368.00
2013-01-07,6.83,6.95,6.67,6.93,2409264,18307560.00
2013-01-08,6.84,7.28,6.82,7.25,3770652,29724678.00
2013-01-09,7.17,7.62,7.16,7.55,5130599,42536616.00
2013-01-10,7.55,7.55,7.32,7.35,2672382,22036080.00
2013-01-11,7.29,7.41,7.17,7.23,1532218,12388970.00
2013-01-14,7.18,7.39,7.18,7.31,1245845,10129618.00
2013-01-15,7.31,7.45,7.24,7.35,2041259,16614358.00
2013-01-16,7.35,7.55,7.29,7.44,1932166,15901973.00
2013-01-17,7.45,7.55,7.34,7.37,1026038,8486227.00
2013-01-18,7.34,7.45,7.27,7.40,1066135,8743588.00
2013-01-21,7.35,7.48,7.30,7.41,1851369,15249913.00
2013-01-22,7.41,7.78,7.33,7.49,2894228,24474070.00
2013-01-23,7.41,7.71,7.35,7.51,2393461,20033060.00
2013-01-24,7.53,7.89,7.51,7.89,6229796,54009448.00
2013-01-25,7.89,8.27,7.86,7.93,6042641,54406308.00
2013-01-28,7.55,7.73,7.53,7.53,7103406,59683196.00
2013-01-29,7.15,7.15,7.15,7.15,711900,5666724.00
2013-01-30,6.78,7.36,6.78,7.09,8827343,68951968.00
2013-01-31,6.91,6.95,6.77,6.89,3735452,28573710.00
2013-02-01,6.82,6.82,6.62,6.72,2705877,20250680.00
2013-02-04,6.72,6.94,6.67,6.86,2599373,19787038.00
2013-02-05,6.86,6.93,6.75,6.86,1915985,14633172.00
2013-02-06,6.85,6.91,6.74,6.85,2547131,19296850.00
2013-02-07,6.82,6.91,6.80,6.85,2042469,15599635.00
2013-02-08,6.84,6.87,6.80,6.84,1511556,11519073.00
2013-02-18,6.82,7.18,6.81,7.13,4547032,35451788.00
2013-02-19,7.05,7.35,7.02,7.20,3798296,30499424.00
2013-02-20,7.24,7.34,7.05,7.20,2243839,17834100.00
2013-02-21,7.21,7.42,6.97,7.21,5202407,41761336.00
2013-02-22,7.28,7.32,7.05,7.15,4049054,32276554.00
2013-02-25,7.09,7.52,7.00,7.09,5254652,42088056.00
2013-02-26,7.05,7.05,6.74,6.74,4772950,36027960.00
2013-02-27,6.67,6.75,6.44,6.56,2733345,20102206.00
2013-02-28,6.62,6.79,6.56,6.75,1858945,13822549.00
2013-03-01,6.77,6.78,6.67,6.76,1369280,10276173.00
2013-03-04,6.76,6.87,6.50,6.64,2256702,16912376.00
2013-03-05,6.64,6.81,6.63,6.75,1477422,11114887.00
2013-03-06,6.79,6.84,6.70,6.79,1698353,12828415.00
2013-03-07,6.79,6.87,6.71,6.76,1838221,13912893.00
2013-03-08,6.77,6.80,6.68,6.75,1383641,10405576.00
2013-03-11,6.73,6.75,6.55,6.63,1625423,11989602.00
2013-03-12,6.55,6.60,6.30,6.40,4047363,29141798.00
2013-03-13,6.36,6.47,6.25,6.44,2087543,14756607.00
2013-03-14,6.44,6.51,6.27,6.27,2228060,15720760.00
2013-03-15,6.26,6.32,6.16,6.20,2049857,14243832.00
2013-03-18,6.23,6.28,6.08,6.25,1760942,12132584.00
2013-03-19,6.19,6.56,6.19,6.48,4300410,31029482.00
2013-03-21,6.15,6.15,6.15,6.15,558200,3834834.00
2013-03-22,5.85,5.85,5.85,5.85,804700,5254691.00
2013-03-25,5.72,6.14,5.72,5.99,8825359,58044276.00
2013-03-26,5.89,6.05,5.87,6.01,4849948,32254822.00
2013-03-27,6.02,6.32,5.99,6.29,5507156,38192292.00
2013-03-28,6.26,6.48,6.13,6.25,4052123,28468660.00
2013-03-29,6.25,6.43,6.21,6.28,1873685,13210191.00
2013-04-01,6.25,6.27,5.97,6.18,2302383,15788252.00
2013-04-02,6.15,6.25,6.09,6.15,1395642,9609914.00
2013-04-03,6.10,6.20,6.09,6.18,1004350,6886707.00
2013-04-08,6.12,6.21,5.98,6.16,1347418,9189962.00
2013-04-09,6.20,6.41,6.12,6.38,1775579,12458186.00
2013-04-10,6.33,6.45,6.31,6.36,854970,6071718.00
2013-04-11,6.35,6.39,6.24,6.30,1337000,9416782.00
2013-04-12,6.25,6.32,6.20,6.32,1080417,7565443.50
2013-04-15,6.30,6.35,6.23,6.30,1125779,7884167.00
2013-04-16,6.28,6.28,6.18,6.24,1202200,8362973.50
2013-04-17,6.20,6.41,6.12,6.32,1775047,12476806.00
2013-04-18,6.32,6.41,6.26,6.31,1182157,8306005.50
2013-04-19,6.31,6.38,6.25,6.34,1671433,11765009.00
2013-04-22,6.32,6.33,6.23,6.28,1246126,8717924.00
2013-04-23,6.28,6.29,6.09,6.20,1315858,9084088.00
2013-04-24,6.17,6.20,6.05,6.15,1638174,11191426.00
2013-04-25,6.15,6.15,6.02,6.03,1531370,10405891.00
2013-05-02,5.73,6.14,5.72,6.06,1808782,11952502.00
2013-05-03,6.05,6.21,6.01,6.21,1545122,10595890.00
2013-05-06,6.24,6.42,6.23,6.38,1517756,10765609.00
2013-05-07,6.38,6.71,6.36,6.65,2905211,21108132.00
2013-05-08,6.65,6.99,6.65,6.99,4441914,34076244.00
2013-05-09,7.02,7.09,6.78,6.81,4082343,31623394.00
2013-05-10,6.82,6.96,6.73,6.92,2615710,19925820.00
2013-05-13,6.88,6.88,6.60,6.69,2708373,20230958.00
2013-05-14,6.66,6.90,6.62,6.82,1990031,14949734.00
2013-05-15,6.80,6.95,6.75,6.91,1271801,9747095.00
2013-05-16,6.85,6.92,6.80,6.86,1583468,12102417.00
2013-05-17,6.86,6.86,6.60,6.86,2980213,22287416.00
2013-05-20,6.84,7.03,6.69,6.98,2740469,21044044.00
2013-05-21,6.95,6.98,6.87,6.91,1040880,8029450.50
2013-05-22,6.91,6.95,6.83,6.87,1365380,10475463.00
2013-05-23,6.91,6.91,6.72,6.72,1175369,8885135.00
2013-05-24,6.75,6.83,6.71,6.71,1101401,8291460.50
2013-05-27,6.71,6.75,6.62,6.75,1576746,11793612.00
2013-05-28,6.75,6.77,6.65,6.77,1249816,9346523.00
2013-05-29,6.77,6.97,6.77,6.91,2068611,15902739.00
2013-05-30,6.89,7.00,6.85,6.95,1206861,9289015.00
2013-05-31,6.95,6.96,6.87,6.92,1153025,8885742.00
2013-06-03,6.92,6.92,6.81,6.82,1074600,8208376.00
2013-06-04,6.81,7.16,6.80,7.16,5814124,46215776.00
2013-06-05,7.18,7.31,6.99,7.00,5569855,44426084.00
2013-06-06,6.74,6.90,6.65,6.65,3736790,27821594.00
2013-06-07,6.34,6.65,6.34,6.62,5382909,39119116.00
2013-06-13,6.55,6.62,6.28,6.46,2113734,15181753.00
2013-06-14,6.46,6.55,6.38,6.55,1441431,10448215.00
2013-06-17,6.56,6.56,6.35,6.40,1410591,10122649.00
2013-06-18,6.38,6.45,6.37,6.40,815191,5824736.00
2013-06-19,6.39,6.53,6.26,6.53,1616625,11557941.00
2013-06-20,6.43,6.62,6.43,6.52,1030480,7511468.50
2013-06-21,6.38,6.62,6.36,6.62,1843306,13359923.00
2013-06-24,6.61,6.95,6.45,6.55,4109528,31096680.00
2013-06-25,6.42,6.65,6.22,6.56,2778074,20050148.00
2013-06-26,6.45,6.77,6.45,6.77,1243149,9269507.00
2013-06-27,6.77,6.85,6.52,6.63,2494937,18564094.00
2013-06-28,6.63,6.75,6.55,6.60,1393703,10347880.00
2013-09-30,6.94,6.94,6.94,6.94,27311,211114.03
2013-10-08,7.29,7.29,7.29,7.29,327888,2662450.50
2013-10-09,7.66,7.66,7.66,7.66,100769,859559.56
2013-10-10,8.05,8.05,8.05,8.05,29575,264992.00
2013-10-11,8.46,8.46,8.46,8.46,123687,1163894.63
2013-10-14,8.89,8.89,8.89,8.89,289870,2863915.50
2013-10-15,9.34,9.34,9.34,9.34,291885,3026847.50
2013-10-16,9.81,9.81,9.75,9.81,12997747,141543504.00
2013-10-17,9.82,9.82,9.32,9.35,25194838,265100576.00
2013-10-18,9.07,9.81,8.90,9.55,14153187,148074416.00
2013-10-21,9.91,10.04,9.65,10.04,8257896,91662296.00
2013-10-22,10.45,10.55,9.91,9.95,11542776,130391976.00
2013-10-23,9.91,9.91,9.45,9.45,7093405,75245400.00
2013-10-24,9.27,9.60,9.06,9.18,4606827,47569544.00
2013-10-25,9.18,9.33,8.72,8.93,4702025,47143232.00
2013-10-28,8.92,9.17,8.78,8.93,2982932,29602598.00
2013-10-29,8.93,9.00,8.47,8.63,4849071,46724264.00
2013-10-30,8.91,8.91,8.39,8.64,3379638,32248224.00
2013-10-31,8.64,8.70,8.46,8.56,1880199,17870670.00
2013-11-01,8.54,9.00,8.50,9.00,5504089,54742124.00
2013-11-04,9.09,9.23,8.95,9.04,4327212,43624896.00
2013-11-05,9.00,9.00,8.83,8.89,2534239,25047486.00
2013-11-06,8.84,9.00,8.84,8.95,1928252,19111862.00
2013-11-07,8.95,9.35,8.95,9.08,2549630,25868030.00
2013-11-08,9.00,9.04,8.78,8.90,1785680,17709478.00
2013-11-11,8.91,9.17,8.86,9.04,2153407,21756438.00
2013-11-12,9.04,9.21,9.02,9.12,1063157,10744540.00
2013-11-13,9.09,9.12,8.95,8.99,1033075,10330556.00
2013-11-14,8.97,8.97,8.54,8.75,2829816,27382246.00
2013-11-15,8.75,8.94,8.68,8.83,1378284,13505032.00
2013-11-18,8.83,8.86,8.66,8.72,2353207,22799994.00
2013-11-19,8.72,8.94,8.65,8.91,1947471,19048190.00
2013-11-20,8.91,8.95,8.66,8.81,2611924,25417758.00
2013-11-21,8.81,8.81,8.68,8.71,1803518,17469980.00
2013-11-22,8.71,8.78,8.60,8.75,1550713,14988227.00
2013-11-25,8.79,8.84,8.71,8.74,1272768,12389761.00
2013-11-26,8.75,8.84,8.68,8.75,1342789,13051073.00
2013-11-27,8.75,9.19,8.72,9.19,3648909,36435072.00
2013-11-28,9.23,9.62,9.20,9.25,3984229,41401724.00
2013-11-29,9.26,9.51,9.23,9.45,3127040,32563516.00
2013-12-02,9.19,9.19,8.98,8.98,4494695,45217768.00
2013-12-03,8.59,8.98,8.59,8.76,2294832,22478970.00
2013-12-04,8.79,8.98,8.75,8.83,2240948,22089272.00
2013-12-05,8.77,8.92,8.76,8.84,1065881,10472847.00
2013-12-06,8.82,8.95,8.82,8.88,1528961,15088495.00
2013-12-09,8.82,9.33,8.82,9.19,2160526,21871920.00
2013-12-10,9.21,9.28,9.14,9.25,1661040,17002836.00
2013-12-11,9.00,9.45,9.00,9.43,3199505,33295882.00
2013-12-12,9.43,9.90,9.43,9.68,6542160,71259072.00
2013-12-13,9.64,9.91,9.59,9.76,4049232,43775880.00
2013-12-16,9.76,9.82,9.56,9.59,2464419,26383666.00
2013-12-17,9.55,9.75,9.33,9.47,2862708,30289134.00
2013-12-18,9.48,9.68,9.47,9.55,1730192,18370836.00
2013-12-26,9.07,9.07,9.07,9.07,39600,399168.00
2013-12-27,8.62,8.62,8.62,8.62,34300,328594.00
2013-12-30,8.18,8.18,8.18,8.18,52200,475020.00
2013-12-31,7.77,7.77,7.77,7.77,495200,4283480.00
2014-01-02,7.38,7.38,7.38,7.38,269400,2214468.00
2014-01-03,7.09,7.55,7.09,7.50,14162804,114363360.00
2014-01-06,7.37,7.59,7.37,7.41,6338979,52679388.00
2014-01-07,7.45,7.48,7.19,7.32,6247378,50824960.00
2014-01-08,7.30,7.35,7.18,7.25,4846652,39097724.00
2014-01-09,7.24,7.38,7.21,7.25,4623505,37728340.00
2014-01-20,7.61,7.61,7.61,7.61,203371,1722552.38
2014-01-21,7.99,7.99,7.99,7.99,403201,3584457.00
2014-01-22,8.39,8.39,7.82,8.35,10669174,98450960.00
2014-01-23,8.28,8.55,8.26,8.45,5865257,54985016.00
2014-01-24,8.45,8.54,8.39,8.43,3647281,34203908.00
2014-01-27,8.43,8.85,8.43,8.85,3844435,37325492.00
2014-01-28,9.05,9.21,8.55,8.83,5752602,56772904.00
2014-01-29,8.88,9.03,8.74,8.81,3095783,30508756.00
2014-01-30,8.80,8.94,8.76,8.82,1781548,17533032.00
2014-02-07,8.74,9.05,8.74,8.89,2149320,21189470.00
2014-02-10,8.95,9.16,8.95,9.16,2861435,28762010.00
2014-02-11,9.18,9.63,9.07,9.55,4375974,45153812.00
2014-02-12,9.63,9.63,9.32,9.39,2642199,27763002.00
2014-02-13,9.27,9.60,9.26,9.35,2507023,26371420.00
2014-02-14,9.42,9.62,9.35,9.55,2374548,25145790.00
2014-02-17,9.47,9.93,9.47,9.81,2688807,29015412.00
2014-02-18,9.80,9.91,9.71,9.81,1876189,20377384.00
2014-02-19,9.86,10.30,9.77,10.30,4575083,51823500.00
2014-02-20,10.44,10.67,10.09,10.51,5126081,59112212.00
2014-02-21,10.59,10.59,9.98,10.05,5976486,67310776.00
2014-02-24,10.15,10.17,9.93,10.09,2443331,27359708.00
2014-02-25,10.02,10.42,9.80,9.96,2850575,32180798.00
2014-03-04,10.46,10.46,10.10,10.46,7356090,85331040.00
2014-03-05,10.43,10.43,9.94,9.94,7004700,77967904.00
2014-03-06,9.75,9.85,9.44,9.59,5473898,58104996.00
2014-03-07,9.56,10.07,9.56,10.07,4266156,47205384.00
2014-03-11,10.35,10.91,9.96,10.35,13698364,158673072.00
2014-03-12,10.09,10.35,9.95,9.99,7370762,82504080.00
2014-03-13,10.00,10.32,9.93,10.05,4863510,54712948.00
2014-03-14,10.35,10.63,10.15,10.32,6343097,72884216.00
2014-03-17,10.23,10.26,10.00,10.24,2879938,32585840.00
2014-03-18,10.18,10.23,10.08,10.10,2772317,31213570.00
2014-03-19,10.15,11.12,10.15,11.08,14407389,172076544.00
2014-03-27,11.63,11.77,10.82,10.82,17087803,214358496.00
2014-03-28,10.37,11.10,10.37,10.65,6177470,73850672.00
2014-03-31,10.65,11.72,10.65,11.04,6798734,84316384.00
2014-04-01,10.88,11.35,10.88,11.01,5949072,73552960.00
2014-04-02,10.93,11.10,10.83,10.98,6409800,77843360.00
2014-04-03,10.97,11.01,10.70,10.71,4276594,51422624.00
2014-04-04,10.71,10.93,10.65,10.85,2132746,25617458.00
2014-04-08,9.76,10.13,9.76,9.76,14406226,156442496.00
2014-04-09,9.64,10.26,9.64,10.07,8841057,97579728.00
2014-04-10,10.00,10.16,9.80,9.89,4767671,52552092.00
2014-04-11,9.83,9.95,9.69,9.81,2488571,27022736.00
2014-04-14,9.79,9.86,9.76,9.85,2661208,28993572.00
2014-04-15,9.90,9.90,9.64,9.69,1729825,18701956.00
2014-04-16,9.64,9.66,9.36,9.46,3613219,38039828.00
2014-04-17,9.45,9.49,9.30,9.33,2082025,21623020.00
2014-04-18,9.27,9.51,9.27,9.36,1289862,13500324.00
2014-04-21,9.32,9.78,9.29,9.60,3631369,38707024.00
2014-04-22,9.60,9.79,9.58,9.65,2630299,28241220.00
2014-04-23,9.65,9.76,9.59,9.72,1461651,15761735.00
2014-04-24,9.66,10.16,9.66,10.15,4721734,52270016.00
2014-04-25,10.13,10.15,9.82,9.84,2614299,28886846.00
2014-04-28,9.82,9.87,9.00,9.40,2925610,30658786.00
2014-04-29,9.32,9.56,9.32,9.56,1390169,14585323.00
2014-04-30,9.57,9.69,9.45,9.58,1192961,12702418.00
2014-05-05,9.57,9.62,9.38,9.48,1342630,14131833.00
2014-05-06,9.49,9.72,9.43,9.68,1662148,17728082.00
2014-05-07,9.73,9.73,9.50,9.53,1124492,11963010.00
2014-05-08,9.57,9.69,9.47,9.58,1327909,14147889.00
2014-05-09,9.64,9.67,9.53,9.65,918529,9789671.00
2014-05-12,9.77,10.14,9.64,10.07,2520254,27819664.00
2014-05-13,10.09,10.12,9.93,9.95,1431298,15931068.00
2014-05-14,9.91,10.07,9.89,10.03,1060065,11727394.00
2014-05-15,9.98,10.05,9.53,9.57,2070552,22528954.00
2014-05-16,9.48,9.79,9.48,9.77,904281,9714308.00
2014-05-19,9.75,9.76,9.64,9.64,449109,4831240.00
2014-05-20,9.73,9.81,9.64,9.67,548738,5921385.00
2014-05-21,9.65,9.74,9.36,9.67,716772,7615551.00
2014-05-22,9.68,9.71,9.47,9.51,609226,6496101.00
2014-05-23,9.55,9.68,9.50,9.64,652287,6946570.00
2014-05-26,9.61,9.83,9.57,9.80,1161368,12555062.00
2014-05-27,9.80,9.88,9.66,9.81,798247,8710204.00
2014-05-28,9.84,9.86,9.73,9.80,1567152,17014866.00
2014-05-29,9.80,9.90,9.64,9.85,2703361,29404036.00
2014-05-30,9.85,9.97,9.75,9.95,2120248,23226046.00
2014-06-03,9.95,9.98,9.82,9.89,827523,9087649.00
2014-06-04,9.84,9.90,9.75,9.89,1199610,13068902.00
2014-06-05,9.83,10.09,9.78,10.06,1859852,20532362.00
2014-06-06,10.05,10.24,10.05,10.23,4661492,52415816.00
2014-06-09,10.16,10.24,10.05,10.21,1953703,22097592.00
2014-06-10,10.24,10.31,10.09,10.20,1974257,22288978.00
2014-06-11,10.15,10.36,10.15,10.33,2404602,27412768.00
2014-06-12,10.38,10.68,10.33,10.67,4086033,47754616.00
2014-06-13,10.65,11.04,10.59,10.88,6103465,73640848.00
2014-06-16,10.85,10.96,10.73,10.87,4248243,51144576.00
2014-06-17,10.85,11.00,10.82,10.98,4663893,56570820.00
2014-06-18,11.01,11.19,10.93,11.07,3693320,45325896.00
2014-06-19,11.09,11.10,10.89,10.98,3604714,43865492.00
2014-06-20,11.02,11.24,10.98,11.23,7084664,87709848.00
2014-06-23,11.24,11.25,11.05,11.24,3456558,42912212.00
2014-06-24,11.23,11.35,10.75,10.87,7304922,89421512.00
2014-06-25,10.87,10.95,10.81,10.87,5029947,60662068.00
2014-06-26,11.04,11.04,10.86,10.88,2715841,32871914.00
2014-06-27,10.90,11.08,10.80,11.00,2967668,35927220.00
2014-06-30,11.00,11.07,10.94,11.03,2087446,25499708.00
2014-07-01,11.03,11.23,10.96,11.17,2879399,35402532.00
2014-07-02,11.27,11.35,11.15,11.22,3433102,42721232.00
2014-07-03,11.27,11.27,11.13,11.16,2637856,32673290.00
2014-07-04,11.17,11.63,11.15,11.49,5918018,75093176.00
2014-07-07,11.45,11.57,11.33,11.53,3013010,38424196.00
2014-07-08,11.45,11.49,11.15,11.15,6415223,80021248.00
2014-07-09,11.11,11.32,11.11,11.30,2606978,32532148.00
2014-07-10,11.28,11.70,11.28,11.65,5281367,67899904.00
2014-07-11,11.65,11.79,11.54,11.63,2769855,35830712.00
2014-07-14,11.36,11.52,11.18,11.34,4767607,60182832.00
2014-07-15,11.35,11.45,11.23,11.38,3701822,46512408.00
2014-07-16,11.37,11.47,11.02,11.23,2476662,30890698.00
2014-07-17,11.20,11.40,11.15,11.25,3180767,39661072.00
2014-07-18,11.25,11.29,11.19,11.19,1856076,23158572.00
2014-07-21,11.19,11.27,10.91,11.08,1999521,24515324.00
2014-07-22,10.99,11.56,10.91,11.46,4623373,58218892.00
2014-07-23,11.48,11.57,11.32,11.36,2705424,34399544.00
2014-07-24,11.43,11.52,11.21,11.31,1023056,12854474.00
2014-07-25,11.31,11.53,11.18,11.39,2182737,27601434.00
2014-07-28,11.36,11.45,11.25,11.44,2882110,36397612.00
2014-07-29,11.45,11.54,11.36,11.47,1268137,16100737.00
2014-07-30,11.39,11.48,11.27,11.35,1441280,18167560.00
2014-07-31,11.35,11.41,11.24,11.40,1203602,15126577.00
2014-08-01,11.40,11.40,11.28,11.30,1279337,16070323.00
2014-08-04,11.27,11.35,11.16,11.29,2412584,30074104.00
2014-08-05,11.28,11.33,11.21,11.25,1312408,16395392.00
2014-08-06,11.22,11.23,11.15,11.21,1208361,14986656.00
2014-08-07,11.19,11.23,11.05,11.05,1469389,18148508.00
2014-08-08,11.03,11.43,11.03,11.33,2395484,30010516.00
2014-08-11,11.33,11.41,11.25,11.33,2058055,25894776.00
2014-08-12,11.33,11.36,11.17,11.28,1736108,21689844.00
2014-08-13,11.27,11.35,11.16,11.29,1442324,18014238.00
2014-08-14,11.37,11.44,11.27,11.42,2160354,27217518.00
2014-08-15,11.45,12.57,11.42,12.57,7953170,108067360.00
2014-08-18,13.05,13.36,12.68,13.15,9943250,142839472.00
2014-08-19,13.08,13.08,12.73,12.77,5320790,76128168.00
2014-08-20,12.80,13.13,12.78,12.89,4210041,60331348.00
2014-08-21,12.85,12.88,12.63,12.75,2794519,39517844.00
2014-08-22,12.57,12.81,12.57,12.76,2693189,37994560.00
2014-08-25,12.76,12.76,12.45,12.49,2110819,29430908.00
2014-08-26,12.49,12.62,12.27,12.42,2270596,31271898.00
2014-08-27,12.45,12.86,12.45,12.64,3270173,45921696.00
2014-08-28,12.72,12.94,12.59,12.65,2044068,28916410.00
2014-08-29,12.64,12.76,12.53,12.61,1470800,20566632.00
2014-09-01,12.65,12.75,12.62,12.69,1581775,22211960.00
2014-09-02,12.73,12.90,12.63,12.78,2328295,32857774.00
2014-09-03,12.78,13.32,12.75,13.17,4739800,68397296.00
2014-09-04,13.17,13.20,13.02,13.17,3100097,45034204.00
2014-09-05,13.15,13.68,13.07,13.51,5203716,77493424.00
2014-09-09,13.52,13.95,13.52,13.80,4485283,68355448.00
2014-09-10,13.80,13.80,13.55,13.72,2931578,44399676.00
2014-09-11,13.72,13.86,13.24,13.35,3995064,59877684.00
2014-09-12,13.35,13.50,13.29,13.46,1623756,24114354.00
2014-09-15,13.47,13.73,13.36,13.45,2152362,32234468.00
2014-09-16,13.44,13.49,12.77,12.82,4051076,58619420.00
2014-09-17,12.75,13.18,11.91,13.18,3909324,54114076.00
2014-09-18,12.95,13.24,12.78,13.02,2465891,35543272.00
2014-09-19,13.03,13.32,13.03,13.24,2251738,32885786.00
2014-09-22,13.25,13.25,12.99,13.03,1344475,19463112.00
2014-09-23,13.05,13.14,12.77,12.98,2114214,30275872.00
2014-09-24,13.09,13.17,12.87,13.01,2012112,29038082.00
2014-09-25,13.00,13.14,12.96,13.02,1562343,22621982.00
2014-09-26,12.55,13.05,12.36,12.63,6752853,94319776.00
2014-09-29,12.49,12.61,12.21,12.30,4935614,67503584.00
2014-09-30,12.32,12.71,12.29,12.70,3917690,54414816.00
2014-10-08,12.75,12.85,12.55,12.73,2518633,35419184.00
2014-10-09,12.77,12.77,12.42,12.59,2264260,31585956.00
2014-10-10,12.58,12.58,12.35,12.46,2399276,33022832.00
2014-10-13,12.45,13.09,12.41,13.09,5307839,75421432.00
2014-10-14,13.09,13.89,12.90,13.43,8065267,120064872.00
2014-10-15,13.35,13.75,13.09,13.56,4567682,68388648.00
2014-10-16,13.45,13.65,13.20,13.26,4475261,66826980.00
2014-10-17,13.08,13.45,12.96,13.31,2241364,32819708.00
2014-10-20,13.29,13.41,12.95,13.12,2231511,32418074.00
2014-10-21,13.12,13.18,12.86,12.98,1494532,21577280.00
2014-10-22,13.05,14.29,12.87,13.91,5933808,90389984.00
2014-10-23,13.68,14.73,13.60,13.81,5918858,92460088.00
2014-10-24,13.76,13.97,13.45,13.50,2641515,39856904.00
2014-10-27,13.45,13.87,13.29,13.87,2872921,43344356.00
2014-10-28,13.87,14.59,13.82,14.38,4508588,71657824.00
2014-10-29,14.36,14.53,14.21,14.38,3217568,51283756.00
2014-10-30,14.32,14.53,14.29,14.39,2660226,42432084.00
2014-10-31,14.40,15.17,14.35,14.90,5483951,89728632.00
2014-11-03,14.95,14.95,14.49,14.55,3616701,58416468.00
2014-11-04,14.36,14.69,14.36,14.36,2624280,42037744.00
2014-11-05,14.36,14.81,14.36,14.68,2615566,42358680.00
2014-11-06,14.69,15.09,14.55,14.88,2965223,48623312.00
2014-11-07,14.83,14.98,14.66,14.71,2072713,33923916.00
2014-11-10,14.71,14.71,14.16,14.19,4046742,64492672.00
2014-11-11,14.28,14.36,13.64,13.88,3454420,53437320.00
2014-11-12,13.73,15.08,13.71,14.91,6127821,99897336.00
2014-11-13,14.91,14.91,14.65,14.69,1881959,30734264.00
2014-11-14,14.75,15.00,14.27,14.82,1975872,31945206.00
2014-11-17,14.67,14.91,14.56,14.81,1697165,27678872.00
2014-11-18,14.82,14.93,14.74,14.90,1756225,28851658.00
2014-11-19,14.91,15.64,14.91,15.53,5196392,88823352.00
2014-11-20,15.36,15.76,15.36,15.54,2212602,37908656.00
2014-11-21,15.54,15.60,15.41,15.58,1404927,24142320.00
2014-11-24,15.98,16.23,15.47,15.50,6024323,105343768.00
2014-11-25,15.45,16.21,15.05,15.90,4370075,75437656.00
2014-11-26,16.27,16.35,15.69,15.92,3565371,62880204.00
2014-11-27,16.07,16.08,14.52,15.51,3280607,56687788.00
2014-11-28,15.57,15.77,15.35,15.60,2208098,37849524.00
2014-12-01,15.41,15.70,15.09,15.20,2467583,41637772.00
2014-12-02,15.09,15.36,15.01,15.15,2166797,36441064.00
2014-12-03,15.18,15.19,14.71,14.89,4052021,66552204.00
2014-12-04,14.91,15.15,14.90,14.95,2564975,42512176.00
2014-12-05,14.93,14.93,14.18,14.37,3744943,59779712.00
2014-12-08,14.44,14.45,14.00,14.09,3842160,60199780.00
2014-12-09,14.09,14.27,12.93,13.19,4321233,65428648.00
2014-12-10,13.18,14.52,12.84,14.46,5290836,81977744.00
2014-12-11,14.51,15.39,14.51,14.79,4121699,67931952.00
2014-12-12,14.82,15.05,14.12,14.23,3907998,62516148.00
2014-12-15,14.24,14.44,14.00,14.30,2307926,36361900.00
2014-12-16,14.44,14.46,14.05,14.25,2073686,32605592.00
2014-12-17,14.36,14.36,13.64,13.73,2773506,42623520.00
2014-12-18,13.73,13.97,13.57,13.60,1755456,26707286.00
2014-12-19,13.63,13.63,13.16,13.35,1851679,27342980.00
2014-12-22,13.35,13.35,12.53,12.59,3054056,43190460.00
2014-12-23,12.59,13.73,12.45,13.01,2118834,31137830.00
2014-12-24,13.03,13.55,12.80,13.39,2244100,32974624.00
2014-12-25,13.44,13.53,13.25,13.44,1555476,23033238.00
2014-12-26,13.45,13.54,13.27,13.48,1434993,21319056.00
2014-12-29,12.82,13.70,12.82,13.24,2630542,38905204.00
2014-12-30,13.36,13.73,13.25,13.26,1923123,28692124.00
2014-12-31,13.18,13.44,12.89,12.95,1561268,22538354.00
2015-01-05,12.82,13.18,12.64,12.84,1500265,21316036.00
2015-01-06,12.84,13.55,12.54,13.22,2994664,43009096.00
2015-01-07,13.14,13.68,13.10,13.44,2627943,38903044.00
2015-01-08,13.31,13.59,13.18,13.26,1519706,22532464.00
2015-01-09,13.34,13.50,12.95,12.95,1889056,27609484.00
2015-01-12,12.82,13.00,12.35,12.55,2827343,39251608.00
2015-01-13,12.55,12.68,12.45,12.55,1164181,16175182.00
2015-01-14,12.62,13.05,12.45,12.84,2396682,34050056.00
2015-01-15,12.85,13.05,12.73,12.81,1090889,15520585.00
2015-01-16,12.91,13.09,12.80,13.02,1324035,19013080.00
2015-01-19,12.98,13.60,12.51,12.99,1720040,24812260.00
2015-01-20,12.91,14.30,12.77,14.30,6353120,96117448.00
2015-01-21,14.91,15.64,14.65,15.04,8870203,148673536.00
2015-01-22,15.00,15.11,14.53,14.71,5474124,89226944.00
2015-01-23,14.71,15.37,14.71,14.96,7291922,122398072.00
2015-01-28,16.45,16.45,14.90,14.99,8607544,148252032.00
2015-01-29,15.00,15.00,14.36,14.42,4127081,66370532.00
2015-01-30,14.41,14.85,14.20,14.23,3274565,52597260.00
2015-02-02,14.18,14.18,13.55,13.79,2711668,41464964.00
2015-02-03,13.79,14.35,13.77,14.23,2364875,37171004.00
2015-02-04,14.41,14.91,14.27,14.61,3108130,50483512.00
2015-02-05,14.73,14.73,14.09,14.19,2643956,41771280.00
2015-02-06,14.11,14.52,13.82,13.96,1691031,26316326.00
2015-02-09,13.96,14.34,13.90,14.00,1289602,20097864.00
2015-02-10,14.01,14.09,13.83,13.96,1601541,24640548.00
2015-02-11,13.96,14.07,13.78,13.83,1324023,20338284.00
2015-02-12,13.91,14.09,13.83,13.93,1433797,22095014.00
2015-02-13,13.99,14.32,13.96,14.25,2017527,31583478.00
2015-02-16,14.28,14.62,14.28,14.55,2320952,37335024.00
2015-02-17,14.60,14.72,14.51,14.57,1655828,26719646.00
2015-02-25,14.58,14.71,14.19,14.34,1905636,30179370.00
2015-02-26,14.41,14.60,14.27,14.38,1735604,27636188.00
2015-02-27,14.45,14.61,14.36,14.61,3004231,48222648.00
2015-03-02,14.63,14.66,14.50,14.66,3383932,54611572.00
2015-03-03,14.76,14.76,14.35,14.45,3754471,60395728.00
2015-03-04,14.45,14.53,14.17,14.50,3217787,51016724.00
2015-03-05,14.72,15.45,14.68,15.13,6384287,106530344.00
2015-03-06,15.14,15.14,14.54,14.55,4111881,67109272.00
2015-03-09,14.73,14.78,14.38,14.72,2337589,37841932.00
2015-03-10,14.68,15.05,14.68,14.91,3154876,52097536.00
2015-03-11,14.90,15.00,14.55,14.63,2617542,42647692.00
2015-03-12,14.56,14.69,14.35,14.41,3303178,52881296.00
2015-03-13,14.45,14.66,14.42,14.66,2047921,32979344.00
2015-03-16,14.72,14.95,14.71,14.95,4468327,73295688.00
2015-03-17,14.97,15.36,14.78,15.35,6755323,113382080.00
2015-03-18,15.32,15.45,15.18,15.35,7040816,119249520.00
2015-03-19,15.36,15.87,15.36,15.43,5362842,92318544.00
2015-03-20,15.56,15.77,15.41,15.70,5099589,88096288.00
2015-03-23,15.91,17.28,15.91,17.28,10031825,187388096.00
2015-03-24,18.01,18.52,17.19,18.23,15232835,301963936.00
2015-03-25,18.14,19.00,17.64,18.79,9128239,184441504.00
2015-03-26,18.99,18.99,17.65,17.80,8328059,166838016.00
2015-03-27,17.86,17.98,16.98,17.50,5554747,107370656.00
2015-03-30,17.55,17.86,17.20,17.38,5415945,104443320.00
2015-03-31,17.36,17.74,17.02,17.59,5541017,107165776.00
2015-04-01,17.60,18.14,17.47,18.02,5396809,106812808.00
2015-04-02,18.08,18.41,17.82,18.35,5710651,114925088.00
2015-04-03,18.50,20.19,18.12,20.19,12551570,269753472.00
2015-04-07,21.29,22.22,20.69,20.97,20118126,475217760.00
2015-04-08,21.13,22.04,20.16,21.13,10491448,244744016.00
2015-04-09,21.13,21.27,19.36,19.91,9748009,216420544.00
2015-04-10,19.98,20.62,19.65,20.12,5921941,131515536.00
2015-04-13,20.07,20.80,19.55,20.45,8249145,184086016.00
2015-04-14,20.45,20.71,20.03,20.68,7015646,158047904.00
2015-04-15,20.54,20.54,18.69,18.71,8973864,193876144.00
2015-04-16,18.45,18.59,17.44,18.18,6008503,120412064.00
2015-04-17,18.18,18.76,17.91,18.15,6495204,132038240.00
2015-04-20,18.18,18.54,17.43,17.78,8852542,176355216.00
2015-04-21,17.82,18.27,17.73,18.26,4953148,99028896.00
2015-04-22,18.40,18.70,18.28,18.65,7069386,144841264.00
2015-04-23,18.70,19.55,18.55,19.28,8646057,183633136.00
2015-04-24,19.18,19.18,18.32,18.66,6226751,129287336.00
2015-04-27,18.77,18.91,18.34,18.36,6808719,139239632.00
2015-04-28,18.33,18.33,17.14,17.27,9154219,177429184.00
2015-04-29,17.41,17.64,16.73,17.51,5780408,110965344.00
2015-04-30,17.79,17.79,17.23,17.23,5468747,105497944.00
2015-05-04,17.45,18.05,17.07,18.02,6560978,127925360.00
2015-05-05,18.09,18.25,17.42,17.50,4937641,97130568.00
2015-05-06,17.45,17.68,16.88,17.03,4005305,76995352.00
2015-05-07,17.00,17.80,16.73,17.55,4776144,90361336.00
2015-05-08,17.73,18.32,17.55,18.09,6903695,137353616.00
2015-05-11,18.11,18.45,17.91,18.35,6996295,141071088.00
2015-05-12,18.43,18.53,17.97,18.18,6724312,135131824.00
2015-05-13,18.35,19.23,18.10,18.91,11739206,242923664.00
2015-05-14,19.08,19.09,18.44,18.55,6731583,138526400.00
2015-05-15,18.55,18.55,17.48,17.95,8278456,164290608.00
2015-05-18,17.80,18.25,17.45,18.01,4695497,93605472.00
2015-05-19,17.95,18.31,17.93,18.25,5351865,107522680.00
2015-05-20,18.25,19.91,18.25,19.27,13345122,282307232.00
2015-05-21,19.22,20.80,19.06,20.64,15129023,339334208.00
2015-05-22,20.84,21.00,19.55,20.15,11098062,247063072.00
2015-05-25,19.91,21.91,19.67,21.85,16804227,383556576.00
2015-05-26,21.87,23.54,21.55,22.81,23331449,578080512.00
2015-05-27,22.92,23.55,21.91,23.00,14153099,356514368.00
2015-05-28,22.91,22.96,20.69,20.69,13949983,336598816.00
2015-05-29,20.26,20.99,18.62,20.08,9017530,199331488.00
2015-06-01,20.13,21.86,20.13,21.66,10203770,235791328.00
2015-06-02,21.62,22.23,21.18,22.02,12302159,296288608.00
2015-06-03,22.04,22.64,21.76,22.27,11515229,281942464.00
2015-06-04,22.28,22.38,20.04,21.49,8376907,195024752.00
2015-06-05,21.73,22.18,21.00,21.20,8270795,197086896.00
2015-06-08,21.17,21.20,20.09,20.70,7349554,167345744.00
2015-06-09,20.71,21.31,20.57,20.86,5780813,133485416.00
2015-06-10,20.88,21.94,20.64,21.70,9525766,226134704.00
2015-06-11,21.88,22.35,21.55,22.32,11313214,275235264.00
2015-06-12,22.53,22.56,21.78,22.37,9774515,239186224.00
2015-06-15,22.38,24.45,21.91,23.45,15138504,382806368.00
2015-06-16,23.29,23.29,21.95,22.09,9639416,239611856.00
2015-06-17,22.09,22.25,20.82,21.82,6390470,151852144.00
2015-06-18,21.99,22.00,20.97,21.45,4852148,114872768.00
2015-06-19,21.05,21.18,19.45,19.91,5516109,122208904.00
2015-06-23,19.32,20.05,18.75,19.77,4849381,103747232.00
2015-06-24,19.93,20.35,19.71,20.13,4103453,91039592.00
2015-06-25,20.12,20.18,18.58,18.83,4252970,91692264.00
2015-06-26,18.14,18.25,16.94,16.94,6623174,127267992.00
2015-06-29,17.27,17.63,15.24,15.29,7823328,136654064.00
2015-06-30,15.31,16.83,13.75,16.83,8746289,150056064.00
2015-07-01,16.76,17.95,15.82,16.18,6083524,115013944.00
2015-07-02,16.36,16.44,14.55,14.55,5655574,95906240.00
2015-07-03,14.07,15.35,13.09,13.45,5923065,90236368.00
2015-07-06,14.81,14.81,12.18,12.64,6302874,94662128.00
2015-07-07,12.64,12.79,11.36,11.36,6017966,78129536.00
2015-07-08,10.22,10.64,10.22,10.22,3955571,44884540.00
2015-07-16,11.25,11.25,11.25,11.25,4888175,60955544.00
2015-07-17,12.38,12.38,12.38,12.38,1449100,19881652.00
2015-07-20,13.63,13.63,13.63,13.63,668001,10080135.00
2015-07-21,14.91,15.00,13.65,15.00,21506250,349547680.00
2015-07-22,15.00,15.87,14.82,15.48,15896086,272910944.00
2015-07-23,15.26,16.27,14.98,15.92,11513192,197589568.00
2015-07-24,15.82,16.18,15.52,15.62,8701732,152095376.00
2015-07-27,15.35,15.95,14.05,14.05,8068750,134370208.00
2015-07-28,14.00,14.66,12.91,13.73,7186565,108571528.00
2015-07-29,14.09,14.45,13.32,14.37,6432962,98680264.00
2015-07-30,14.30,14.58,13.65,13.73,4894930,76839584.00
2015-07-31,13.72,14.00,13.46,13.68,4062764,61642312.00
2015-08-03,13.55,13.73,13.00,13.12,3534280,52094912.00
2015-08-04,13.16,14.14,12.92,14.14,4597545,69481696.00
2015-08-05,14.11,14.32,13.77,14.03,3689270,57422576.00
2015-08-06,13.73,14.47,13.64,14.26,3581497,56449388.00
2015-08-07,14.36,14.91,14.26,14.68,4629050,74972944.00
2015-08-10,14.78,15.46,14.68,15.40,4354018,72755848.00
2015-08-11,15.35,15.50,14.95,14.97,4275718,71769456.00
2015-08-12,14.89,14.99,14.66,14.81,3278059,53732724.00
2015-08-13,14.81,15.00,14.50,14.97,3259505,53325980.00
2015-08-14,15.00,15.49,14.88,14.96,4478043,75180824.00
2015-08-17,14.91,15.16,14.54,15.15,5492425,90376136.00
2015-08-18,15.18,15.89,13.65,13.86,6693186,112019560.00
2015-08-19,13.14,14.27,12.58,13.90,7940862,116278240.00
2015-08-20,13.73,15.29,13.55,14.04,6206196,98679384.00
2015-08-21,13.95,13.95,12.72,13.05,4689760,68978160.00
2015-08-24,12.28,12.86,11.74,11.74,9187851,122091352.00
2015-08-25,10.80,12.18,10.80,10.89,4755782,59080604.00
2015-08-26,11.27,11.99,10.73,11.35,5952371,75203584.00
2015-08-27,11.27,12.49,11.27,12.49,6708549,89797440.00
2015-08-28,12.95,13.39,12.21,13.09,8468880,118785136.00
2015-08-31,12.92,12.92,12.23,12.30,4307099,59685328.00
2015-09-01,12.18,12.18,11.32,11.82,4315957,56281308.00
2015-09-02,11.35,12.81,11.15,11.91,6015486,81282960.00
2015-09-07,12.03,12.59,11.95,12.00,2816054,38199460.00
2015-09-08,12.05,12.54,11.53,12.50,2745475,36634104.00
2015-09-09,12.40,13.03,12.33,12.77,4407909,62148544.00
2015-09-10,12.50,12.73,12.29,12.31,2416101,33567236.00
2015-09-11,12.29,12.59,12.10,12.27,1827083,24936220.00
2015-09-14,12.13,12.36,11.25,11.36,3155761,41292448.00
2015-09-15,11.34,11.49,10.82,10.85,2394958,29546618.00
2015-09-16,11.65,11.94,11.19,11.94,2875713,37897916.00
2015-09-17,13.14,13.14,12.64,12.64,9411933,136317296.00
2015-09-18,12.32,12.64,11.84,12.33,8572372,116033448.00
2015-09-21,12.07,12.72,11.95,12.64,5523234,75971736.00
2015-09-22,12.64,12.73,12.27,12.45,4222417,58729160.00
2015-09-23,12.18,12.63,12.07,12.33,3523100,48219140.00
2015-09-24,12.31,12.53,12.18,12.33,3782445,51777772.00
2015-09-25,12.24,12.33,11.63,11.72,4446241,58488800.00
2015-09-28,11.55,12.06,11.55,11.93,1903343,24991442.00
2015-09-29,11.74,11.91,11.65,11.77,1748029,22893858.00
2015-09-30,11.77,12.09,11.77,11.97,2092295,27643476.00
2015-10-08,12.39,12.60,12.23,12.42,4586071,62954836.00
2015-10-09,12.44,12.76,12.36,12.53,4041084,56103644.00
2015-10-12,12.73,13.15,12.65,13.04,7312158,104640736.00
2015-10-13,12.95,13.21,12.89,13.12,4441140,64267112.00
2015-10-14,13.09,13.12,12.77,12.81,3251065,46593228.00
2015-10-15,12.86,13.41,12.83,13.34,4634788,67598904.00
2015-10-16,13.32,13.73,13.27,13.65,5519914,82453640.00
2015-10-19,13.62,13.68,13.15,13.31,3715049,55152468.00
2015-10-20,13.33,13.56,13.15,13.47,3484939,51485552.00
2015-10-21,13.47,13.63,12.48,12.66,4712616,68609640.00
2015-10-22,12.67,13.33,12.67,13.23,3125949,44984328.00
2015-10-23,13.49,14.25,13.45,13.90,7494385,115113480.00
2015-10-26,14.07,14.54,13.92,14.30,7049231,111143112.00
2015-10-27,14.12,14.57,13.80,14.50,6312434,98573320.00
2015-10-28,14.81,14.82,13.85,13.91,4465689,70920848.00
2015-10-29,13.92,14.35,13.65,14.29,3315569,51506876.00
2015-10-30,14.34,14.34,13.77,14.14,2885581,44952968.00
2015-11-02,13.91,14.19,13.60,13.68,2911036,44897288.00
2015-11-03,13.73,13.98,13.41,13.70,2540512,38356552.00
2015-11-04,13.77,14.32,13.68,14.31,4277107,66606440.00
2015-11-05,14.23,14.55,14.11,14.33,4743778,75027728.00
2015-11-06,14.31,14.65,14.20,14.59,3704922,59714904.00
2015-11-09,14.45,14.73,14.27,14.70,4299491,69165760.00
2015-11-10,14.65,14.95,14.29,14.80,3863551,62881472.00
2015-11-11,14.70,16.29,14.70,15.98,8356941,143732608.00
2015-11-12,16.02,16.25,15.57,15.78,3693975,64865092.00
2015-11-13,15.59,16.35,15.49,15.92,5144036,91038872.00
2015-11-16,15.54,16.71,15.36,16.53,3817608,67879936.00
2015-11-17,16.64,17.64,16.52,16.89,7496874,142535344.00
2015-11-18,16.89,16.95,16.09,16.19,3158154,58191128.00
2015-11-19,16.25,16.88,16.25,16.84,3289601,60446992.00
2015-11-20,16.84,17.16,16.73,16.86,3302855,61868988.00
2015-11-23,16.85,17.25,16.60,16.95,3248630,60690792.00
2015-11-24,16.95,17.05,16.48,16.91,3331656,61570440.00
2015-11-25,17.00,17.13,16.85,17.07,2538303,47616052.00
2015-11-26,17.08,17.14,16.71,16.88,2578995,48118284.00
2015-11-27,16.88,16.88,15.18,15.20,4163436,72818888.00
2015-11-30,15.22,15.82,14.36,15.47,3661243,61601720.00
2015-12-01,15.28,15.62,15.20,15.34,1809347,30837192.00
2015-12-02,15.34,15.76,14.98,15.52,1826785,31210454.00
2015-12-03,15.66,16.25,15.41,16.22,2013594,35378892.00
2015-12-04,16.26,16.62,15.52,15.77,4878801,86402512.00
2015-12-07,15.45,16.07,15.45,15.77,2330503,40449088.00
2015-12-08,15.63,15.79,15.25,15.25,1841220,31423774.00
2015-12-09,15.24,15.43,14.82,14.85,1947222,32399296.00
2015-12-10,14.83,15.13,14.73,14.94,931668,15408395.00
2015-12-11,14.94,14.99,14.64,14.64,940512,15349676.00
2015-12-14,14.46,15.15,14.45,15.03,1356502,22341450.00
2015-12-15,15.17,15.28,15.05,15.13,1050802,17610684.00
2015-12-16,15.14,15.33,15.14,15.26,1141253,19204418.00
2015-12-17,15.18,15.72,15.11,15.64,2588977,44357792.00
2015-12-18,15.57,15.72,15.09,15.30,2309645,39272648.00
2015-12-21,15.28,15.77,15.09,15.54,1867105,32054460.00
2015-12-22,15.68,15.71,15.20,15.46,1962779,33330022.00
2015-12-23,15.46,15.62,15.24,15.26,1688703,28894272.00
2015-12-24,15.22,15.35,14.91,15.02,1787559,29744120.00
2015-12-25,15.26,15.26,15.05,15.21,1891144,31762390.00
2015-12-28,15.29,15.59,14.95,14.95,3136466,53016828.00
2015-12-29,14.93,15.15,14.87,14.99,2165801,35813188.00
2015-12-30,14.99,15.34,14.69,14.87,6700523,110822616.00
2015-12-31,14.80,14.94,14.47,14.56,3054474,49725724.00
2016-01-04,14.53,14.55,13.15,13.18,2616094,40120104.00
2016-01-05,12.82,13.50,12.35,13.50,4474419,64694800.00
2016-01-06,13.50,13.95,13.33,13.83,2453782,37277128.00
2016-01-07,13.48,13.82,12.50,12.59,416000,6034745.00
2016-01-08,12.92,13.34,12.20,12.87,2267401,32238016.00
2016-01-11,12.65,12.82,12.00,12.03,1815195,25003984.00
2016-01-12,12.03,12.30,11.82,12.00,1852722,24887042.00
2016-01-13,12.05,12.27,11.59,11.64,1255497,16687184.00
2016-01-14,11.19,11.94,10.98,11.83,2508315,32080946.00
2016-01-15,11.64,12.10,11.51,11.56,3439326,44638324.00
2016-01-18,11.50,11.90,11.27,11.76,2384625,30873682.00
2016-01-19,11.76,12.17,11.57,12.05,1816053,24008340.00
2016-01-20,12.27,13.18,12.18,12.49,2721958,37959556.00
2016-01-21,12.16,12.75,12.11,12.23,1860140,25595178.00
2016-01-22,12.27,12.54,11.85,12.35,1591387,21619388.00
2016-01-25,12.47,12.62,12.19,12.35,1549643,21403300.00
2016-01-26,12.23,12.40,11.12,11.19,1954766,25482806.00
2016-01-27,11.22,11.50,10.20,10.74,2919143,34908700.00
2016-01-28,10.67,10.84,10.29,10.32,1651649,19443270.00
2016-01-29,10.45,10.99,10.26,10.79,1989753,23740026.00
2016-02-01,10.80,11.08,10.55,11.00,2076923,24927398.00
2016-02-02,11.09,11.50,11.02,11.41,2338438,29289080.00
2016-02-03,11.27,11.59,11.01,11.44,1197405,14883933.00
2016-02-04,11.52,11.82,11.38,11.55,1975104,25434330.00
2016-02-05,11.55,11.71,11.43,11.50,1507839,19301850.00
2016-02-15,11.23,11.75,11.09,11.68,1427984,18195998.00
2016-02-16,11.68,12.18,11.68,12.15,1608271,21387442.00
2016-02-17,12.17,12.32,11.83,12.02,2668995,35485000.00
2016-02-18,12.14,12.14,11.75,11.84,1686642,22313850.00
2016-02-19,11.81,11.92,11.68,11.85,1451991,18974974.00
2016-02-22,11.94,12.06,11.74,12.05,2190271,28970912.00
2016-02-23,11.95,12.05,11.77,11.87,1977712,25980436.00
2016-02-24,11.75,12.31,11.75,12.30,3053062,40624648.00
2016-02-25,12.22,12.62,11.06,11.08,2677570,35210684.00
2016-02-26,11.09,11.54,10.90,11.16,1223024,15104103.00
2016-02-29,11.24,11.24,10.24,10.79,2204336,25862360.00
2016-03-01,10.78,11.18,10.73,11.05,3520461,43284720.00
2016-03-02,11.05,11.65,11.03,11.48,3515474,44106052.00
2016-03-03,11.42,11.62,11.23,11.25,3219148,40727248.00
2016-03-04,11.32,11.39,10.51,10.73,2165419,26352418.00
2016-03-07,10.81,11.04,10.71,10.82,2402704,28923650.00
2016-03-08,10.82,11.17,10.32,11.09,4107339,49569320.00
2016-03-09,10.85,11.26,10.69,11.07,3174960,38879804.00
2016-03-10,10.94,11.15,10.64,10.71,2140062,25782934.00
2016-03-11,10.46,10.80,10.44,10.63,1229685,14468406.00
2016-03-14,10.64,11.15,10.64,10.85,2470112,30131034.00
2016-03-15,10.81,11.29,10.81,11.07,2761387,34061256.00
2016-03-16,11.16,11.21,10.79,11.07,1756749,21397972.00
2016-03-17,11.07,11.86,11.07,11.46,3382628,42961120.00
2016-03-18,11.45,11.84,11.42,11.66,3735509,48281508.00
2016-03-21,11.71,11.91,11.61,11.80,3039021,39656696.00
2016-03-22,11.80,11.96,11.62,11.84,3095020,40391408.00
2016-03-23,11.83,11.89,11.66,11.76,1956159,25510018.00
2016-03-24,11.76,11.83,11.55,11.62,2422648,31451110.00
2016-03-25,11.64,11.71,11.35,11.53,2597415,33193488.00
2016-03-28,11.59,11.84,11.56,11.62,2625348,33962356.00
2016-03-29,11.60,11.68,11.35,11.52,1558371,19903014.00
2016-03-30,11.62,11.84,11.54,11.82,2980866,38676900.00
2016-03-31,11.91,12.51,11.84,12.36,5365192,72855480.00
2016-04-01,12.26,12.36,11.92,12.05,2646310,35498736.00
2016-04-05,12.06,12.35,11.97,12.29,3160209,42582560.00
2016-04-06,12.19,12.35,12.14,12.31,2052372,27861938.00
2016-04-07,12.33,12.41,12.10,12.14,2260961,30671224.00
2016-04-08,12.01,12.09,11.71,11.82,2918887,38276812.00
2016-04-11,11.89,12.26,11.89,12.01,3148444,42091760.00
2016-04-12,12.07,12.09,11.74,11.83,2162175,28451896.00
2016-04-13,11.95,12.15,11.90,12.03,3979100,53215820.00
2016-04-14,12.04,12.44,12.04,12.43,5414143,73554944.00
2016-04-15,12.53,12.54,12.22,12.35,2714980,37023256.00
2016-04-18,12.26,12.62,12.05,12.56,3890316,53308156.00
2016-04-19,12.50,12.60,12.33,12.58,2901004,40080768.00
2016-04-20,12.64,12.67,11.56,11.86,4814812,64427628.00
2016-04-21,11.95,11.95,11.58,11.64,1991179,26023080.00
2016-04-22,11.66,11.86,11.45,11.67,1667904,21467330.00
2016-04-25,11.61,11.66,11.19,11.29,2997877,37666576.00
2016-04-26,11.29,11.40,11.08,11.35,3621060,45115988.00
2016-04-27,11.25,11.39,11.21,11.29,2508189,31382066.00
2016-04-28,11.32,11.32,11.05,11.14,2764233,34201848.00
2016-04-29,11.05,11.05,10.64,10.82,5341088,63942068.00
2016-05-03,10.82,11.26,10.73,11.25,5919533,72277720.00
2016-05-04,11.23,11.24,11.11,11.15,4110566,50933148.00
2016-05-05,11.15,11.27,11.09,11.27,4377914,54299064.00
2016-05-06,11.46,11.72,11.08,11.10,6531062,82953048.00
2016-05-09,10.91,11.02,10.55,10.63,3409143,40703812.00
2016-05-10,10.63,10.70,10.50,10.55,2292846,26939364.00
2016-05-11,10.62,10.75,10.45,10.55,2633071,31009030.00
2016-05-12,10.46,10.58,10.25,10.53,1945568,22461360.00
2016-05-13,10.47,10.66,10.37,10.41,1798725,20918984.00
2016-05-16,10.42,10.58,10.36,10.55,1406810,16375637.00
2016-05-17,10.55,10.71,10.52,10.62,2047042,24109132.00
2016-05-18,10.62,10.62,10.30,10.40,2113774,24447000.00
2016-05-19,10.39,10.65,10.36,10.50,2091294,24519438.00
2016-05-20,10.45,10.60,10.38,10.55,1384535,16182053.00
2016-05-23,10.57,10.82,10.57,10.75,2610388,31038664.00
2016-05-24,10.75,10.76,10.59,10.65,1295805,15315913.00
2016-05-25,10.73,10.84,10.55,10.61,1267762,15053299.00
2016-05-26,10.56,10.69,10.37,10.60,1579677,18385822.00
2016-05-27,10.53,10.71,10.45,10.60,1234643,14485902.00
2016-05-30,10.60,10.66,10.46,10.55,794867,9300806.00
2016-05-31,10.60,10.93,10.59,10.89,3894205,46616636.00
2016-06-01,10.90,11.11,10.86,10.89,3583285,43628936.00
2016-06-02,10.87,10.97,10.82,10.93,1983422,23974596.00
2016-06-03,10.93,11.06,10.85,11.04,2006624,24404244.00
2016-06-06,11.09,11.15,10.86,10.91,3073558,37524760.00
2016-06-07,10.91,10.95,10.82,10.89,1488324,17925744.00
2016-06-08,10.85,10.89,10.68,10.75,1673237,19987762.00
2016-06-13,10.66,10.68,10.38,10.38,1594992,18661922.00
2016-06-14,10.38,10.51,10.32,10.44,2027163,23369040.00
2016-06-15,10.36,10.63,10.35,10.58,2248859,26286584.00
2016-06-16,10.57,10.65,10.44,10.49,2363900,27636114.00
2016-06-17,10.55,10.76,10.55,10.68,2508140,29684008.00
2016-06-20,10.69,10.78,10.61,10.77,1916364,22788732.00
2016-06-21,10.84,11.86,10.83,11.86,13969041,178022288.00
2016-06-22,11.85,12.08,11.58,11.88,9012411,117552936.00
2016-06-23,11.97,11.97,11.45,11.45,6637568,77023672.00
2016-06-24,11.45,12.60,11.45,12.60,22367141,274863904.00
2016-06-27,12.53,12.73,12.30,12.65,14433479,180863824.00
2016-06-28,12.40,12.55,12.10,12.18,16440469,202182496.00
2016-06-29,12.28,12.34,12.04,12.20,9954954,121052208.00
2016-06-30,12.14,12.30,12.04,12.08,7097608,86075792.00
2016-07-01,12.13,12.33,12.08,12.14,6904532,84115336.00
2016-07-04,12.00,12.29,11.92,12.17,8646634,105201544.00
2016-07-05,12.17,12.58,12.17,12.40,11531588,142945728.00
2016-07-06,12.08,12.29,12.03,12.16,8179478,99226912.00
2016-07-07,12.21,12.50,12.17,12.42,9261470,114175176.00
2016-07-08,12.31,12.41,12.17,12.19,5515504,67482424.00
2016-07-11,12.20,12.30,12.09,12.10,5406177,65885428.00
2016-07-12,12.15,12.25,11.91,12.25,5465949,66168324.00
2016-07-13,12.30,12.38,12.20,12.26,5885560,72183648.00
2016-07-14,12.29,12.29,12.14,12.23,3358510,40954804.00
2016-07-15,12.23,12.45,12.16,12.33,5845955,72110200.00
2016-07-18,12.33,12.78,12.29,12.51,12907663,162961792.00
2016-07-19,12.53,12.70,12.16,12.26,9069031,111766160.00
2016-07-20,12.24,12.97,12.21,12.77,16843937,213564304.00
2016-07-21,12.61,12.78,12.53,12.57,12613418,159294912.00
2016-07-22,12.58,12.88,12.38,12.44,10926087,138062384.00
2016-07-25,12.45,12.63,12.34,12.38,7181940,89605544.00
2016-07-26,12.41,12.65,12.36,12.64,6348384,79533376.00
2016-07-27,12.69,12.69,11.56,12.41,13558947,167512224.00
2016-07-28,12.35,12.43,12.02,12.35,5343070,65542316.00
2016-07-29,12.35,12.46,12.20,12.27,3065702,37702192.00
2016-08-01,12.35,12.35,11.68,11.99,6733782,80532504.00
2016-08-02,11.96,12.13,11.85,12.04,3198289,38343916.00
2016-08-03,12.09,12.09,11.89,12.01,4371281,52332000.00
2016-08-04,11.95,12.00,11.75,11.88,6061457,71836656.00
2016-08-05,11.88,11.97,11.82,11.92,2181217,25960274.00
2016-08-08,11.92,11.99,11.68,11.95,3352411,39758580.00
2016-08-09,11.92,12.14,11.92,12.07,2948259,35494012.00
2016-08-10,12.05,12.12,11.95,11.96,2629644,31578884.00
2016-08-11,11.97,12.00,11.78,11.78,2236182,26535744.00
2016-08-12,11.78,11.91,11.73,11.88,2049599,24217948.00
2016-08-15,11.87,12.13,11.86,12.09,3617166,43595476.00
2016-08-16,12.11,12.31,12.03,12.27,4134194,50444452.00
2016-08-17,12.27,12.35,12.05,12.19,3105039,37854288.00
2016-08-18,12.19,12.27,12.10,12.14,4015942,48822216.00
2016-08-19,12.10,12.19,12.05,12.14,2355691,28541006.00
2016-08-22,12.14,12.27,12.06,12.09,3065608,37295560.00
2016-08-23,12.09,12.18,12.06,12.17,2034152,24654822.00
2016-08-24,12.17,12.30,12.16,12.28,2737293,33484580.00
2016-08-25,12.26,12.26,12.05,12.20,2507919,30393098.00
2016-08-26,12.18,12.39,12.16,12.30,3768542,46261916.00
2016-08-29,12.37,12.38,12.23,12.31,2850405,35049208.00
2016-08-30,12.33,12.35,12.11,12.13,2955637,36043444.00
2016-08-31,12.10,12.18,12.01,12.08,2751630,33221288.00
2016-09-01,12.12,12.19,12.02,12.08,2702216,32726858.00
2016-09-02,12.08,12.22,12.02,12.14,2410144,29216130.00
2016-09-05,12.28,12.42,12.21,12.24,4435761,54614664.00
2016-09-06,12.24,12.40,12.13,12.30,4103563,50233516.00
2016-09-07,12.38,12.38,12.24,12.31,4330384,53290612.00
2016-09-08,12.31,12.65,12.29,12.57,6856969,85660376.00
2016-09-09,12.52,12.52,12.31,12.33,3890905,48357912.00
2016-09-12,12.05,12.21,11.90,11.92,4076653,49129060.00
2016-09-13,12.00,12.12,11.91,11.98,2103562,25271192.00
2016-09-14,11.94,12.06,11.89,11.94,1858242,22277816.00
2016-09-19,11.94,12.03,11.88,11.92,2338620,27958084.00
2016-09-20,11.96,12.09,11.91,11.97,1847073,22135360.00
2016-09-21,11.93,12.10,11.93,11.98,1724129,20747894.00
2016-09-22,12.06,12.09,11.94,11.99,2180240,26177534.00
2016-09-23,12.01,12.05,11.80,11.80,2116170,25174892.00
2016-09-26,11.80,11.85,11.35,11.37,5464070,63044924.00
2016-09-27,11.37,11.48,11.30,11.47,2148183,24471838.00
2016-09-28,11.47,11.49,11.36,11.38,1676301,19140408.00
2016-09-29,11.38,11.44,11.17,11.31,3381369,38127568.00
2016-09-30,11.32,11.40,11.27,11.36,1842484,20906490.00
2016-10-10,11.42,11.73,11.37,11.68,3710643,43078844.00
2016-10-11,11.68,11.83,11.62,11.75,2974039,34984624.00
2016-10-12,11.79,12.14,11.78,11.95,4942517,59293008.00
2016-10-13,11.93,12.49,11.80,12.23,8238591,100483464.00
2016-10-14,12.19,12.19,11.96,12.06,5826932,70149304.00
2016-10-17,12.13,12.17,11.82,11.88,3912477,46970732.00
2016-10-18,11.95,12.00,11.86,11.99,2616090,31265702.00
2016-10-19,12.01,12.20,11.95,12.04,5406467,65372888.00
2016-10-20,12.07,12.11,11.90,11.93,2853168,34243320.00
2016-10-21,11.90,12.01,11.75,11.87,2642695,31421584.00
2016-10-24,11.87,11.99,11.85,11.96,2931344,34917736.00
2016-10-25,11.94,11.94,11.82,11.89,3315088,39359736.00
2016-10-26,11.91,11.95,11.83,11.90,2848588,33889220.00
2016-10-27,11.90,11.90,11.63,11.70,5165123,60746236.00
2016-10-28,11.70,11.83,11.69,11.70,2533264,29776794.00
2016-10-31,11.66,11.77,11.58,11.73,1512808,17705416.00
2016-11-01,11.74,11.74,11.61,11.69,2870669,33459556.00
2016-11-02,11.69,11.72,11.48,11.51,2741105,31812706.00
2016-11-03,11.52,11.64,11.40,11.56,2384761,27560362.00
2016-11-04,11.53,11.61,11.48,11.53,2298563,26535030.00
2016-11-07,11.58,11.60,11.46,11.48,2032193,23384912.00
2016-11-08,11.51,11.65,11.47,11.65,3038074,35058968.00
2016-11-09,11.65,11.67,11.41,11.58,2742586,31720868.00
2016-11-10,11.61,11.64,11.52,11.64,3794639,43987900.00
2016-11-11,11.64,11.65,11.57,11.64,2643322,30683394.00
2016-11-14,11.65,11.72,11.59,11.67,4128143,48146832.00
2016-11-15,11.66,11.72,11.60,11.69,3020939,35195228.00
2016-11-16,11.75,11.83,11.71,11.74,4216391,49612604.00
2016-11-17,11.75,11.77,11.59,11.65,2821825,32857296.00
2016-11-18,11.65,11.73,11.55,11.58,2122701,24619886.00
2016-11-21,11.54,11.64,11.50,11.57,2967116,34347656.00
2016-11-22,11.58,11.77,11.54,11.67,3649833,42299480.00
2016-11-23,11.68,11.79,11.60,11.67,4661921,54564100.00
2016-11-24,11.66,12.84,11.62,12.51,16191725,195922368.00
2016-11-25,12.38,12.48,11.96,12.20,16103806,195550112.00
2016-11-28,12.12,13.42,12.12,12.55,20000300,249823856.00
数据来源:通达信
