002077 大港股份 日线 前复权
      日期	    开盘	    最高	    最低	    收盘	    成交量	    成交额
2011-10-10,9.70,9.81,9.32,9.43,1406288,13585879.00
2011-10-11,9.79,9.82,9.21,9.37,1231795,11927304.00
2011-10-12,9.42,9.72,9.13,9.67,1147366,11126372.00
2011-10-13,9.66,9.86,9.55,9.77,1076824,10684827.00
2011-10-17,9.73,9.90,9.72,9.78,856754,8545104.00
2011-10-18,9.72,9.72,9.34,9.34,964848,9409697.00
2011-10-19,9.43,9.54,9.30,9.46,559908,5388538.50
2011-10-20,9.35,9.87,9.35,9.74,2750966,27115968.00
2011-11-10,10.17,10.67,10.02,10.04,6997209,72667312.00
2011-11-11,9.87,9.98,9.65,9.70,3033713,30343506.00
2011-11-14,9.82,9.95,9.70,9.89,3146156,31572336.00
2011-11-15,9.94,10.09,9.88,10.02,2010094,20421784.00
2011-11-16,10.20,10.47,9.92,9.93,3082514,32014730.00
2011-11-17,9.75,9.92,9.68,9.70,2471663,24554470.00
2011-11-18,9.62,9.62,8.99,9.03,2409248,22872620.00
2011-11-21,9.02,9.38,9.02,9.17,1088791,10166176.00
2011-11-22,9.18,9.18,9.00,9.08,1025655,9486966.00
2011-11-23,9.08,9.13,8.77,8.80,1324728,12081353.00
2011-11-24,8.82,8.90,8.60,8.81,1371866,12227314.00
2011-11-25,8.79,8.88,8.65,8.72,1110007,9912854.00
2011-11-29,8.82,8.85,8.68,8.84,1385567,12396524.00
2011-11-30,8.85,8.85,7.94,7.98,3775323,31734896.00
2011-12-01,8.18,8.29,8.03,8.07,2747317,22920346.00
2011-12-02,8.07,8.07,7.68,7.71,3573291,28424872.00
2011-12-05,7.79,7.80,7.48,7.55,1286089,9977915.00
2011-12-06,7.56,7.67,7.48,7.62,1124340,8726136.00
2011-12-07,7.64,7.64,7.51,7.61,1119265,8679152.00
2011-12-08,7.61,7.70,7.35,7.64,2393570,18519548.00
2011-12-09,7.52,7.69,7.48,7.66,1941069,15126103.00
2011-12-12,7.65,7.65,7.48,7.54,1038445,8015046.50
2011-12-13,7.50,7.53,7.02,7.25,2180690,16376050.00
2011-12-14,7.30,7.30,6.98,7.08,1305235,9496542.00
2011-12-15,7.08,7.08,6.69,6.94,1824133,12819649.00
2011-12-16,6.93,7.62,6.82,7.28,4111907,30478250.00
2011-12-19,7.18,7.94,7.17,7.61,6174504,48071964.00
2011-12-20,7.78,7.78,7.25,7.30,4716283,35970716.00
2011-12-21,7.36,7.40,6.82,6.82,2767979,20175284.00
2011-12-22,6.81,7.03,6.25,6.92,3747286,25337216.00
2011-12-23,6.73,6.95,6.65,6.77,2066246,14424997.00
2011-12-26,6.67,6.84,6.55,6.65,785514,5417925.00
2011-12-27,6.62,6.65,6.32,6.35,1115726,7455036.00
2011-12-28,6.41,6.41,6.03,6.26,967161,6160967.50
2011-12-29,6.29,6.47,6.14,6.36,1005272,6587680.50
2011-12-30,6.36,6.49,6.32,6.42,965942,6387622.50
2012-01-04,6.46,6.51,6.13,6.16,1130429,7382232.50
2012-01-05,6.16,6.16,5.74,5.74,1356506,8242637.50
2012-01-06,5.72,5.91,5.61,5.87,1207928,7178229.00
2012-01-09,5.87,6.22,5.78,6.21,1414709,8794406.00
2012-01-10,6.20,6.57,6.08,6.52,1886679,12455265.00
2012-01-11,6.43,6.73,6.43,6.63,2680954,18167546.00
2012-01-12,6.67,6.82,6.52,6.53,2612993,17957678.00
2012-01-13,6.42,6.53,6.22,6.23,2110181,13760109.00
2012-01-16,6.26,6.26,5.82,5.84,1529337,9424782.00
2012-01-17,5.86,6.27,5.85,6.26,1342047,8398217.00
2012-01-18,6.30,6.47,6.16,6.18,1641504,10696027.00
2012-01-19,6.17,6.37,6.17,6.32,976375,6310988.50
2012-01-20,6.42,6.45,6.28,6.44,1122212,7389033.00
2012-01-30,6.47,6.55,6.35,6.36,1011035,6699687.00
2012-01-31,6.32,6.36,6.19,6.30,865662,5568508.00
2012-02-01,6.30,6.43,6.21,6.24,1116345,7268365.50
2012-02-02,6.18,6.37,6.18,6.35,835144,5402402.50
2012-02-03,6.33,6.67,6.33,6.58,2103905,14103845.00
2012-02-06,6.60,6.91,6.54,6.71,2726126,18809700.00
2012-02-07,6.63,6.69,6.49,6.53,1570478,10571790.00
2012-02-08,6.54,6.76,6.53,6.75,1884322,12918355.00
2012-02-09,6.72,7.06,6.69,6.91,3047976,21626964.00
2012-02-10,6.94,7.07,6.84,6.87,2958450,21082110.00
2012-02-13,6.62,7.04,6.62,7.02,3030181,21458020.00
2012-02-14,7.02,7.05,6.88,7.00,1764038,12601224.00
2012-02-15,6.96,7.19,6.96,7.15,2329092,16948492.00
2012-02-16,7.16,7.37,7.04,7.27,2910901,21556694.00
2012-02-17,7.25,7.35,7.13,7.31,2697615,20019660.00
2012-02-20,7.41,7.49,7.21,7.23,2180301,16324399.00
2012-02-21,7.22,7.33,7.07,7.31,2457959,18215540.00
2012-02-22,7.32,7.47,7.29,7.42,3528397,26711044.00
2012-02-23,7.41,7.46,7.22,7.33,3179845,23877826.00
2012-02-24,7.32,7.94,7.23,7.57,6290897,48816012.00
2012-02-27,7.62,7.68,7.49,7.51,4704530,36426120.00
2012-02-28,7.47,7.50,7.23,7.37,2233045,16858088.00
2012-02-29,7.32,7.32,7.13,7.21,1975885,14639522.00
2012-03-01,7.15,7.38,7.15,7.27,1514714,11312163.00
2012-03-02,7.24,7.46,7.22,7.46,1964479,14870848.00
2012-03-05,7.48,7.57,7.41,7.43,2155458,16520269.00
2012-03-06,7.43,7.43,7.20,7.22,2229318,16632511.00
2012-03-07,7.10,7.30,7.08,7.20,2050937,15129317.00
2012-03-08,7.20,7.38,7.20,7.34,1713625,12812812.00
2012-03-09,7.36,7.49,7.35,7.49,2160386,16441337.00
2012-03-12,7.53,7.59,7.45,7.54,2213873,17027832.00
2012-03-13,7.49,7.67,7.49,7.65,2801943,21799308.00
2012-03-14,7.73,7.73,6.96,7.12,4077564,31010128.00
2012-03-15,7.04,7.14,6.80,6.84,2541252,18077770.00
2012-03-16,6.87,7.06,6.84,7.05,1880951,13403858.00
2012-03-19,7.02,7.14,6.93,7.12,1724815,12448661.00
2012-03-20,7.11,7.14,6.93,6.95,1784359,12855287.00
2012-03-21,6.97,7.11,6.83,7.03,1623597,11625623.00
2012-03-22,7.03,7.13,6.95,7.09,1686179,12206897.00
2012-03-23,7.04,7.04,6.82,6.86,1284412,9116461.00
2012-03-26,6.81,6.81,6.47,6.56,2748493,18574156.00
2012-03-27,6.65,6.65,6.53,6.56,1000195,6752347.50
2012-03-28,6.52,6.58,6.24,6.28,2269560,14979450.00
2012-03-29,6.13,6.28,5.99,6.02,2171465,13567265.00
2012-03-30,6.05,6.11,5.91,5.98,1286713,7970618.50
2012-04-05,5.97,6.14,5.92,6.14,1087828,6799521.00
2012-04-06,6.15,6.77,6.12,6.55,4133384,27712610.00
2012-04-09,6.41,6.61,6.22,6.40,2193908,14519275.00
2012-04-10,6.37,6.44,6.08,6.40,1401757,9059188.00
2012-04-11,6.28,6.55,6.28,6.44,1640410,10847754.00
2012-04-12,6.48,6.66,6.45,6.64,2310900,15588692.00
2012-04-13,6.64,6.77,6.61,6.67,2395754,16482159.00
2012-04-16,6.65,7.13,6.52,7.00,4762078,33638512.00
2012-04-17,7.01,7.29,6.72,6.77,5079885,36552908.00
2012-04-19,7.02,7.04,6.85,6.90,3102044,22058498.00
2012-04-20,6.87,7.19,6.82,7.12,5203653,37635904.00
2012-04-23,7.06,7.24,6.95,7.03,3878977,28317054.00
2012-04-24,7.04,7.04,6.54,6.85,3555389,24790634.00
2012-04-25,6.82,7.20,6.66,7.11,5265502,38082584.00
2012-04-26,7.14,7.35,7.02,7.18,4106614,30245256.00
2012-04-27,7.17,7.19,7.02,7.05,1701867,12342385.00
2012-05-02,7.17,7.24,7.01,7.12,2143444,15645210.00
2012-05-03,7.12,7.17,6.90,6.95,2892811,20693718.00
2012-05-04,6.96,7.02,6.88,6.98,1865729,13312575.00
2012-05-07,7.00,7.12,6.81,7.10,2756788,19748528.00
2012-05-08,7.02,7.11,6.92,7.03,2155894,15544230.00
2012-05-09,6.94,7.21,6.91,7.06,4211770,30666322.00
2012-05-10,7.00,7.62,7.00,7.36,6904068,51726292.00
2012-05-11,7.30,7.48,7.19,7.20,5010771,37687712.00
2012-05-14,7.27,7.52,7.20,7.24,4129202,31135388.00
2012-05-15,7.11,7.16,6.89,6.98,3166990,22674632.00
2012-05-16,6.91,7.01,6.82,6.86,1993273,14154329.00
2012-05-17,6.84,6.98,6.82,6.96,1970670,13991260.00
2012-05-18,6.89,6.90,6.62,6.67,2500870,17405384.00
2012-05-21,6.70,6.73,6.53,6.63,1027464,7004457.00
2012-05-22,6.68,6.78,6.65,6.77,849720,5853944.50
2012-05-23,6.69,6.86,6.63,6.72,828568,5735450.00
2012-05-24,6.71,6.97,6.67,6.76,2032217,14265162.00
2012-05-25,6.76,6.76,6.47,6.54,1777601,12088628.00
2012-05-28,6.55,6.57,6.28,6.56,1621018,10715804.00
2012-05-29,6.54,6.74,6.52,6.73,1783228,12155170.00
2012-05-30,6.72,6.82,6.65,6.71,1882605,13044899.00
2012-05-31,6.66,6.76,6.58,6.66,1846762,12641930.00
2012-06-01,6.60,6.75,6.60,6.69,1084099,7450570.00
2012-06-04,6.53,6.61,6.35,6.36,1651676,10967843.00
2012-06-05,6.32,6.50,6.32,6.36,1028859,6765240.50
2012-06-06,6.39,6.43,6.17,6.25,903933,5851995.00
2012-06-07,6.32,6.34,6.12,6.14,1063910,6813408.50
2012-06-08,6.22,6.27,6.14,6.18,903056,5764852.00
2012-06-11,6.24,6.36,6.19,6.34,883301,5699072.00
2012-06-12,6.31,6.36,6.24,6.31,763161,4949316.50
2012-06-13,6.38,6.46,6.27,6.43,1036721,6804638.00
2012-06-14,6.41,6.47,6.31,6.34,927335,6085933.00
2012-06-15,6.40,6.42,6.21,6.27,845612,5476642.50
2012-06-18,6.31,6.38,6.29,6.33,864158,5630748.50
2012-06-19,6.29,6.32,6.22,6.26,872300,5614212.50
2012-06-20,6.24,6.32,6.24,6.28,456744,2946757.50
2012-06-21,6.25,6.30,6.12,6.14,902027,5752107.00
2012-06-25,6.14,6.14,5.92,5.95,718343,4454923.50
2012-06-26,5.95,5.99,5.85,5.95,728587,4450854.00
2012-06-27,5.95,6.06,5.92,6.03,1005640,6202509.50
2012-06-29,5.94,6.06,5.82,6.04,1021155,6263725.00
2012-07-02,6.06,6.13,6.00,6.11,1084757,6765902.50
2012-07-03,6.10,6.20,6.07,6.12,1088016,6873862.00
2012-07-04,6.15,6.17,6.05,6.09,717226,4498482.50
2012-07-05,6.11,6.11,5.97,6.00,842917,5223653.00
2012-07-06,6.08,6.23,6.02,6.19,1696948,10716856.00
2012-07-09,6.19,6.19,6.00,6.00,990375,6182841.50
2012-07-10,5.98,6.06,5.87,6.02,891759,5470329.50
2012-07-11,6.02,6.04,5.91,6.03,740499,4570051.00
2012-07-12,6.02,6.27,5.97,6.22,1561523,9924053.00
2012-07-13,6.17,6.28,6.11,6.16,1097467,6997275.50
2012-07-16,6.25,6.25,5.84,5.84,1270701,7847179.50
2012-07-17,5.82,6.05,5.71,6.00,985915,5995104.00
2012-07-18,6.00,6.08,5.80,6.08,978768,5992283.50
2012-07-19,6.08,6.15,6.01,6.11,1105259,6945244.00
2012-07-20,6.11,6.19,6.04,6.10,820379,5165027.00
2012-07-23,6.07,6.08,5.87,6.01,866771,5299575.00
2012-07-24,5.97,6.19,5.94,6.07,784818,4896031.50
2012-07-25,6.00,6.18,5.87,6.00,582147,3625937.50
2012-07-26,5.95,6.02,5.87,6.01,789922,4845539.50
2012-07-27,6.00,6.06,5.89,5.92,572751,3514211.00
2012-07-30,5.95,5.95,5.32,5.71,1541886,8997510.00
2012-07-31,5.62,5.71,5.44,5.71,795911,4577928.50
2012-08-01,5.61,5.88,5.57,5.72,1077754,6400349.00
2012-08-02,5.71,5.75,5.46,5.46,660240,3799906.25
2012-08-03,5.50,5.57,5.42,5.54,676108,3842053.75
2012-08-06,5.81,5.82,5.68,5.76,1389627,8244275.50
2012-08-07,5.72,6.00,5.72,5.89,2052863,12491447.00
2012-08-08,5.86,5.99,5.84,5.94,1454057,8861662.00
2012-08-09,5.92,5.97,5.86,5.94,1440747,8784828.00
2012-08-10,5.94,6.04,5.90,5.91,1233508,7567956.50
2012-08-13,5.92,5.95,5.73,5.73,1011944,6098847.50
2012-08-14,5.73,5.77,5.62,5.76,716481,4224217.50
2012-08-15,5.70,5.84,5.69,5.77,760375,4513962.50
2012-08-16,5.75,5.80,5.57,5.57,825631,4829597.00
2012-08-17,5.60,5.68,5.55,5.61,590284,3407602.00
2012-08-20,5.61,5.62,5.50,5.60,463211,2652696.50
2012-08-21,5.60,5.74,5.58,5.69,599951,3520370.75
2012-08-22,5.71,5.76,5.62,5.66,702063,4111876.25
2012-08-23,5.57,5.74,5.57,5.73,707234,4147468.25
2012-08-24,5.67,5.73,5.58,5.60,771300,4494728.00
2012-08-27,5.60,5.61,5.40,5.41,781323,4414192.00
2012-08-28,5.38,5.47,5.38,5.44,701369,3929109.00
2012-08-29,5.44,5.50,5.39,5.43,333461,1875672.00
2012-08-30,5.41,5.47,5.30,5.37,654950,3643976.50
2012-08-31,5.40,5.51,5.39,5.46,614405,3459191.75
2012-09-03,5.49,5.64,5.35,5.57,1519164,8591356.00
2012-09-04,5.55,5.58,5.45,5.47,854303,4863741.00
2012-09-05,5.47,5.60,5.43,5.54,1181729,6736979.00
2012-09-06,5.57,5.62,5.47,5.56,1391191,7947734.50
2012-09-07,5.58,5.78,5.56,5.72,3032635,17758350.00
2012-09-10,5.72,5.76,5.66,5.75,2530502,14933070.00
2012-09-11,5.72,5.72,5.63,5.71,2322575,13602702.00
2012-09-12,5.74,5.77,5.69,5.76,2135931,12627839.00
2012-09-13,5.75,5.84,5.67,5.75,2618432,15589360.00
2012-09-14,5.77,5.82,5.68,5.72,2288150,13576646.00
2012-09-17,5.70,5.74,5.47,5.50,1640891,9423125.00
2012-09-18,5.50,5.54,5.44,5.47,896002,5081919.00
2012-09-19,5.48,5.53,5.45,5.51,832260,4719620.00
2012-09-20,5.48,5.51,5.26,5.26,1103169,6130072.50
2012-09-21,5.30,5.33,5.23,5.27,586483,3196091.00
2012-09-24,5.27,5.31,5.09,5.28,462220,2511889.00
2012-09-25,5.28,5.31,5.20,5.22,366383,1989269.38
2012-09-26,5.22,5.25,5.00,5.02,774820,4082550.25
2012-09-27,5.04,5.16,5.02,5.12,943654,4982166.00
2012-09-28,5.08,5.29,5.08,5.25,1557113,8354673.50
2012-10-08,5.24,5.24,5.15,5.20,1139832,6125382.50
2012-10-09,5.20,5.37,5.20,5.35,951401,5216993.00
2012-10-10,5.26,5.60,5.26,5.50,2147220,12062301.00
2012-10-11,5.46,5.49,5.33,5.35,1171455,6529156.50
2012-10-12,5.37,5.66,5.28,5.50,3147244,17914504.00
2012-10-15,5.48,5.66,5.22,5.36,2009643,11256309.00
2012-10-16,5.36,5.67,5.36,5.57,3039414,17413960.00
2012-10-17,5.65,5.74,5.41,5.52,2856805,16275766.00
2012-10-18,5.51,5.61,5.42,5.58,2360199,13512709.00
2012-10-19,5.56,5.59,5.49,5.50,1186000,6781749.00
2012-10-22,5.47,5.57,5.42,5.52,1409487,7987402.00
2012-10-23,5.81,6.09,5.81,6.09,5854263,36537888.00
2012-10-24,6.22,6.47,6.01,6.06,16264695,104410592.00
2012-10-25,5.89,5.98,5.75,5.79,8126738,48861952.00
2012-10-26,5.76,5.78,5.52,5.67,4649447,27064706.00
2012-10-29,5.65,5.79,5.63,5.77,3775259,22233440.00
2012-10-30,5.75,5.78,5.53,5.57,3142296,18327866.00
2012-10-31,5.54,5.59,5.37,5.44,2554281,14412107.00
2012-11-01,5.47,5.75,5.43,5.63,4187326,24236210.00
2012-11-02,5.62,5.91,5.62,5.87,6027710,35895836.00
2012-11-05,5.85,5.85,5.68,5.70,3274607,19402112.00
2012-11-06,5.69,5.73,5.46,5.58,3002217,17258118.00
2012-11-07,5.55,5.62,5.48,5.56,1455139,8337177.00
2012-11-08,5.51,5.54,5.28,5.30,2800290,15671112.00
2012-11-09,5.27,5.39,5.25,5.29,1563892,8594492.00
2012-11-12,5.29,5.42,5.29,5.41,1522890,8427265.00
2012-11-13,5.36,5.66,5.29,5.44,3930722,22252952.00
2012-11-14,5.34,5.44,5.22,5.31,2444098,13388041.00
2012-11-15,5.25,5.33,5.12,5.12,1478687,7990257.00
2012-11-16,5.14,5.23,5.08,5.19,1429447,7638706.00
2012-11-19,5.20,5.21,5.09,5.19,927814,4951076.50
2012-11-20,5.19,5.26,5.17,5.19,1039990,5606452.50
2012-11-21,5.20,5.27,5.06,5.27,1575148,8431743.00
2012-11-22,5.27,5.27,5.14,5.16,949260,5093115.00
2012-11-23,5.18,5.22,5.13,5.18,853945,4576737.00
2012-11-26,5.18,5.19,5.11,5.11,762800,4058291.50
2012-11-27,5.11,5.11,4.88,4.88,1288433,6633971.50
2012-11-28,4.88,4.88,4.68,4.71,1218424,5996818.00
2012-11-29,4.68,4.77,4.57,4.58,1008651,4922339.50
2012-11-30,4.55,4.75,4.52,4.69,1503565,7307063.00
2012-12-03,4.65,4.82,4.56,4.57,1264801,6192503.00
2012-12-04,4.57,4.66,4.45,4.63,1183885,5606769.00
2012-12-05,4.65,4.88,4.59,4.82,2186465,10880658.00
2012-12-06,4.80,4.86,4.77,4.83,1179849,5899132.00
2012-12-07,4.80,4.95,4.77,4.92,2026830,10276958.00
2012-12-10,4.93,5.08,4.88,5.00,2130325,11023447.00
2012-12-11,5.00,5.10,4.95,5.01,2455286,12845057.00
2012-12-12,5.01,5.11,4.95,5.01,1532279,7964625.00
2012-12-13,5.02,5.26,4.97,5.03,2579999,13646689.00
2012-12-14,5.02,5.29,5.00,5.24,3106163,16682935.00
2012-12-17,5.24,5.78,5.22,5.78,8404659,48864216.00
2012-12-18,5.82,5.83,5.60,5.72,9806787,57525288.00
2012-12-19,5.70,5.70,5.53,5.62,5047696,28997042.00
2012-12-20,5.77,5.80,5.48,5.57,4313395,24970338.00
2012-12-21,5.50,5.59,5.43,5.51,2886956,16342442.00
2012-12-24,5.48,5.55,5.44,5.50,2086671,11779181.00
2012-12-25,5.46,5.70,5.46,5.61,4825836,27904920.00
2012-12-26,5.65,5.71,5.57,5.64,3402789,19715770.00
2012-12-27,5.71,5.74,5.59,5.65,3004929,17464118.00
2012-12-28,5.62,5.74,5.60,5.71,3333694,19457350.00
2012-12-31,5.72,5.90,5.69,5.76,4763640,28340854.00
2013-01-04,5.85,6.09,5.75,5.85,5469366,32989380.00
2013-01-07,5.80,5.80,5.69,5.77,4149830,24388938.00
2013-01-08,5.73,5.93,5.67,5.82,4277460,25419016.00
2013-01-09,5.75,5.87,5.71,5.76,3542178,21049330.00
2013-01-10,5.76,5.88,5.74,5.84,3772404,22557098.00
2013-01-11,5.84,5.85,5.58,5.59,3566361,20907614.00
2013-01-14,5.55,5.81,5.53,5.76,3145167,18370172.00
2013-01-15,5.76,5.91,5.74,5.89,4728831,28409634.00
2013-01-16,5.94,6.10,5.72,5.82,4439032,26651122.00
2013-01-17,5.79,5.82,5.68,5.70,2715412,15989199.00
2013-01-18,5.76,5.87,5.68,5.83,3213366,19044494.00
2013-01-21,5.86,5.93,5.79,5.93,3993947,24039628.00
2013-01-22,5.91,5.98,5.75,5.77,3068610,18496298.00
2013-01-23,5.82,5.86,5.68,5.83,2479314,14689988.00
2013-01-24,5.82,5.94,5.58,5.61,4324378,25635322.00
2013-01-25,5.60,5.63,5.51,5.53,2000145,11438876.00
2013-01-28,5.54,5.72,5.50,5.69,1707262,9856213.00
2013-01-29,5.69,5.78,5.69,5.74,1653135,9743110.00
2013-01-30,5.75,5.83,5.73,5.81,2475585,14701894.00
2013-01-31,5.81,5.82,5.68,5.71,1814529,10686352.00
2013-02-01,5.71,5.79,5.65,5.76,1495053,8799221.00
2013-02-04,5.79,5.89,5.77,5.84,2500508,14964768.00
2013-02-05,5.76,5.94,5.76,5.93,3064292,18502428.00
2013-02-06,5.98,5.99,5.85,5.93,2234499,13531788.00
2013-02-07,5.91,5.94,5.82,5.88,1609991,9718548.00
2013-02-08,5.87,5.96,5.87,5.91,1477483,8980708.00
2013-02-18,5.95,6.02,5.90,6.02,2597743,15919783.00
2013-02-19,6.04,6.06,5.88,5.93,2792299,17070242.00
2013-02-20,5.93,6.02,5.87,6.02,2319046,14215445.00
2013-02-21,6.00,6.00,5.82,5.85,2664934,16107916.00
2013-02-22,5.91,5.93,5.78,5.80,1938989,11663065.00
2013-02-25,5.81,5.89,5.78,5.86,1420239,8491902.00
2013-02-26,5.85,5.89,5.73,5.73,1636094,9768284.00
2013-02-27,5.75,5.86,5.67,5.77,1890909,11218457.00
2013-02-28,5.77,6.10,5.77,6.07,6131352,37678664.00
2013-03-01,6.03,6.13,5.95,6.11,4461377,27585950.00
2013-03-04,6.01,6.01,5.65,5.73,4873938,29212146.00
2013-03-05,5.73,5.85,5.68,5.84,2034961,12055805.00
2013-03-06,5.88,5.99,5.82,5.96,3094257,18766132.00
2013-03-07,5.93,6.05,5.85,5.95,3246266,19862316.00
2013-03-08,5.97,6.09,5.90,6.06,3826559,23615918.00
2013-03-11,6.06,6.21,6.01,6.12,3828776,23918788.00
2013-03-12,6.12,6.13,5.75,5.87,3492479,21205982.00
2013-03-13,5.91,6.05,5.79,6.05,3154802,19170760.00
2013-03-14,6.03,6.67,6.01,6.52,14806934,96519480.00
2013-03-15,6.38,6.48,6.28,6.37,7620785,49678260.00
2013-03-18,6.29,6.37,6.13,6.24,3842986,24587000.00
2013-03-19,6.23,6.59,6.18,6.55,7975708,52373456.00
2013-03-20,6.48,6.72,6.42,6.47,8950710,59837296.00
2013-03-21,6.44,6.65,6.30,6.62,6064489,40296316.00
2013-03-22,6.61,6.62,6.39,6.45,4575952,30334722.00
2013-03-25,6.44,6.46,6.30,6.40,3104663,20250106.00
2013-03-26,6.38,6.51,6.24,6.36,3417917,22200924.00
2013-03-27,6.31,6.39,6.11,6.26,3465536,22240208.00
2013-03-28,6.21,6.21,5.87,5.87,4021980,24644248.00
2013-03-29,5.85,5.93,5.75,5.80,2217701,13278692.00
2013-04-01,5.79,5.96,5.79,5.86,1617904,9778845.00
2013-04-02,5.86,5.94,5.79,5.80,1373920,8244512.50
2013-04-03,5.80,5.84,5.56,5.61,2231541,12916191.00
2013-04-08,5.53,5.56,5.38,5.55,1481792,8310598.00
2013-04-09,5.52,5.67,5.52,5.61,927616,5339949.00
2013-04-10,5.71,5.80,5.60,5.66,1413817,8248148.50
2013-04-11,5.67,5.74,5.60,5.64,1271564,7397091.50
2013-04-12,5.64,5.66,5.45,5.46,1504689,8552179.00
2013-04-15,5.42,5.45,5.33,5.40,1154251,6392127.00
2013-04-16,5.38,5.49,5.27,5.49,1093578,6060289.50
2013-04-17,5.51,5.53,5.41,5.51,743067,4184503.00
2013-04-18,5.45,5.60,5.41,5.55,1185026,6740699.50
2013-04-19,5.55,5.67,5.53,5.65,1691367,9742873.00
2013-04-22,5.60,5.65,5.58,5.63,1403595,8085618.50
2013-04-23,5.63,5.63,5.35,5.40,1352158,7559729.50
2013-04-24,5.39,5.51,5.32,5.47,1580417,8809894.00
2013-04-25,5.45,5.45,5.34,5.35,1580833,8759266.00
2013-04-26,5.35,5.40,5.27,5.28,1014319,5571006.50
2013-05-02,5.32,5.41,5.21,5.38,825120,4514618.00
2013-05-03,5.42,5.50,5.38,5.46,1073446,6026430.50
2013-05-06,5.47,5.55,5.45,5.52,1729475,9766510.00
2013-05-07,5.51,5.54,5.42,5.46,1258427,7082205.50
2013-05-08,5.52,5.59,5.47,5.55,1794860,10218482.00
2013-05-09,5.51,5.65,5.48,5.62,2147599,12313105.00
2013-05-10,5.67,5.83,5.55,5.78,4394562,25804884.00
2013-05-13,5.75,5.79,5.64,5.68,2100621,12271605.00
2013-05-14,5.68,5.68,5.53,5.62,1450782,8334005.00
2013-05-15,5.62,5.71,5.59,5.68,1303473,7547137.50
2013-05-16,5.69,5.75,5.64,5.73,1753777,10273206.00
2013-05-17,5.72,5.82,5.70,5.79,3167166,18802280.00
2013-05-20,5.80,5.91,5.78,5.86,2659546,15903821.00
2013-05-21,5.94,6.04,5.87,5.97,3611801,22051624.00
2013-05-22,6.14,6.33,5.97,5.98,5513921,34630112.00
2013-05-23,5.99,6.17,5.93,5.95,3182806,19679040.00
2013-05-24,5.99,6.04,5.86,5.99,2922380,17635446.00
2013-05-27,5.99,6.05,5.94,6.04,1965922,11993452.00
2013-05-28,6.03,6.05,5.90,6.05,2510094,15264696.00
2013-05-29,6.05,6.09,6.00,6.01,2206283,13543569.00
2013-05-30,6.03,6.03,5.91,5.94,1897907,11500651.00
2013-05-31,5.97,6.00,5.89,5.90,1966300,11899552.00
2013-06-03,5.88,6.50,5.86,6.50,17810237,115769000.00
2013-06-04,6.33,6.44,6.15,6.28,10084806,64395564.00
2013-06-05,6.24,6.32,6.09,6.26,5435168,34263440.00
2013-06-06,6.21,6.26,5.96,5.98,5031007,31114316.00
2013-06-07,6.00,6.07,5.58,5.61,5031075,29669926.00
2013-06-13,5.55,5.55,5.24,5.35,3009717,16428358.00
2013-06-14,5.36,5.46,5.35,5.45,2237488,12323265.00
2013-06-17,5.51,5.53,5.41,5.46,2208828,12319286.00
2013-06-18,5.54,5.55,5.45,5.51,1500995,8410886.00
2013-06-19,5.50,5.50,5.37,5.49,1862212,10315262.00
2013-06-20,5.44,5.62,5.36,5.38,1911419,10699342.00
2013-06-21,5.21,5.36,5.16,5.31,1442107,7750956.50
2013-06-24,5.33,5.33,4.88,4.94,1941616,10049304.00
2013-06-25,4.90,5.22,4.70,5.12,2664817,13614723.00
2013-06-26,5.10,5.22,4.91,5.13,2025464,10442210.00
2013-06-27,5.15,5.18,4.99,5.02,1754289,9122399.00
2013-06-28,4.98,5.15,4.95,4.98,1296391,6678564.50
2013-07-01,4.98,5.11,4.95,5.09,1245377,6403636.50
2013-07-02,5.35,5.49,5.19,5.21,3066056,16476518.00
2013-07-03,5.13,5.20,5.05,5.18,1992359,10427049.00
2013-07-04,5.13,5.28,5.11,5.20,2122234,11257917.00
2013-07-05,5.20,5.27,5.12,5.13,1640731,8717570.00
2013-07-08,5.06,5.06,4.84,4.88,1807261,9091425.00
2013-07-09,4.87,4.90,4.77,4.88,857658,4240832.50
2013-07-10,4.90,5.05,4.86,5.04,1521334,7701981.50
2013-07-11,5.05,5.27,5.02,5.20,2356461,12420683.00
2013-07-12,5.19,5.24,5.13,5.16,1510231,7982514.00
2013-07-15,5.09,5.26,5.09,5.22,1449695,7665344.00
2013-07-16,5.23,5.34,5.21,5.29,1524311,8182836.00
2013-07-17,5.25,5.34,5.20,5.20,1688295,9033841.00
2013-07-18,5.30,5.61,5.29,5.55,6779871,37667000.00
2013-07-19,5.48,5.48,5.18,5.21,4098795,22337670.00
2013-07-22,5.20,5.20,5.02,5.13,2132224,11073591.00
2013-07-23,5.13,5.25,5.11,5.24,1561228,8281031.50
2013-07-24,5.20,5.33,5.18,5.29,1893740,10125023.00
2013-07-25,5.29,5.33,5.18,5.24,1538090,8240617.00
2013-07-26,5.22,5.23,5.01,5.08,1693582,8827401.00
2013-07-29,5.15,5.22,5.01,5.02,1798791,9367709.00
2013-07-30,5.01,5.09,4.92,5.02,1209124,6181173.00
2013-07-31,5.08,5.13,5.00,5.04,1348145,6977562.00
2013-08-01,5.00,5.15,5.00,5.15,2080452,10816214.00
2013-08-02,5.16,5.24,5.14,5.15,1927794,10195169.00
2013-08-05,5.16,5.26,5.12,5.23,2213785,11714414.00
2013-08-06,5.24,5.30,5.16,5.28,2358446,12591206.00
2013-08-07,5.28,5.34,5.19,5.26,2631642,14151793.00
2013-08-08,5.26,5.28,5.20,5.22,1812932,9680424.00
2013-08-09,5.25,5.35,5.21,5.32,3079083,16576762.00
2013-08-12,5.31,5.41,5.28,5.39,3073746,16758671.00
2013-08-13,5.37,5.41,5.35,5.39,2028086,11110363.00
2013-08-14,5.39,5.43,5.30,5.34,2495268,13641667.00
2013-08-15,5.32,5.45,5.29,5.37,2443364,13373825.00
2013-08-16,5.37,5.50,5.22,5.24,3504435,19247208.00
2013-08-19,5.18,5.36,5.18,5.33,1748837,9435691.00
2013-08-20,5.30,5.42,5.26,5.29,1826585,9924901.00
2013-08-21,5.28,5.35,5.27,5.35,1232286,6674816.50
2013-08-22,5.33,5.46,5.33,5.44,3083670,17033310.00
2013-08-23,5.45,5.46,5.23,5.38,2252808,12309852.00
2013-08-26,5.93,5.93,5.93,5.93,4764874,28732190.00
2013-08-27,6.10,6.53,6.04,6.53,22899898,145509280.00
2013-08-28,6.32,6.40,6.19,6.20,11830458,75537032.00
2013-08-29,6.14,6.17,6.02,6.07,7063694,43678616.00
2013-08-30,6.07,6.14,5.85,5.86,6851465,41916184.00
2013-09-02,5.89,6.03,5.75,5.85,4949017,29495330.00
2013-09-03,5.83,5.93,5.81,5.92,4410676,26342888.00
2013-09-04,5.89,5.90,5.79,5.85,3802331,22569672.00
2013-09-05,5.89,6.05,5.78,5.98,6726977,40449016.00
2013-09-06,5.93,5.97,5.87,5.91,3397404,20439720.00
2013-09-09,6.06,6.17,6.00,6.10,6702223,41395784.00
2013-09-10,6.07,6.20,5.96,6.14,6966122,43087548.00
2013-09-11,6.09,6.09,5.86,6.01,5697082,34563560.00
2013-09-12,6.00,6.03,5.90,5.93,3199093,19380540.00
2013-09-13,5.90,6.01,5.90,5.99,1912366,11593931.00
2013-09-16,5.96,6.01,5.76,5.81,5907318,35290216.00
2013-09-17,5.82,5.85,5.66,5.67,2517415,14776545.00
2013-09-18,5.70,5.75,5.66,5.71,1735845,10068632.00
2013-09-23,5.73,5.84,5.73,5.82,1642252,9682301.00
2013-09-24,5.79,5.95,5.79,5.93,3517229,21019788.00
2013-09-25,5.91,5.95,5.82,5.83,2345021,14017879.00
2013-09-26,5.85,5.94,5.79,5.80,2237762,13357482.00
2013-09-27,5.79,5.84,5.76,5.78,1445570,8520554.00
2013-09-30,5.80,5.85,5.76,5.85,1180780,6972575.50
2013-10-08,5.85,5.98,5.84,5.95,2508718,15132088.00
2013-10-09,5.96,5.98,5.92,5.96,2330677,14087976.00
2013-10-10,5.97,6.03,5.93,6.02,4101088,24949116.00
2013-10-11,6.02,6.07,5.99,6.03,3344384,20500498.00
2013-10-14,6.04,6.06,6.01,6.04,2845059,17467830.00
2013-10-15,6.05,6.05,5.92,5.96,2796315,16949380.00
2013-10-16,6.40,6.57,6.09,6.19,11882877,76356624.00
2013-10-17,6.10,6.37,6.01,6.28,9345629,58844104.00
2013-10-18,6.24,6.25,6.05,6.09,3716843,23183960.00
2013-10-21,6.15,6.35,6.09,6.22,5696520,35819492.00
2013-10-22,6.20,6.85,6.15,6.73,19302246,132235000.00
2013-10-23,6.60,6.66,6.18,6.29,10584559,68821896.00
2013-10-24,6.26,6.45,6.22,6.28,5710024,36850908.00
2013-10-25,6.28,6.32,6.08,6.15,4470012,27940106.00
2013-10-28,6.12,6.17,5.90,5.95,3724863,22640780.00
2013-10-29,5.95,6.00,5.58,5.72,4075439,23939290.00
2013-10-30,5.75,5.83,5.70,5.82,2267116,13290368.00
2013-10-31,5.85,5.88,5.76,5.82,2337135,13857027.00
2013-11-01,5.86,5.86,5.72,5.80,1526944,8987833.00
2013-11-04,5.82,5.87,5.76,5.80,1487625,8798224.00
2013-11-05,5.81,5.89,5.73,5.89,1896369,11203876.00
2013-11-06,5.86,5.95,5.82,5.82,1908646,11445968.00
2013-11-07,5.81,5.82,5.64,5.69,2263641,13176227.00
2013-11-08,5.69,5.75,5.65,5.71,1519876,8806924.00
2013-11-11,5.71,5.73,5.57,5.71,1482059,8519892.00
2013-11-12,5.71,5.84,5.71,5.82,1759149,10365444.00
2013-11-13,5.76,5.83,5.63,5.63,1656812,9670303.00
2013-11-14,5.64,5.77,5.62,5.72,1708285,9917218.00
2013-11-15,5.77,5.92,5.74,5.84,3173900,18935336.00
2013-11-18,5.86,5.98,5.86,5.97,3015261,18182900.00
2013-11-19,6.00,6.07,5.94,5.99,2776151,16935252.00
2013-11-20,5.99,6.15,5.95,6.09,2792921,17170352.00
2013-11-21,6.04,6.11,5.94,6.03,2563745,15691669.00
2013-11-22,6.04,6.07,5.96,6.04,2000585,12231781.00
2013-11-25,6.02,6.15,5.99,6.06,2627095,16273865.00
2013-11-26,6.04,6.10,5.98,6.06,1891542,11624120.00
2013-11-27,6.04,6.20,6.04,6.19,3436769,21410490.00
2013-11-28,6.17,6.25,6.14,6.15,2578384,16195430.00
2013-11-29,6.16,6.24,6.12,6.21,2407973,15105760.00
2013-12-02,6.05,6.09,5.75,5.88,4427298,26893856.00
2013-12-03,5.80,6.06,5.80,6.06,2669930,16197330.00
2013-12-04,6.04,6.40,6.02,6.27,5829770,37135448.00
2013-12-05,6.25,6.29,6.15,6.27,2386083,15079212.00
2013-12-06,6.21,6.35,6.21,6.35,2334610,14906371.00
2013-12-09,6.42,6.48,6.34,6.37,2684947,17431064.00
2013-12-10,6.41,6.44,6.23,6.31,2320792,14854586.00
2013-12-11,6.31,6.39,6.20,6.28,1998468,12771978.00
2013-12-12,6.29,6.53,6.23,6.49,4583206,29785896.00
2013-12-19,6.35,6.35,5.90,5.97,7462845,45554632.00
2013-12-20,5.91,5.92,5.70,5.75,3142631,18547068.00
2013-12-23,5.75,5.76,5.50,5.55,2879349,16394032.00
2013-12-24,5.56,5.64,5.54,5.56,1741575,9912832.00
2013-12-25,5.58,5.65,5.53,5.65,1258997,7179603.50
2013-12-26,5.65,5.76,5.63,5.68,3095960,17949448.00
2013-12-27,5.68,5.76,5.58,5.73,1581403,9159650.00
2013-12-30,5.72,5.79,5.69,5.75,1335884,7782571.50
2013-12-31,5.73,5.75,5.65,5.73,1167535,6793121.50
2014-01-02,5.71,5.79,5.68,5.79,1278586,7478949.00
2014-01-03,5.75,5.80,5.69,5.77,1575128,9196231.00
2014-01-06,5.73,5.73,5.55,5.57,1455399,8327369.50
2014-01-07,5.57,5.62,5.53,5.60,783881,4456749.50
2014-01-08,5.60,5.66,5.56,5.59,1046792,5978046.50
2014-01-09,5.59,6.16,5.53,6.05,8100493,49383828.00
2014-01-10,5.90,6.22,5.87,6.07,7724217,47548396.00
2014-01-13,6.05,6.05,5.64,5.67,5451149,32088368.00
2014-01-14,5.61,5.87,5.61,5.77,2627339,15355607.00
2014-01-15,5.77,5.83,5.72,5.78,2186894,12829921.00
2014-01-16,5.78,5.82,5.69,5.72,2237250,13088424.00
2014-01-17,5.71,5.71,5.58,5.59,2058515,11773940.00
2014-01-20,5.54,5.62,5.53,5.60,956192,5432557.00
2014-01-21,5.58,5.71,5.58,5.67,1163688,6712121.50
2014-01-22,5.65,5.81,5.65,5.78,2525345,14783626.00
2014-01-23,5.81,5.87,5.78,5.80,2810221,16653115.00
2014-01-24,5.78,5.99,5.74,5.92,2995711,17937234.00
2014-01-27,5.87,5.94,5.82,5.84,2103050,12588458.00
2014-01-28,5.84,5.88,5.77,5.87,1443508,8567166.00
2014-01-29,5.87,6.03,5.87,5.97,2423762,14663496.00
2014-01-30,5.96,5.99,5.86,5.89,1083526,6526757.50
2014-02-07,5.90,6.05,5.83,6.05,2692475,16292748.00
2014-02-10,6.03,6.37,6.02,6.25,4591601,28807924.00
2014-02-11,6.28,6.54,6.14,6.31,5741599,36853972.00
2014-02-12,6.33,6.42,6.20,6.38,4118274,26493532.00
2014-02-13,6.38,6.38,6.17,6.18,3691451,23543142.00
2014-02-14,6.18,6.58,6.16,6.47,6892613,44898884.00
2014-02-17,6.48,6.58,6.41,6.53,6449483,42504428.00
2014-02-18,6.53,6.84,6.46,6.64,8595789,58311768.00
2014-02-19,6.61,6.80,6.50,6.66,5812894,39220108.00
2014-02-20,6.61,6.70,6.42,6.51,4598855,30521782.00
2014-02-21,6.47,6.86,6.46,6.64,7345567,50102200.00
2014-02-24,6.60,7.07,6.52,6.80,7110745,49207988.00
2014-02-25,6.80,7.02,6.32,6.40,7223163,49026644.00
2014-02-26,6.40,6.48,6.20,6.41,3802798,24542454.00
2014-02-27,6.42,6.62,6.37,6.39,3788336,24989558.00
2014-02-28,6.35,6.77,6.30,6.77,4178262,27799948.00
2014-03-03,6.77,7.00,6.69,6.90,5797591,40521820.00
2014-03-04,6.87,7.12,6.68,6.90,6605362,46320740.00
2014-03-05,6.90,6.97,6.67,6.70,4263131,29392340.00
2014-03-06,6.70,7.38,6.60,7.38,12330552,88692136.00
2014-03-07,7.40,7.41,7.13,7.19,12785802,93909488.00
2014-03-10,7.02,7.02,6.69,6.77,7261951,50555996.00
2014-03-11,6.71,6.89,6.55,6.85,5922179,40560648.00
2014-03-12,6.76,6.84,6.42,6.54,5293493,35647424.00
2014-03-13,6.56,6.64,6.50,6.59,2476444,16540179.00
2014-03-14,6.55,6.71,6.50,6.62,2659314,17855344.00
2014-03-17,6.62,6.74,6.53,6.71,3220259,21802128.00
2014-03-18,6.70,6.77,6.59,6.62,3375186,22863526.00
2014-03-19,6.57,6.60,6.37,6.51,4478675,29329136.00
2014-03-20,6.47,6.55,6.28,6.29,3114244,20322378.00
2014-03-21,6.30,6.56,6.27,6.54,3379775,22094562.00
2014-03-24,6.52,6.72,6.52,6.57,4234489,28481466.00
2014-03-25,6.60,6.77,6.52,6.65,3291149,22303532.00
2014-03-26,6.66,6.81,6.60,6.66,2446881,16616498.00
2014-03-27,6.62,6.74,6.54,6.64,2866047,19358262.00
2014-03-28,6.66,6.73,6.36,6.36,2934563,19439812.00
2014-03-31,6.35,6.53,6.31,6.45,1782329,11628698.00
2014-04-01,6.40,6.66,6.40,6.63,2172660,14490012.00
2014-04-02,6.63,6.76,6.58,6.67,3682292,24983594.00
2014-04-03,6.67,6.70,6.58,6.70,2338329,15779822.00
2014-04-04,6.70,6.80,6.62,6.79,2712778,18619966.00
2014-04-08,6.80,6.84,6.70,6.82,2524758,17395796.00
2014-04-09,6.77,6.81,6.71,6.76,2305279,15787374.00
2014-04-10,6.76,6.77,6.68,6.69,2074639,14163383.00
2014-04-11,6.69,6.69,6.56,6.62,1673382,11247162.00
2014-04-14,6.60,6.70,6.57,6.70,1273139,8566351.00
2014-04-15,6.70,6.78,6.65,6.66,1534825,10458718.00
2014-04-16,6.62,6.68,6.52,6.68,2124817,14208744.00
2014-04-17,6.70,6.72,6.59,6.59,1077848,7261796.50
2014-04-18,6.56,6.90,6.53,6.85,5193856,35751100.00
2014-04-21,6.84,6.94,6.74,6.76,4505174,31251584.00
2014-04-22,6.77,7.13,6.74,7.04,7938734,56094876.00
2014-04-23,7.00,7.04,6.86,6.99,3795011,26717458.00
2014-04-24,6.95,7.17,6.76,6.77,5658109,40069644.00
2014-04-25,6.76,6.82,6.29,6.29,5983415,39326812.00
2014-04-28,6.23,6.29,5.96,5.99,2733200,16893240.00
2014-04-29,5.97,6.09,5.92,6.09,1171962,7162427.50
2014-04-30,6.07,6.22,6.03,6.19,1682929,10549121.00
2014-05-05,6.24,6.44,6.16,6.33,2785842,17942924.00
2014-05-06,6.28,6.39,6.26,6.32,1921169,12356551.00
2014-05-07,6.27,6.37,6.07,6.09,1581377,9993892.00
2014-05-08,6.07,6.20,6.04,6.09,1336803,8347999.00
2014-05-09,6.05,6.10,5.97,6.07,1207129,7413157.50
2014-05-12,6.10,6.23,6.09,6.20,1793950,11241099.00
2014-05-13,6.17,6.25,6.16,6.17,1407224,8864559.00
2014-05-14,6.19,6.35,6.19,6.28,1557071,9950091.00
2014-05-15,6.29,6.29,6.04,6.05,1458818,9060937.00
2014-05-16,6.02,6.11,5.93,6.08,1254531,7682506.50
2014-05-19,6.09,6.09,5.96,6.07,1066712,6506615.00
2014-05-20,6.07,6.12,6.01,6.04,730998,4499484.00
2014-05-21,6.04,6.08,5.98,6.07,907244,5565691.50
2014-05-22,6.07,6.13,6.06,6.08,950980,5887822.00
2014-05-23,6.06,6.14,6.05,6.14,985148,6109377.00
2014-05-26,6.15,6.22,6.14,6.19,1208600,7586931.00
2014-05-27,6.18,6.24,6.12,6.13,988874,6194910.50
2014-05-28,6.09,6.18,6.07,6.17,1187410,7387343.50
2014-05-29,6.18,6.19,6.11,6.14,926874,5794850.00
2014-05-30,6.18,6.30,6.18,6.21,1894094,12026839.00
2014-06-03,6.22,6.30,6.20,6.24,1084453,6871315.00
2014-06-04,6.25,6.25,6.05,6.15,994034,6189925.00
2014-06-05,6.13,6.24,6.13,6.23,852271,5321474.50
2014-06-06,6.23,6.27,6.15,6.19,732539,4577643.00
2014-06-09,6.18,6.26,6.17,6.19,753320,4724122.50
2014-06-10,6.21,6.25,6.10,6.22,1006791,6279551.00
2014-06-11,6.22,6.25,6.17,6.23,1065993,6678514.50
2014-06-12,6.26,6.35,6.23,6.30,1674402,10652332.00
2014-06-13,6.27,6.35,6.23,6.34,1519170,9667037.00
2014-06-16,6.34,6.40,6.30,6.39,1773684,11366624.00
2014-06-17,6.37,6.75,6.28,6.56,4819683,31737908.00
2014-06-18,6.48,6.63,6.43,6.46,3420033,22477372.00
2014-06-19,6.40,6.50,6.13,6.14,1980212,12602353.00
2014-06-20,6.13,6.21,6.06,6.12,2529862,15581276.00
2014-06-23,6.12,6.21,6.10,6.15,2286766,14171449.00
2014-06-24,6.16,6.18,6.10,6.16,1688259,10460112.00
2014-06-25,6.13,6.18,6.10,6.13,1097084,6780181.00
2014-06-26,6.13,6.30,6.13,6.27,2215179,13898713.00
2014-06-27,6.26,6.34,6.21,6.29,2001519,12658535.00
2014-06-30,6.30,6.43,6.25,6.42,3019470,19302710.00
2014-07-01,6.42,6.44,6.35,6.42,2831019,18259710.00
2014-07-02,6.39,6.49,6.37,6.42,2273821,14697868.00
2014-07-03,6.43,6.48,6.39,6.42,2434020,15759081.00
2014-07-04,6.41,6.53,6.37,6.49,2879738,18746894.00
2014-07-07,6.52,6.59,6.45,6.50,2966701,19472150.00
2014-07-08,6.50,6.54,6.42,6.52,3085648,20154732.00
2014-07-09,6.51,6.57,6.42,6.43,3371592,22098294.00
2014-07-10,6.41,6.51,6.40,6.46,1973405,12839680.00
2014-07-11,6.47,6.69,6.43,6.62,5787587,38245332.00
2014-07-14,6.62,6.71,6.59,6.68,3257388,21880306.00
2014-07-15,6.70,6.75,6.60,6.64,3247521,21776942.00
2014-07-16,6.62,6.63,6.43,6.50,3752566,24740782.00
2014-07-17,6.50,6.60,6.46,6.60,2063411,13596856.00
2014-07-18,6.58,6.65,6.56,6.61,2399189,15973706.00
2014-07-21,6.58,6.63,6.50,6.57,1734640,11446761.00
2014-07-22,6.52,6.65,6.51,6.63,2271268,15123750.00
2014-07-23,6.63,6.65,6.55,6.60,1729591,11494640.00
2014-07-24,6.60,6.75,6.58,6.61,2657046,17801090.00
2014-07-25,6.61,6.81,6.61,6.75,3783361,25609372.00
2014-07-28,6.76,6.83,6.69,6.83,3309339,22560836.00
2014-07-29,6.84,6.87,6.74,6.78,3777310,25909628.00
2014-07-30,6.78,6.82,6.72,6.82,2658973,18131158.00
2014-07-31,6.80,6.97,6.76,6.90,3860432,26778910.00
2014-08-01,6.85,6.92,6.75,6.76,3452511,23789700.00
2014-08-04,6.74,6.91,6.74,6.88,2200315,15135890.00
2014-08-05,6.88,6.98,6.84,6.95,3726665,26039154.00
2014-08-06,6.95,6.99,6.90,6.99,3111998,21811532.00
2014-08-07,6.99,7.02,6.86,6.91,3875647,27058606.00
2014-08-08,6.91,6.96,6.88,6.93,2288626,15972099.00
2014-08-11,6.95,7.04,6.93,6.99,3388027,23885618.00
2014-08-12,6.98,7.16,6.95,7.09,4024008,28681604.00
2014-08-13,7.10,7.11,6.97,7.06,3616939,25638030.00
2014-08-14,7.04,7.14,7.02,7.12,3974066,28354536.00
2014-08-15,7.10,7.21,7.03,7.15,4799447,34430960.00
2014-08-18,7.25,7.33,7.12,7.21,4945533,35937240.00
2014-08-19,7.22,7.44,7.16,7.40,6542006,48297328.00
2014-08-20,7.45,7.53,7.34,7.36,5787352,43288020.00
2014-08-21,7.33,7.64,7.28,7.61,7735960,58035616.00
2014-08-22,7.58,8.03,7.45,7.79,12163290,94463400.00
2014-08-25,7.85,8.57,7.79,8.27,17144434,142631152.00
2014-08-26,8.13,8.20,7.80,7.87,10909237,87823416.00
2014-08-27,7.85,8.13,7.66,8.01,9030417,71667408.00
2014-08-28,7.92,8.09,7.73,7.78,5837712,46359284.00
2014-08-29,7.78,7.92,7.73,7.86,3698870,29131332.00
2014-09-01,7.86,8.03,7.75,7.96,4638737,36911808.00
2014-09-02,7.98,8.26,7.95,8.21,7228181,59425860.00
2014-09-03,8.20,8.35,8.05,8.21,7657200,63144812.00
2014-09-04,8.19,8.54,8.18,8.31,6770178,56947812.00
2014-09-05,8.35,8.54,8.19,8.49,6816174,57577396.00
2014-09-09,8.52,8.60,8.35,8.58,6972565,59325376.00
2014-09-10,8.66,8.80,8.50,8.60,6240426,54176252.00
2014-09-11,8.65,8.83,8.25,8.45,9633268,82795648.00
2014-09-12,8.39,8.64,8.37,8.53,3722639,31830458.00
2014-09-15,8.50,8.58,8.39,8.53,4307557,36765268.00
2014-09-16,8.52,8.55,8.00,8.05,7279136,60844780.00
2014-09-17,8.08,8.22,7.88,8.19,4837680,39436740.00
2014-09-18,8.16,8.31,8.11,8.24,3207030,26519752.00
2014-09-19,8.24,8.45,8.23,8.42,3522750,29566652.00
2014-09-22,8.42,8.42,8.23,8.29,2624669,21967472.00
2014-09-23,8.32,8.48,8.30,8.45,3135366,26452906.00
2014-09-24,8.45,8.91,8.45,8.83,11094735,97962944.00
2014-09-25,8.91,8.99,8.70,8.74,6198026,54962092.00
2014-09-26,8.77,8.77,8.60,8.75,3227864,28311878.00
2014-09-29,8.74,9.12,8.74,9.10,6016431,54592668.00
2014-09-30,9.08,9.30,9.00,9.11,4144334,38014196.00
2014-10-08,9.13,9.23,9.00,9.11,3888032,35537340.00
2014-10-09,9.14,9.15,8.85,8.98,4168364,37679244.00
2014-10-10,8.97,9.15,8.89,9.06,4014200,36476404.00
2014-10-13,9.06,9.13,8.82,9.09,4866856,44164668.00
2014-10-14,9.13,9.36,9.07,9.14,4231243,39135204.00
2014-10-15,9.25,10.06,9.24,10.06,9924075,98398128.00
2014-10-16,10.56,10.65,9.72,9.78,14845441,150754032.00
2014-10-17,9.95,9.95,8.96,9.33,10916373,102736984.00
2014-10-20,9.20,9.39,9.10,9.32,5022501,46704756.00
2014-10-21,9.34,9.37,9.01,9.06,3356055,31038162.00
2014-10-22,9.11,9.26,9.03,9.11,3567299,32837404.00
2014-10-23,9.10,9.31,8.53,8.85,6201766,55486284.00
2014-10-24,8.94,8.94,8.56,8.76,3084108,27126338.00
2014-10-27,8.70,8.80,8.70,8.78,1843250,16204635.00
2014-10-28,8.77,9.02,8.73,8.96,3501229,31387980.00
2014-10-29,8.96,9.10,8.94,9.07,5265012,47706968.00
2014-10-30,9.05,9.13,9.00,9.07,4052417,36965844.00
2014-10-31,9.28,9.44,9.10,9.15,5849537,54306820.00
2014-11-03,9.08,9.24,9.00,9.19,5414892,49502860.00
2014-11-04,9.19,9.19,9.01,9.05,3584093,32693892.00
2014-11-05,9.05,9.34,9.05,9.25,5694425,52748640.00
2014-11-06,9.26,9.36,9.19,9.34,3733441,34852476.00
2014-11-07,9.38,9.42,9.03,9.09,4473624,41677020.00
2014-11-10,9.08,9.21,9.06,9.14,3579187,32801380.00
2014-11-11,9.12,9.24,8.60,8.77,4871371,43670596.00
2014-11-12,8.75,8.93,8.65,8.93,2172891,19209826.00
2014-11-13,8.89,9.15,8.72,8.78,2909813,26081610.00
2014-11-14,8.70,8.75,8.56,8.65,1857797,16149206.00
2014-11-17,8.70,8.87,8.54,8.84,1767476,15547871.00
2014-11-18,8.90,8.95,8.78,8.88,2023857,18021358.00
2014-11-19,8.90,9.05,8.81,9.00,2114891,19039420.00
2014-11-20,9.01,9.08,8.95,9.07,2538701,23046754.00
2014-11-21,9.05,9.12,8.98,9.10,2456667,22382858.00
2014-11-24,9.20,9.29,9.10,9.14,6383683,59018476.00
2014-11-25,9.15,9.25,9.07,9.19,4879283,44885416.00
2014-11-26,9.19,9.43,9.07,9.41,8493305,78978584.00
2014-11-27,9.43,9.49,9.27,9.42,5444230,51417540.00
2014-11-28,9.41,9.87,9.29,9.84,9162694,87802352.00
2014-12-01,9.79,10.13,9.68,10.00,12920866,128771624.00
2014-12-02,10.02,10.02,9.77,9.81,5930967,58709848.00
2014-12-03,9.82,9.90,9.45,9.61,7037584,68231344.00
2014-12-04,9.61,9.73,9.54,9.67,5440396,52744860.00
2014-12-05,9.59,9.66,9.01,9.08,6834784,63480924.00
2014-12-08,9.05,9.12,8.82,8.84,6274744,56490792.00
2014-12-09,8.87,8.89,8.14,8.22,10186529,86807392.00
2014-12-10,8.20,8.55,8.18,8.46,5137003,43227888.00
2014-12-11,8.45,8.80,8.35,8.77,4942868,42946296.00
2014-12-12,8.74,9.54,8.68,9.29,8381650,77209160.00
2014-12-15,9.30,9.34,9.03,9.14,6163961,56832376.00
2014-12-16,9.17,9.31,9.08,9.18,4661126,43104872.00
2014-12-17,9.13,9.17,8.78,8.91,4803231,43111540.00
2014-12-18,8.92,9.12,8.82,8.88,2588876,23319490.00
2014-12-19,8.88,8.88,8.36,8.60,3100456,26769530.00
2014-12-22,8.50,8.83,7.95,8.03,5262527,43769360.00
2014-12-23,8.03,8.14,7.94,7.99,3354605,27146998.00
2014-12-24,8.00,8.25,8.00,8.20,2102531,17285272.00
2014-12-25,8.33,8.33,8.18,8.29,2000574,16591358.00
2014-12-26,8.29,8.33,8.16,8.22,1972978,16376634.00
2014-12-29,8.22,8.22,7.93,8.04,3213854,25970796.00
2014-12-30,8.05,8.05,7.75,7.77,2550415,20162312.00
2014-12-31,7.75,7.90,7.73,7.88,2032657,15990207.00
2015-01-05,7.87,8.38,7.85,8.24,4195535,34677200.00
2015-01-06,8.26,8.26,8.00,8.22,2557219,20875774.00
2015-01-07,8.18,8.41,8.12,8.26,2255221,18713796.00
2015-01-08,8.23,8.29,8.13,8.25,1618857,13414975.00
2015-01-09,8.26,8.35,8.15,8.18,2263773,18812934.00
2015-01-12,8.15,8.19,7.91,7.94,1507012,12131646.00
2015-01-13,7.89,8.19,7.89,8.15,1947917,15746383.00
2015-01-14,8.17,8.41,8.07,8.34,3634150,30139050.00
2015-01-15,8.29,8.54,8.27,8.38,3008106,25535300.00
2015-01-16,8.34,8.65,8.30,8.58,3951583,33811280.00
2015-01-19,8.50,8.93,7.95,8.43,3766696,32706138.00
2015-01-20,8.44,8.73,8.44,8.65,3178828,27448972.00
2015-01-21,8.65,8.88,7.95,8.88,4903113,43070544.00
2015-01-22,8.85,8.92,8.71,8.90,4254065,37740224.00
2015-01-23,8.94,8.94,8.70,8.77,2818317,24959796.00
2015-01-26,8.71,8.84,8.60,8.82,3276823,28674960.00
2015-01-27,8.81,8.93,8.73,8.92,3802428,33793452.00
2015-01-28,8.94,9.22,8.87,9.02,6251166,56969560.00
2015-01-29,8.93,9.05,8.80,8.80,2769169,24795420.00
2015-01-30,8.80,8.90,8.60,8.71,2335840,20533312.00
2015-02-02,8.58,8.78,8.56,8.70,1716053,15013250.00
2015-02-03,8.73,8.92,8.67,8.86,2194088,19542082.00
2015-02-04,8.82,9.18,8.80,9.14,7732953,70354504.00
2015-02-05,9.25,9.26,9.01,9.09,5199068,47768624.00
2015-02-06,8.95,9.21,8.75,9.15,5832281,53138036.00
2015-02-09,9.16,9.48,8.95,9.00,5819822,54029420.00
2015-02-10,9.00,9.04,8.78,8.89,2929849,26129980.00
2015-02-11,8.89,8.97,8.80,8.91,2693801,24021484.00
2015-02-12,8.89,9.25,8.88,9.19,4297308,39418204.00
2015-02-13,9.20,9.34,9.13,9.28,5092136,47245376.00
2015-02-16,9.28,9.66,9.15,9.65,9917050,94251896.00
2015-02-17,9.63,9.63,9.36,9.45,5824041,55574680.00
2015-02-25,9.45,9.60,9.30,9.46,3961533,37754800.00
2015-02-26,9.45,9.59,9.35,9.55,3588428,34258216.00
2015-02-27,9.45,9.66,9.45,9.54,4149841,39946500.00
2015-03-02,9.57,10.50,9.55,10.25,14659005,147494048.00
2015-03-03,10.15,11.28,10.04,10.65,15602691,168965520.00
2015-03-04,10.70,11.15,10.70,10.94,8403829,91782216.00
2015-03-05,10.99,11.87,10.99,11.66,12140198,140278576.00
2015-03-06,11.68,11.75,11.22,11.37,7492153,85671840.00
2015-03-09,11.32,11.32,10.95,11.27,3989136,44719764.00
2015-03-10,11.40,12.26,11.19,11.88,7765004,91941504.00
2015-03-11,11.90,11.99,11.25,11.65,6082393,70477832.00
2015-03-12,11.55,11.81,11.15,11.52,5950965,68087760.00
2015-03-13,11.43,11.77,11.19,11.63,6644503,76823528.00
2015-03-16,11.75,12.44,11.68,12.13,6783518,82543088.00
2015-03-17,12.15,12.65,11.85,12.18,11543582,141223840.00
2015-03-18,12.66,12.66,12.12,12.28,8712025,107883384.00
2015-03-19,12.29,13.00,12.29,12.83,10629165,136453296.00
2015-03-20,12.95,13.22,12.60,12.80,5855061,75426992.00
2015-03-23,12.67,13.32,12.67,13.25,9719143,126760536.00
2015-03-24,13.25,13.82,12.98,13.65,10095891,135447072.00
2015-03-25,13.68,13.95,13.39,13.79,8206651,112380872.00
2015-03-26,13.65,13.65,13.01,13.45,6455553,86919728.00
2015-03-27,13.50,13.74,13.13,13.64,6009974,81348368.00
2015-03-30,13.77,13.92,13.44,13.55,6537715,89248496.00
2015-03-31,13.73,14.03,13.45,13.65,8473402,116679328.00
2015-04-01,13.46,13.90,13.41,13.75,9373434,128320768.00
2015-04-02,13.93,14.13,13.43,13.62,7828919,107245432.00
2015-04-03,13.54,13.94,13.05,13.81,9647144,130529864.00
2015-04-07,13.71,13.72,13.50,13.63,7589979,103734288.00
2015-04-08,13.63,15.00,13.55,15.00,17792822,257010912.00
2015-04-09,15.10,15.30,13.90,14.37,12384207,179671264.00
2015-04-10,14.15,14.94,14.07,14.67,7992168,116570296.00
2015-04-13,14.67,15.07,14.47,14.96,7540799,112306216.00
2015-04-14,14.94,14.94,14.34,14.72,7657363,112304584.00
2015-04-15,14.72,15.42,14.25,14.75,9932852,148160528.00
2015-04-16,14.65,15.03,13.68,14.81,7535443,110654240.00
2015-04-17,14.80,15.42,14.66,14.95,9006288,135764192.00
2015-04-20,14.80,15.44,14.55,14.90,9657559,145850960.00
2015-04-21,14.90,16.10,14.90,15.93,11186836,176254576.00
2015-04-22,15.94,16.15,15.65,15.89,9118847,144972560.00
2015-04-23,15.74,16.65,15.65,16.47,10306386,167297312.00
2015-04-24,16.47,16.85,16.06,16.58,12949019,215261152.00
2015-04-27,16.61,17.15,15.85,17.15,15789854,261072304.00
2015-04-28,17.74,17.79,16.37,16.40,13538229,231840784.00
2015-04-29,15.96,16.72,15.96,16.58,6729054,111050440.00
2015-04-30,16.80,16.93,16.35,16.56,7982040,133084432.00
2015-05-04,16.43,17.25,16.35,17.06,9117768,154745408.00
2015-05-05,17.07,17.23,16.07,16.13,5861510,97531016.00
2015-05-06,16.20,16.71,15.89,16.24,6126511,100171520.00
2015-05-07,16.10,16.35,15.11,15.95,5373943,84446048.00
2015-05-08,16.33,16.88,15.90,16.76,8726130,144603360.00
2015-05-11,16.77,17.15,16.70,16.91,11606684,196929696.00
2015-05-12,17.30,17.62,16.95,17.33,12155991,210648688.00
2015-05-13,17.34,17.34,16.76,17.02,6174799,105465240.00
2015-05-14,17.03,17.21,16.67,17.03,6539352,110983296.00
2015-05-15,17.01,17.01,16.32,16.35,5060916,83976816.00
2015-05-18,16.46,17.14,16.35,17.14,6462872,109348680.00
2015-05-19,17.21,17.33,16.86,17.15,5807217,99514408.00
2015-05-20,17.45,18.87,17.45,18.87,8376239,156879920.00
2015-05-21,19.05,20.53,19.05,20.25,12545579,247346416.00
2015-05-22,20.61,20.95,19.46,20.26,10654850,215161136.00
2015-05-25,20.00,22.29,19.66,22.29,10320998,218787104.00
2015-05-26,22.43,23.45,22.42,22.82,9339654,213831376.00
2015-05-27,22.61,24.83,21.45,23.33,11216362,259242992.00
2015-05-28,23.87,24.93,22.65,22.68,11414746,274722848.00
2015-05-29,22.72,23.95,21.30,23.49,8827395,204507056.00
2015-06-01,23.54,25.44,23.54,25.44,7850985,194032992.00
2015-06-02,25.46,27.33,25.46,26.55,8415493,221931840.00
2015-06-03,26.64,27.75,25.95,26.78,7305729,197098144.00
2015-06-04,26.99,27.05,24.15,25.84,7140846,181299904.00
2015-06-05,26.15,26.52,24.76,25.85,8161011,208702720.00
2015-06-08,25.77,25.77,23.45,25.10,9105334,224125904.00
2015-06-09,25.15,25.62,24.75,25.15,5038516,127185704.00
2015-06-10,25.09,26.42,24.16,26.14,7801945,200670592.00
2015-06-11,25.75,26.14,25.20,25.91,4960593,127836976.00
2015-06-12,26.06,27.85,25.75,26.88,8462664,227440016.00
2015-06-15,26.32,26.82,24.83,25.95,7128689,185099200.00
2015-06-16,26.60,26.80,24.10,24.37,5573598,141098144.00
2015-06-17,24.74,24.74,22.17,24.44,5489890,130192432.00
2015-06-18,24.25,24.78,23.25,23.28,3508089,84582008.00
2015-06-19,21.97,22.90,20.95,21.43,5323031,115152552.00
2015-06-23,21.43,21.74,19.43,21.23,6018451,125619488.00
2015-06-24,21.64,23.36,21.20,22.73,7170540,160853920.00
2015-06-25,22.84,22.92,21.13,21.48,3698753,82373448.00
2015-06-26,20.50,20.51,19.33,19.33,6102702,120299256.00
2015-06-29,19.76,19.95,17.39,17.39,6139240,111357608.00
2015-06-30,17.23,18.35,15.65,18.18,8309901,141410816.00
2015-07-01,18.33,18.59,16.36,16.36,6466880,114727712.00
2015-07-02,16.25,16.70,14.72,14.72,5261477,79390800.00
2015-07-03,13.85,14.24,13.24,13.24,5106175,69110688.00
2015-07-06,13.95,14.54,11.91,11.91,9142626,116421632.00
2015-07-07,10.71,11.45,10.71,10.94,16510636,179782384.00
2015-07-14,12.04,12.04,12.04,12.04,651004,7870638.50
2015-07-15,13.24,13.24,12.77,13.12,19801340,260466288.00
2015-07-16,12.99,13.96,11.89,13.28,13572235,177853584.00
2015-07-17,13.28,14.47,13.09,13.90,15053885,208875536.00
2015-07-20,13.80,15.29,13.64,15.29,14706416,216469680.00
2015-07-21,15.38,16.20,14.50,15.65,9247865,145166224.00
2015-07-22,15.33,16.14,15.20,15.88,7176829,112357552.00
2015-07-23,16.11,17.29,15.89,16.88,6881666,115118712.00
2015-07-24,17.00,17.36,16.50,16.91,9746754,164895424.00
2015-07-27,16.75,16.75,15.22,15.22,6896324,110132000.00
2015-07-28,13.71,16.74,13.70,14.76,6406379,91800632.00
2015-07-29,14.97,15.57,13.90,15.57,5304130,78522208.00
2015-07-30,15.40,15.99,14.28,14.43,5337489,82760888.00
2015-07-31,14.20,14.65,13.78,13.96,3877385,55502024.00
2015-08-03,13.96,13.96,12.56,12.99,3607953,47323900.00
2015-08-04,13.00,14.02,13.00,13.98,4339337,59283196.00
2015-08-05,14.17,14.44,13.52,13.70,5251936,73688384.00
2015-08-06,13.41,14.75,13.21,14.45,6596739,93656032.00
2015-08-07,14.49,15.11,14.49,14.88,7318990,108771384.00
2015-08-10,15.05,15.95,15.02,15.84,5196573,81128808.00
2015-08-11,15.85,15.90,15.10,15.46,6362331,99166904.00
2015-08-12,15.30,15.98,15.10,15.68,4323910,68223960.00
2015-08-13,15.62,16.50,15.49,16.50,6322660,101540936.00
2015-08-14,16.31,17.88,16.31,16.99,8643458,147900576.00
2015-08-17,16.80,17.50,16.59,17.49,6225517,106187536.00
2015-08-18,17.50,17.96,15.74,15.74,6529300,110425896.00
2015-08-19,15.01,16.17,14.17,15.74,8626568,127612816.00
2015-08-20,15.25,15.60,14.31,14.32,4826321,72635712.00
2015-08-21,14.30,14.50,13.05,13.44,5231620,72177224.00
2015-08-24,12.95,12.95,12.10,12.10,3026900,37189892.00
2015-08-25,10.89,11.34,10.89,10.89,2782599,30366492.00
2015-08-26,10.78,11.20,9.80,9.80,5829698,60696928.00
2015-08-27,9.81,10.30,9.30,10.12,6167036,61291224.00
2015-08-28,10.30,11.13,10.20,11.13,6026961,64351036.00
2015-08-31,11.16,12.24,10.90,11.80,8484665,99149264.00
2015-09-01,11.70,11.70,10.62,10.62,4895350,53153268.00
2015-09-02,9.56,10.86,9.56,9.56,4543436,44971652.00
2015-09-07,9.50,10.05,9.40,9.60,5032470,48925812.00
2015-09-08,9.60,10.20,9.22,10.13,4267213,41195472.00
2015-09-09,11.14,11.14,10.65,11.14,15075239,167063280.00
2015-09-10,10.68,11.36,10.68,11.03,13279064,146308240.00
2015-09-11,10.96,11.89,10.71,11.57,10569511,119685088.00
2015-09-14,11.65,11.75,10.41,10.41,7367597,80729128.00
2015-09-15,10.25,10.49,9.37,9.59,6059363,60164412.00
2015-09-16,9.52,10.55,9.41,10.53,7445456,75330632.00
2015-09-17,10.54,11.23,10.20,10.50,8965328,96321992.00
2015-09-18,10.61,10.99,10.31,10.69,5805200,61748580.00
2015-09-21,10.60,11.57,10.50,11.40,9909900,109423208.00
2015-12-23,12.54,12.54,12.54,12.54,21312,267252.47
2015-12-24,13.79,13.79,13.79,13.79,31502,434412.59
2015-12-25,15.17,15.17,15.17,15.17,67151,1018680.69
2015-12-28,16.69,16.69,16.69,16.69,315906,5272471.00
2015-12-29,17.00,18.35,16.50,17.75,31555419,551476224.00
2015-12-30,17.39,19.53,17.18,19.53,26224351,484861824.00
2015-12-31,19.00,21.48,18.56,19.95,28665564,593063104.00
2016-01-04,19.40,20.20,17.96,17.96,14625947,279432576.00
2016-01-05,17.18,19.34,16.58,19.12,24517715,433860832.00
2016-01-06,18.80,20.29,17.85,20.29,22147601,422395872.00
2016-01-07,19.38,19.78,18.26,18.26,3357201,63128720.00
2016-01-08,18.64,18.95,16.43,17.30,14233587,249527584.00
2016-01-11,16.47,17.27,15.57,15.57,8581536,138876752.00
2016-01-12,15.20,16.36,15.00,15.95,8707528,137704960.00
2016-01-13,16.10,16.65,14.52,14.80,6884052,110422112.00
2016-01-14,13.50,15.39,13.50,14.97,9586185,137119792.00
2016-01-15,14.61,14.98,13.65,13.84,7305916,105050816.00
2016-01-18,13.30,15.22,13.02,15.00,8037046,117203520.00
2016-01-19,15.32,16.50,15.32,16.50,7872730,126287064.00
2016-01-20,16.20,17.82,16.00,17.28,10409322,177874400.00
2016-01-21,16.86,17.17,16.10,16.29,5478855,91408880.00
2016-01-22,16.44,17.70,15.92,17.37,7905224,133637496.00
2016-01-25,17.61,17.65,15.96,16.38,9317270,155838096.00
2016-01-26,16.00,16.00,14.74,14.74,5955406,89601288.00
2016-01-27,14.15,14.38,13.27,13.51,10255701,137562752.00
2016-01-28,13.08,13.84,12.16,12.21,6825996,89046432.00
2016-01-29,12.30,13.31,11.85,12.88,6305946,79471496.00
2016-02-01,12.71,12.90,11.90,12.30,4269897,52677924.00
2016-02-02,12.40,13.53,12.21,13.53,8963763,118970752.00
2016-02-03,13.53,13.77,13.00,13.59,7215782,97040616.00
2016-02-04,13.58,14.60,13.50,13.82,8376665,118716504.00
2016-02-05,14.00,14.54,13.81,14.26,5423140,77222624.00
2016-02-15,13.40,15.18,13.40,15.04,6122900,89436616.00
2016-02-16,14.80,15.65,14.76,15.41,6958865,106203888.00
2016-02-17,15.21,15.39,14.77,15.19,6599085,99406256.00
2016-02-18,15.18,15.35,14.70,14.88,5042568,74989216.00
2016-02-19,14.88,14.95,14.42,14.73,4448815,65993776.00
2016-02-22,15.00,15.15,14.68,15.02,4956329,73966616.00
2016-02-23,15.06,15.15,13.60,14.83,4888569,71510024.00
2016-02-24,14.60,14.73,13.67,14.08,6821036,96328848.00
2016-02-25,14.15,14.40,12.67,12.67,5891735,80332328.00
2016-02-26,13.25,13.25,12.00,12.29,4614684,57629552.00
2016-02-29,12.20,12.20,11.06,11.06,3980518,45021528.00
2016-03-01,11.14,11.54,10.97,11.47,4214504,47368088.00
2016-03-02,11.45,12.29,11.25,12.18,5000868,59314716.00
2016-03-03,12.03,12.64,11.87,11.99,6153928,75246200.00
2016-03-04,11.90,12.08,11.01,11.28,4535899,52378140.00
2016-03-07,11.47,12.41,11.47,12.41,9037028,111139800.00
2016-03-08,12.37,13.30,11.51,12.91,8802804,111013224.00
2016-03-09,12.37,13.73,12.01,12.98,7480825,98350352.00
2016-03-10,13.02,13.34,12.45,12.66,4399766,56433712.00
2016-03-11,12.42,13.93,12.19,13.93,5127402,67132744.00
2016-03-14,14.39,15.28,14.34,15.00,9414701,138924864.00
2016-03-15,15.00,15.49,14.65,14.88,7659781,115401584.00
2016-03-16,15.22,15.37,14.10,14.16,4948781,71760864.00
2016-03-17,14.60,14.75,13.95,14.59,5694963,82040888.00
2016-03-18,14.80,15.19,14.45,14.98,8087534,119855896.00
2016-03-21,15.00,15.80,14.48,15.48,12412634,185634976.00
2016-03-22,15.00,15.36,14.90,14.94,7556063,113908528.00
2016-03-23,14.94,15.10,14.68,14.88,4881075,72526904.00
2016-03-24,14.87,14.87,14.08,14.23,6823895,99151360.00
2016-03-25,14.61,14.84,13.95,14.14,7426046,105731440.00
2016-03-28,14.50,14.57,14.03,14.42,7377622,105310864.00
2016-03-29,14.30,15.86,14.04,15.86,18853942,286746560.00
2016-03-30,16.08,16.42,15.68,16.39,18147605,290747648.00
2016-03-31,16.45,16.49,15.86,16.00,12843780,207096224.00
2016-04-01,15.57,17.43,15.38,17.09,13877376,227441328.00
2016-04-05,16.50,17.67,16.35,17.22,11113680,188654016.00
2016-04-06,16.80,17.06,16.42,16.82,7091770,118512336.00
2016-04-14,17.28,17.30,16.18,16.80,8935865,150083104.00
2016-04-15,16.70,16.72,16.05,16.31,7501460,122147288.00
2016-04-18,16.10,16.18,15.53,15.77,4651290,73464848.00
2016-04-19,15.77,16.15,15.74,15.94,3574907,57081768.00
2016-04-20,16.10,16.11,14.50,14.80,5827597,88219152.00
2016-04-21,14.58,15.19,13.91,14.00,6724070,98426424.00
2016-04-22,14.04,14.25,13.60,14.24,3521462,49464868.00
2016-04-25,14.24,15.34,13.80,14.84,4478363,64961584.00
2016-04-26,14.69,15.22,14.56,14.96,3548903,53161948.00
2016-04-27,15.40,16.29,15.20,16.05,9021204,143162992.00
2016-04-28,15.88,16.40,15.55,16.32,6121533,97736632.00
2016-04-29,16.05,16.54,15.97,16.24,3740840,60795148.00
2016-05-03,16.24,16.58,16.02,16.35,5844632,95182168.00
2016-05-04,16.32,16.32,15.66,15.93,8524580,135608480.00
2016-05-05,15.81,15.95,15.67,15.84,3892825,61594960.00
2016-05-06,15.77,16.65,15.76,16.42,8908624,144436048.00
2016-05-09,16.30,17.20,15.66,15.88,15381371,257370352.00
2016-05-10,14.58,15.38,14.58,15.00,8116698,121365256.00
2016-05-11,15.00,15.08,14.32,14.33,5193480,75995472.00
2016-05-12,14.00,14.96,13.61,14.90,4858355,70346216.00
2016-05-13,14.68,15.09,14.60,14.70,2914226,43271036.00
2016-05-16,14.69,15.35,14.69,15.35,3900539,58693216.00
2016-05-17,15.35,16.20,15.19,15.72,4970754,78035104.00
2016-05-18,15.65,15.65,14.83,15.28,3861795,58596080.00
2016-05-19,15.27,15.97,15.10,15.58,3880438,61008284.00
2016-05-20,15.36,16.30,15.36,15.91,6668188,106739040.00
2016-05-23,16.00,16.75,15.70,16.72,9227909,150876752.00
2016-05-24,16.60,16.60,16.16,16.33,4480203,73065416.00
2016-05-25,16.32,16.88,15.96,16.15,3711113,60829564.00
2016-05-26,16.28,16.28,15.02,15.67,4484837,69418728.00
2016-05-27,15.54,16.96,15.30,16.89,7563858,123560992.00
2016-05-30,17.21,18.58,16.70,18.22,17308131,306492960.00
2016-05-31,17.88,18.82,17.88,18.77,9829346,180537968.00
2016-06-01,18.59,19.47,18.30,18.78,8893115,169036752.00
2016-06-02,18.48,19.96,18.21,19.24,8387818,161674864.00
2016-06-03,19.00,19.52,18.82,19.05,4723390,90837512.00
2016-06-06,19.05,19.46,18.32,18.70,8518570,159295792.00
2016-06-07,18.67,19.04,18.40,18.87,5145329,96599256.00
2016-06-08,19.00,19.10,18.38,18.49,4284139,80097456.00
2016-06-13,18.10,18.34,17.54,17.54,3329480,59903092.00
2016-06-14,18.70,19.29,16.60,16.95,10665771,190246384.00
2016-06-15,16.11,18.65,16.11,18.65,12176452,214898096.00
2016-06-16,18.80,20.52,18.62,20.00,15492146,306534688.00
2016-06-17,19.50,20.15,19.18,20.06,8287373,162975184.00
2016-06-20,19.80,22.07,19.35,21.58,12505127,261332176.00
2016-06-21,21.59,22.66,20.90,21.19,7220421,155637728.00
2016-06-22,21.18,21.60,20.78,21.39,4336126,91640000.00
2016-06-23,20.90,21.40,20.60,20.61,3547129,74264088.00
2016-06-24,20.63,22.67,20.62,22.67,12339432,270905856.00
2016-06-27,22.90,23.44,21.86,23.10,10224448,230843264.00
2016-06-28,22.70,24.50,22.20,23.18,8672388,200475440.00
2016-06-29,23.13,23.34,22.49,22.77,5405313,123525104.00
2016-06-30,22.56,22.91,21.80,22.20,5222338,115704832.00
2016-07-01,22.21,22.48,21.80,22.22,2857059,63054736.00
2016-07-04,22.18,22.25,21.03,21.86,7586871,164168624.00
2016-07-05,21.99,22.34,21.34,22.20,7116199,155934880.00
2016-07-06,22.00,22.16,21.71,21.84,3894925,85385744.00
2016-07-07,21.80,22.93,21.71,22.76,7690868,172892320.00
2016-07-08,22.74,23.33,22.24,22.26,5317941,120331672.00
2016-07-11,22.01,22.48,21.71,21.76,5858892,129500560.00
2016-07-12,21.61,21.81,20.71,20.99,6036770,127223128.00
2016-07-13,20.92,21.37,20.82,21.13,3042071,64250700.00
2016-07-14,21.15,21.52,20.68,21.24,3245798,68848472.00
2016-07-15,21.24,21.25,20.54,20.73,3423686,71147288.00
2016-07-18,20.66,21.16,20.47,20.83,2471288,51547328.00
2016-07-19,20.78,21.14,20.57,21.06,2376506,49682284.00
2016-07-20,21.20,21.97,21.14,21.65,4924351,106358784.00
2016-07-21,21.46,21.84,20.97,20.99,3664278,77905960.00
2016-07-22,20.99,21.16,20.13,20.45,2587220,53475160.00
2016-07-25,20.23,20.57,20.15,20.30,1279800,26079950.00
2016-07-26,20.50,20.80,20.37,20.60,1225114,25222096.00
2016-07-27,20.61,20.89,18.54,18.92,4013904,78141264.00
2016-07-28,18.70,19.30,17.82,18.64,3750500,69154688.00
2016-07-29,18.79,18.79,18.11,18.25,1805202,33162764.00
2016-08-01,18.10,18.78,17.55,18.55,2865123,52411488.00
2016-08-02,18.45,19.10,18.31,18.94,2485888,46978660.00
2016-08-03,18.94,19.33,18.75,18.80,1824827,34781100.00
2016-08-04,18.78,19.98,18.68,19.90,4017573,78289488.00
2016-08-05,19.79,19.79,19.12,19.43,3037396,58952276.00
2016-08-08,19.30,19.50,18.72,19.19,1664667,31752696.00
2016-08-09,19.18,19.34,19.06,19.21,1389510,26647374.00
2016-08-10,19.15,19.30,18.80,18.80,1878925,35740948.00
2016-08-11,18.80,19.00,18.24,18.28,2025558,37631732.00
2016-08-12,18.16,20.11,18.10,20.06,4289399,82686832.00
2016-08-15,20.10,20.99,19.47,19.98,8379104,169048320.00
2016-08-16,20.44,20.44,19.85,20.00,5150055,103442104.00
2016-08-17,19.90,20.32,19.65,19.97,3237617,64938868.00
2016-08-18,19.87,20.10,19.68,19.78,2753886,54691212.00
2016-08-19,19.83,19.97,19.54,19.90,2464466,48773876.00
2016-08-22,19.95,19.97,19.30,19.30,2422230,47748992.00
2016-08-23,19.35,19.69,19.11,19.40,1897438,36938348.00
2016-08-24,19.42,19.73,19.36,19.44,1773932,34701164.00
2016-08-25,19.46,20.61,18.90,20.01,4633114,92054968.00
2016-08-26,19.98,20.54,19.86,20.05,3845219,77604840.00
2016-08-29,20.20,20.20,19.70,19.84,2464759,48842756.00
2016-08-30,19.73,19.97,19.40,19.54,1900905,37425912.00
2016-08-31,19.65,19.65,19.19,19.35,1724891,33401196.00
2016-09-01,19.31,19.48,19.20,19.20,1434593,27765064.00
2016-09-02,19.11,19.32,18.81,18.83,1670979,31834142.00
2016-09-05,18.83,19.30,18.83,19.19,1649230,31646092.00
2016-09-06,19.02,19.60,19.00,19.55,2036813,39429340.00
2016-09-07,19.53,19.67,19.35,19.50,1379485,26927802.00
2016-09-08,19.57,19.59,19.25,19.34,1094327,21225388.00
2016-09-09,19.28,19.47,19.20,19.20,1230292,23792724.00
2016-09-12,18.77,19.00,18.51,18.51,1355573,25417952.00
2016-09-13,18.69,18.89,18.63,18.74,970816,18201512.00
2016-09-14,18.69,18.82,18.19,18.40,1334278,24667856.00
2016-09-19,18.40,18.88,18.40,18.56,924707,17188256.00
2016-09-20,18.70,18.80,18.40,18.50,574700,10664079.00
2016-09-21,18.70,18.70,18.42,18.61,932855,17321920.00
2016-09-22,18.71,18.75,18.50,18.51,967243,17993204.00
2016-09-23,18.65,18.65,18.40,18.54,863388,15984937.00
2016-09-26,18.45,18.63,18.25,18.25,1030300,18999776.00
2016-09-27,18.24,18.49,18.10,18.45,1006622,18431146.00
2016-09-28,19.50,19.80,18.96,19.00,6834487,131800264.00
2016-09-29,18.88,18.88,18.51,18.53,2533813,47194140.00
2016-09-30,18.45,18.64,18.30,18.34,1976319,36390728.00
2016-10-10,18.41,19.43,18.41,19.35,4004362,76318648.00
2016-10-11,19.35,20.47,19.04,20.26,6290664,125483328.00
2016-10-12,20.08,20.19,19.61,20.13,3005977,59975252.00
2016-10-13,20.14,20.18,19.78,19.85,2123379,42136476.00
2016-10-14,19.92,20.00,19.60,19.74,1347613,26683356.00
2016-10-17,19.87,19.98,19.66,19.81,1825085,36204604.00
2016-10-18,19.73,20.02,19.50,20.01,2032284,40295396.00
2016-10-19,20.00,20.08,19.70,19.72,1356650,26898786.00
2016-10-20,19.72,19.81,19.48,19.59,1070189,21023620.00
2016-10-21,19.60,19.91,19.41,19.65,1090504,21404504.00
2016-10-24,19.65,19.78,19.40,19.50,1375824,26858406.00
2016-10-25,19.50,20.12,19.18,19.61,2373289,46578136.00
2016-10-26,19.63,19.79,19.10,19.30,1809757,35031920.00
2016-10-27,19.30,19.32,18.73,18.86,2304420,43535068.00
2016-10-28,18.86,19.02,18.80,18.91,1060045,20010862.00
2016-10-31,18.93,20.80,18.89,18.93,3593879,69086728.00
2016-11-01,19.03,19.03,18.60,18.89,2522901,47441752.00
2016-11-02,18.72,19.23,18.72,18.98,2042980,38806080.00
2016-11-03,18.88,19.12,18.76,18.90,1899808,36119932.00
2016-11-04,18.81,19.05,18.61,18.67,1490098,28026318.00
2016-11-07,18.84,18.88,18.60,18.64,1322418,24707826.00
2016-11-08,18.65,18.74,18.50,18.57,1666767,30964668.00
2016-11-09,18.57,18.62,17.78,18.00,4208672,76107840.00
2016-11-10,18.14,18.23,17.89,18.10,2887621,52110660.00
2016-11-11,18.11,18.18,18.02,18.11,2607292,47180016.00
2016-11-14,18.13,18.58,18.13,18.42,3512996,64724408.00
2016-11-15,18.42,18.52,18.20,18.48,2222394,40850688.00
2016-11-16,18.52,18.65,18.44,18.60,2005734,37232820.00
2016-11-17,18.66,18.73,18.49,18.58,2171114,40421356.00
2016-11-18,18.60,18.69,18.48,18.57,1282873,23811118.00
2016-11-21,18.64,18.64,18.41,18.47,1581278,29222096.00
2016-11-22,18.50,19.63,18.50,19.40,10051928,193075232.00
2016-11-23,19.33,19.48,19.08,19.38,4787669,92336856.00
2016-11-24,19.52,20.20,19.19,19.69,6058582,119296264.00
2016-11-25,19.69,20.30,19.28,20.25,6564513,131255728.00
2016-11-28,20.26,20.55,20.03,20.36,3630800,73968392.00
数据来源:通达信
