002518 科士达 日线 前复权
      日期	    开盘	    最高	    最低	    收盘	    成交量	    成交额
2011-10-10,6.59,6.73,6.20,6.24,730853,18909718.00
2011-10-11,6.47,6.56,6.08,6.21,1018450,26152322.00
2011-10-12,6.10,6.46,6.06,6.46,756307,19539178.00
2011-10-13,6.48,6.65,6.39,6.65,857478,22771780.00
2011-10-14,6.60,6.62,6.39,6.53,895597,23599324.00
2011-10-17,6.53,6.78,6.50,6.78,871913,23484692.00
2011-10-18,6.72,6.72,6.09,6.17,1930091,49980336.00
2011-10-19,6.15,6.24,5.82,5.88,2094595,51115272.00
2011-10-20,5.90,5.90,5.70,5.81,783785,18494046.00
2011-10-21,5.81,5.88,5.73,5.78,388039,9216044.00
2011-10-24,5.80,5.99,5.76,5.99,545494,13105519.00
2011-10-25,5.98,6.13,5.86,6.12,1035353,25429258.00
2011-10-26,6.06,6.22,6.04,6.14,1075210,26857966.00
2011-10-27,6.15,6.36,6.15,6.16,1099198,27817468.00
2011-10-28,6.28,6.33,6.18,6.29,957375,24291694.00
2011-10-31,6.28,6.47,6.25,6.44,1321728,34316460.00
2011-11-01,6.40,6.47,6.28,6.44,1167793,30274198.00
2011-11-02,6.28,6.53,6.28,6.52,1364308,35464192.00
2011-11-03,6.55,6.71,6.46,6.47,1405278,37577460.00
2011-11-04,6.52,6.68,6.40,6.51,1239501,32784564.00
2011-11-07,6.48,6.58,6.39,6.41,1112063,29087352.00
2011-11-08,6.42,6.46,6.30,6.32,845482,21862252.00
2011-11-09,6.33,6.56,6.33,6.55,1115689,29164766.00
2011-11-10,6.45,6.68,6.45,6.52,1379181,36763516.00
2011-11-11,6.57,6.67,6.50,6.54,917222,24426044.00
2011-11-14,6.59,6.78,6.59,6.77,1232323,33468962.00
2011-11-15,6.74,6.82,6.69,6.76,859325,23438774.00
2011-11-16,6.79,6.82,6.45,6.49,1269389,34035264.00
2011-11-17,6.50,6.75,6.49,6.62,1036029,27750330.00
2011-11-18,6.55,6.58,6.31,6.33,1083572,28252748.00
2011-11-21,6.34,6.68,6.28,6.65,1724443,44951296.00
2011-11-22,6.47,6.80,6.44,6.79,2901762,77968048.00
2011-11-23,6.76,6.76,6.62,6.62,1653694,44672532.00
2011-11-24,6.53,6.61,6.41,6.55,1043765,27508768.00
2011-11-25,6.49,6.62,6.38,6.40,814347,21458366.00
2011-11-28,6.46,6.46,6.15,6.21,1028701,26187012.00
2011-11-29,6.31,6.35,6.24,6.34,808203,20653566.00
2011-11-30,6.35,6.35,5.89,5.99,977766,24271746.00
2011-12-01,6.19,6.28,6.11,6.12,964429,24253426.00
2011-12-02,6.07,6.12,5.94,5.99,518747,12675313.00
2011-12-05,5.83,5.99,5.81,5.83,362191,8722072.00
2011-12-06,5.83,6.02,5.83,5.97,375660,9090936.00
2011-12-07,6.04,6.09,5.96,6.01,365742,8947010.00
2011-12-08,6.02,6.07,5.88,6.00,570718,13925088.00
2011-12-09,5.95,6.02,5.86,5.86,448316,10825804.00
2011-12-12,5.86,5.88,5.75,5.77,361699,8570503.00
2011-12-13,5.77,5.79,5.45,5.46,716022,16394189.00
2011-12-14,5.46,5.52,5.31,5.33,323069,7192962.50
2011-12-15,5.28,5.39,5.23,5.28,443700,9689636.00
2011-12-16,5.28,5.48,5.24,5.46,581463,12762485.00
2011-12-19,5.38,5.60,5.25,5.57,617855,13854867.00
2011-12-20,5.58,5.78,5.54,5.57,885686,20515832.00
2011-12-21,5.61,5.64,5.36,5.36,624940,14197820.00
2011-12-22,5.30,5.37,5.06,5.21,587119,12582255.00
2011-12-23,5.17,5.36,5.16,5.23,351449,7615230.50
2011-12-26,5.22,5.30,5.18,5.20,213674,4613782.00
2011-12-27,5.18,5.18,4.88,4.91,534561,10996504.00
2011-12-28,4.87,4.90,4.68,4.80,479512,9465321.00
2011-12-29,4.79,4.87,4.79,4.79,308011,6155647.50
2011-12-30,4.83,4.91,4.80,4.88,249051,5015842.00
2012-01-04,4.93,4.98,4.69,4.69,397596,8012227.50
2012-01-06,4.45,4.49,4.18,4.34,824073,14697887.00
2012-01-09,4.33,4.58,4.19,4.57,530579,9848232.00
2012-01-10,4.56,4.82,4.56,4.79,643640,12592124.00
2012-01-11,4.79,4.96,4.73,4.88,726329,14688978.00
2012-01-12,4.79,4.97,4.79,4.84,518688,10497359.00
2012-01-13,4.88,4.92,4.52,4.52,866140,16844460.00
2012-01-16,4.50,4.50,4.24,4.27,436924,8001645.00
2012-01-17,4.27,4.56,4.26,4.55,576269,10625741.00
2012-01-18,4.56,4.64,4.30,4.35,795348,14940978.00
2012-01-19,4.33,4.45,4.31,4.40,468299,8568663.00
2012-01-20,4.38,4.55,4.38,4.51,468098,8778962.00
2012-01-30,4.56,4.59,4.46,4.51,479297,9047490.00
2012-01-31,4.48,4.52,4.40,4.47,427323,7943328.50
2012-02-01,4.43,4.56,4.40,4.48,325889,6101872.00
2012-02-02,4.48,4.59,4.43,4.59,393258,7435238.50
2012-02-03,4.57,4.79,4.56,4.74,772807,15021225.00
2012-02-06,4.71,4.84,4.71,4.81,954101,18926708.00
2012-02-07,4.77,4.77,4.61,4.65,739558,14382280.00
2012-02-08,4.65,4.81,4.60,4.80,1103378,21511058.00
2012-02-09,4.77,4.92,4.76,4.85,1140841,23000770.00
2012-02-10,4.83,4.95,4.83,4.88,859159,17420284.00
2012-02-13,4.84,5.08,4.78,5.04,1061229,21887780.00
2012-02-14,5.05,5.07,4.97,5.05,884884,18358562.00
2012-02-15,5.04,5.21,5.02,5.16,869548,18326136.00
2012-02-16,5.18,5.20,5.03,5.11,920194,19400428.00
2012-02-17,5.11,5.19,5.03,5.10,630945,13294181.00
2012-02-20,5.16,5.21,5.10,5.12,890623,18911396.00
2012-02-21,5.10,5.24,5.10,5.24,1190413,25378324.00
2012-02-22,5.23,5.52,5.22,5.52,1965449,43615976.00
2012-02-23,5.53,5.88,5.48,5.80,2506991,58027400.00
2012-02-24,5.73,5.99,5.68,5.98,2266620,53984604.00
2012-02-27,6.06,6.12,5.87,5.96,4825532,117560176.00
2012-02-28,5.89,6.01,5.79,5.85,1477465,35433576.00
2012-02-29,5.79,5.80,5.62,5.62,1412553,32843578.00
2012-03-01,5.59,5.73,5.58,5.69,931778,21576830.00
2012-03-02,5.69,5.78,5.67,5.77,733924,17210892.00
2012-03-05,5.77,5.96,5.76,5.90,1790949,42903592.00
2012-03-06,5.83,6.01,5.75,5.89,1071470,25601688.00
2012-03-07,5.86,5.91,5.74,5.78,855265,20318272.00
2012-03-08,5.83,5.88,5.76,5.81,1027373,24397360.00
2012-03-09,5.91,5.91,5.79,5.88,1637339,39088576.00
2012-03-12,5.89,5.97,5.88,5.96,1387495,33544086.00
2012-03-13,5.96,5.96,5.83,5.91,1303105,31225710.00
2012-03-14,5.94,6.09,5.62,5.67,2819466,68009960.00
2012-03-15,5.63,5.72,5.36,5.54,1148265,26062194.00
2012-03-16,5.51,5.70,5.51,5.68,710437,16333718.00
2012-03-19,5.68,5.90,5.68,5.84,834522,19821598.00
2012-03-20,5.84,5.88,5.63,5.63,812728,18993904.00
2012-03-21,5.67,5.74,5.51,5.67,629085,14476268.00
2012-03-22,5.62,5.75,5.62,5.65,526527,12170001.00
2012-03-23,5.66,5.66,5.46,5.47,522550,11864958.00
2012-03-26,5.47,5.50,5.37,5.37,445924,9924001.00
2012-03-27,5.46,5.46,5.35,5.35,454608,10092911.00
2012-03-28,5.35,5.35,5.02,5.03,837499,17683274.00
2012-03-29,4.94,5.05,4.77,4.78,653085,13222349.00
2012-04-05,4.85,5.01,4.70,4.98,587673,11955675.00
2012-04-06,4.99,5.07,4.95,5.01,451724,9358790.00
2012-04-09,4.97,5.08,4.93,4.97,317094,6533993.50
2012-04-10,4.97,5.01,4.76,5.01,354212,7138931.00
2012-04-11,4.93,5.00,4.83,4.98,389929,7969480.50
2012-04-12,5.06,5.10,4.98,5.09,683278,14250641.00
2012-04-13,5.11,5.17,5.05,5.12,574974,12139701.00
2012-04-16,5.09,5.12,5.02,5.06,360467,7542801.50
2012-04-17,5.05,5.16,5.04,5.09,559341,11776239.00
2012-04-18,5.09,5.18,5.05,5.17,541247,11435425.00
2012-04-19,5.17,5.27,5.16,5.24,530116,11378062.00
2012-04-20,5.24,5.39,5.24,5.32,787972,17219896.00
2012-04-23,5.28,5.32,5.06,5.07,792773,16774306.00
2012-04-24,5.05,5.14,4.77,4.95,716717,14569519.00
2012-04-25,4.93,4.98,4.83,4.98,491587,9998347.00
2012-04-26,4.98,5.00,4.87,4.89,591864,12023117.00
2012-04-27,4.89,4.95,4.88,4.92,299655,6091537.50
2012-05-02,5.03,5.04,4.93,5.00,355288,7327878.00
2012-05-03,5.02,5.05,4.98,5.05,344357,7134122.00
2012-05-04,5.02,5.17,4.99,5.14,536812,11328183.00
2012-05-07,5.13,5.38,5.10,5.36,1131763,24534150.00
2012-05-08,5.54,5.67,5.41,5.43,1968961,44849808.00
2012-05-09,5.36,5.41,5.26,5.33,999318,21926434.00
2012-05-10,5.32,5.46,5.32,5.42,744277,16515606.00
2012-05-11,5.48,5.48,5.26,5.27,833635,18363404.00
2012-05-14,5.21,5.27,4.96,5.04,1115178,12801558.00
2012-05-15,4.97,5.02,4.88,5.00,636195,7125760.50
2012-05-16,4.99,5.06,4.96,5.00,423406,4793913.50
2012-05-17,5.02,5.04,4.93,5.04,597057,6756140.50
2012-05-18,5.04,5.04,4.93,5.00,708768,7978765.00
2012-05-21,5.16,5.30,5.02,5.09,963430,11129266.00
2012-05-22,5.02,5.09,4.99,5.07,561319,6396452.00
2012-05-23,5.07,5.07,4.90,4.94,659566,7404436.50
2012-05-24,4.94,5.01,4.88,4.91,529452,5942252.00
2012-05-25,4.95,4.95,4.71,4.71,1015266,11017845.00
2012-05-28,4.71,4.76,4.52,4.72,558960,5889479.00
2012-05-29,4.78,4.83,4.70,4.81,702979,7644762.50
2012-05-30,4.80,5.30,4.80,5.25,2634469,30241160.00
2012-05-31,5.15,5.30,5.09,5.22,1773886,20773192.00
2012-06-01,5.19,5.24,5.08,5.12,993980,11544829.00
2012-06-04,5.00,5.07,4.95,4.96,964931,10924271.00
2012-06-05,4.97,5.02,4.93,4.98,567827,6408250.50
2012-06-06,5.01,5.05,4.93,4.98,395191,4454182.50
2012-06-07,5.02,5.14,4.97,5.11,1166504,13286308.00
2012-06-08,5.11,5.64,5.11,5.45,5449819,66034784.00
2012-06-11,5.40,5.55,5.33,5.52,4211487,51623060.00
2012-06-12,5.46,5.54,5.38,5.45,2121715,26109514.00
2012-06-13,5.51,5.70,5.40,5.53,3838499,47818172.00
2012-06-14,5.53,5.53,5.31,5.35,2843955,34530704.00
2012-06-15,5.33,5.37,5.23,5.30,1175200,14022268.00
2012-06-18,5.30,5.49,5.28,5.48,1768972,21547510.00
2012-06-19,5.48,5.52,5.37,5.46,1460937,17841828.00
2012-06-20,5.43,5.50,5.36,5.36,1002155,12166016.00
2012-06-21,5.37,5.37,5.09,5.09,1468845,17150310.00
2012-06-25,5.07,5.07,4.83,4.85,1065549,11894155.00
2012-06-26,4.80,5.00,4.71,4.91,903291,9983238.00
2012-06-27,4.91,4.99,4.84,4.86,844461,9417204.00
2012-06-28,4.92,4.96,4.71,4.72,855731,9344549.00
2012-06-29,4.65,4.96,4.60,4.90,995948,10806725.00
2012-07-02,4.90,4.97,4.85,4.95,982089,10938446.00
2012-07-03,4.95,5.04,4.87,4.95,905347,10187357.00
2012-07-04,5.00,5.00,4.89,4.89,577378,6447029.00
2012-07-05,4.87,4.88,4.65,4.66,976164,10482395.00
2012-07-06,4.71,4.79,4.62,4.76,635585,6814862.50
2012-07-09,4.76,4.76,4.47,4.50,813553,8562162.00
2012-07-10,4.50,4.56,4.46,4.51,621429,6393774.50
2012-07-11,4.48,4.55,4.43,4.46,810509,8267639.50
2012-07-12,4.47,4.59,4.42,4.54,654848,6722233.50
2012-07-13,4.57,4.61,4.51,4.54,499895,5195824.50
2012-07-16,4.51,4.52,4.05,4.19,1104867,10797002.00
2012-07-17,4.19,4.26,4.12,4.20,484219,4640196.50
2012-07-18,4.17,4.21,4.06,4.19,448224,4259693.00
2012-07-19,4.20,4.32,4.18,4.20,974975,9471944.00
2012-07-20,4.20,4.27,4.17,4.18,751670,7245585.00
2012-07-23,4.13,4.14,4.05,4.10,460539,4332414.00
2012-07-24,4.05,4.17,4.05,4.16,446648,4244487.50
2012-07-25,4.17,4.22,4.10,4.11,718589,6855442.00
2012-07-26,4.09,4.17,4.08,4.10,541310,5111442.00
2012-07-27,4.09,4.20,4.08,4.12,792608,7520214.50
2012-07-30,4.09,4.13,3.90,3.94,797484,7373213.00
2012-07-31,3.94,3.97,3.82,3.89,385973,3468318.25
2012-08-01,3.88,4.02,3.85,4.01,578638,5271722.50
2012-08-02,3.99,4.45,3.94,4.32,2415294,23312288.00
2012-08-03,4.29,4.61,4.24,4.52,3474961,35429472.00
2012-08-06,4.47,4.69,4.40,4.53,3436980,35577288.00
2012-08-07,4.51,4.61,4.42,4.47,2546082,26035460.00
2012-08-08,4.50,4.50,4.36,4.40,1399727,14103476.00
2012-08-09,4.39,4.49,4.35,4.48,1420162,14374157.00
2012-08-10,4.42,4.47,4.40,4.45,837406,8483464.00
2012-08-13,4.45,4.50,4.40,4.49,1193526,12138027.00
2012-08-14,4.47,4.48,4.16,4.33,1450451,14319484.00
2012-08-15,4.28,4.36,4.25,4.28,548917,5395117.50
2012-08-16,4.23,4.31,4.23,4.25,471220,4622526.50
2012-08-17,4.22,4.29,4.17,4.25,527449,5132201.00
2012-08-20,4.25,4.25,4.14,4.19,495848,4756664.50
2012-08-21,4.22,4.37,4.21,4.35,1065812,10524989.00
2012-08-22,4.37,4.38,4.25,4.28,751508,7385707.50
2012-08-23,4.27,4.41,4.23,4.39,1054031,10433714.00
2012-08-24,4.38,4.40,4.14,4.19,990422,9618625.00
2012-08-27,4.13,4.13,4.00,4.00,596351,5545015.00
2012-08-28,4.03,4.10,4.01,4.07,395810,3695179.50
2012-08-29,4.09,4.15,4.04,4.07,395557,3720718.50
2012-08-30,4.04,4.11,3.91,4.02,597319,5520929.00
2012-08-31,4.04,4.41,4.03,4.37,2236525,21826348.00
2012-09-03,4.28,4.40,4.26,4.35,1983507,19719722.00
2012-09-04,4.35,4.35,4.22,4.23,1391961,13618083.00
2012-09-05,4.21,4.32,4.11,4.29,1295567,12550159.00
2012-09-06,4.26,4.52,4.26,4.49,2795320,28201174.00
2012-09-07,4.51,4.70,4.42,4.56,3891351,40366420.00
2012-09-10,4.56,4.63,4.50,4.60,1824366,18995924.00
2012-09-11,4.59,4.59,4.50,4.56,1178763,12177066.00
2012-09-12,4.56,4.65,4.51,4.60,1228501,12802093.00
2012-09-13,4.66,4.77,4.60,4.61,2981823,31836436.00
2012-09-14,4.61,4.68,4.51,4.53,1576956,16429707.00
2012-09-17,4.53,4.56,4.26,4.27,1500166,15046591.00
2012-09-18,4.27,4.31,4.25,4.25,481108,4707686.50
2012-09-19,4.26,4.32,4.26,4.30,530292,5205901.00
2012-09-20,4.29,4.29,4.07,4.08,688034,6567459.00
2012-09-21,4.07,4.12,4.03,4.04,527929,4930653.00
2012-09-24,4.02,4.09,4.00,4.09,372624,3469002.75
2012-09-25,4.09,4.14,4.03,4.08,281735,2654465.50
2012-09-26,4.07,4.23,3.93,4.19,1078850,10176740.00
2012-09-27,4.18,4.45,4.11,4.35,1758744,17298206.00
2012-09-28,4.32,4.39,4.27,4.38,976240,9694385.00
2012-10-08,4.38,4.46,4.27,4.36,991419,9865977.00
2012-10-09,4.36,4.45,4.32,4.44,1836192,18483650.00
2012-10-10,4.44,4.52,4.40,4.50,1413495,14446936.00
2012-10-11,4.48,4.48,4.32,4.33,1336989,13410530.00
2012-10-12,4.38,4.40,4.31,4.35,562529,5587950.00
2012-10-15,4.38,4.38,4.22,4.30,537269,5258018.50
2012-10-16,4.28,4.37,4.28,4.30,495150,4907927.00
2012-10-17,4.30,4.31,4.21,4.28,589048,5750483.00
2012-10-18,4.30,4.50,4.28,4.50,2160576,21854814.00
2012-10-19,4.48,4.50,4.43,4.47,1073656,10942189.00
2012-10-22,4.46,4.53,4.44,4.49,800214,8185827.50
2012-10-23,4.49,4.49,4.40,4.43,602196,6113109.00
2012-10-24,4.42,4.43,4.37,4.40,353573,3551130.75
2012-10-25,4.40,4.52,4.37,4.39,640633,6501922.50
2012-10-26,4.40,4.50,4.25,4.25,653791,6501755.00
2012-10-29,4.25,4.37,4.23,4.25,391061,3839622.00
2012-10-30,4.26,4.31,4.20,4.22,452102,4400616.00
2012-10-31,4.22,4.24,4.13,4.24,530080,5080826.00
2012-11-01,4.19,4.32,4.19,4.31,537599,5279604.50
2012-11-02,4.31,4.33,4.24,4.31,368369,3630795.00
2012-11-05,4.29,4.53,4.29,4.34,3274052,32914216.00
2012-11-06,4.35,4.41,4.20,4.30,1829129,17827878.00
2012-11-07,4.30,4.30,4.19,4.23,689080,6686902.00
2012-11-08,4.15,4.22,4.09,4.09,699700,6687371.00
2012-11-09,4.08,4.14,4.06,4.09,456966,4292696.50
2012-11-12,4.09,4.35,4.09,4.20,645978,6285250.00
2012-11-13,4.18,4.21,4.08,4.09,354941,3368537.75
2012-11-14,4.06,4.13,4.06,4.10,256270,2408676.25
2012-11-15,4.07,4.11,3.97,4.02,493838,4584427.50
2012-11-16,4.02,4.11,3.98,4.07,680410,6285948.50
2012-11-19,4.02,4.09,4.01,4.08,285480,2661635.75
2012-11-20,4.10,4.20,4.10,4.12,461079,4382816.50
2012-11-21,4.10,4.28,4.09,4.20,1332326,12783000.00
2012-11-22,4.18,4.18,3.76,4.05,983336,9136338.00
2012-11-23,4.05,4.05,3.95,3.97,709785,6513184.00
2012-11-26,3.97,4.07,3.90,3.96,723323,6620395.00
2012-11-27,3.94,3.95,3.70,3.70,939000,8208709.00
2012-11-28,3.69,3.71,3.56,3.66,318165,2682197.25
2012-11-29,3.69,3.70,3.58,3.61,196900,1668356.00
2012-11-30,3.61,3.69,3.58,3.66,272590,2311486.75
2012-12-03,3.66,3.69,3.46,3.47,285309,2371116.25
2012-12-04,3.56,3.56,3.38,3.50,422801,3406548.50
2012-12-05,3.49,3.68,3.48,3.63,632118,5328953.00
2012-12-06,3.63,3.69,3.53,3.62,279190,2346779.75
2012-12-07,3.64,3.74,3.60,3.72,416184,3548755.50
2012-12-10,3.70,4.12,3.69,4.00,1626715,14570889.00
2012-12-11,3.98,4.27,3.90,3.90,1964345,18356728.00
2012-12-12,3.88,4.11,3.86,4.08,1405788,12752117.00
2012-12-13,4.13,4.13,3.93,3.94,1515314,14021177.00
2012-12-14,3.88,4.10,3.88,4.06,1732337,16014321.00
2012-12-17,4.04,4.15,4.02,4.09,1377410,12915643.00
2012-12-18,4.06,4.16,4.02,4.04,770820,7233031.00
2012-12-19,4.01,4.09,4.01,4.03,639180,5951113.50
2012-12-20,4.10,4.37,4.09,4.15,2530869,24489094.00
2012-12-21,4.12,4.15,4.04,4.05,1500823,14060336.00
2012-12-24,4.00,4.15,4.00,4.13,990661,9281706.00
2012-12-25,4.09,4.25,4.06,4.20,1632015,15638116.00
2012-12-26,4.17,4.33,4.15,4.32,1619960,15799972.00
2012-12-27,4.31,4.40,4.20,4.20,1361954,13323687.00
2012-12-28,4.19,4.29,4.18,4.25,913260,8844359.00
2012-12-31,4.25,4.28,4.21,4.23,999358,9690598.00
2013-01-04,4.25,4.29,4.14,4.25,840820,8159788.50
2013-01-07,4.23,4.32,4.21,4.31,1303599,12752972.00
2013-01-08,4.30,4.45,4.24,4.37,2222968,22193250.00
2013-01-09,4.37,4.60,4.33,4.54,2900494,29550518.00
2013-01-10,4.48,4.92,4.48,4.75,5480487,58806196.00
2013-01-11,4.75,4.88,4.57,4.60,4366598,47183552.00
2013-01-14,4.60,4.80,4.52,4.76,2591006,27642788.00
2013-01-15,4.76,4.89,4.73,4.80,2695244,29472904.00
2013-01-16,4.80,4.84,4.58,4.65,2182917,23287714.00
2013-01-17,4.65,4.66,4.53,4.54,1461821,15211120.00
2013-01-18,4.59,4.65,4.47,4.61,1238398,12934419.00
2013-01-21,4.63,4.78,4.56,4.76,1707589,18128266.00
2013-01-22,4.76,4.76,4.52,4.56,1447274,15259986.00
2013-01-23,4.54,4.59,4.37,4.46,1514474,15364366.00
2013-01-24,4.46,4.54,4.26,4.31,1869229,18789300.00
2013-01-25,4.32,4.37,4.28,4.32,648238,6416635.00
2013-01-28,4.33,4.50,4.33,4.49,734452,7435153.50
2013-01-29,4.49,4.50,4.42,4.48,850409,8662042.00
2013-01-30,4.47,4.54,4.45,4.49,848732,8692170.00
2013-01-31,4.47,4.59,4.45,4.51,926565,9548037.00
2013-02-01,4.51,4.54,4.42,4.45,963493,9806413.00
2013-02-04,4.46,4.49,4.36,4.38,925662,9344443.00
2013-02-05,4.38,4.50,4.37,4.49,666187,6760571.00
2013-02-06,4.51,4.52,4.46,4.50,589140,6039335.00
2013-02-07,4.50,4.56,4.49,4.55,665968,6860666.00
2013-02-08,4.55,4.62,4.53,4.59,659594,6888388.50
2013-02-18,4.63,4.84,4.57,4.78,2775341,29841992.00
2013-02-19,4.76,4.96,4.76,4.84,4658085,51122544.00
2013-02-20,4.79,4.93,4.74,4.91,2169006,23868988.00
2013-02-21,4.91,5.02,4.84,4.99,3436139,38476544.00
2013-02-22,4.96,5.11,4.94,5.10,3384649,38702136.00
2013-02-25,5.16,5.38,5.01,5.15,6989546,81373456.00
2013-02-26,5.07,5.17,5.00,5.09,3769797,43442108.00
2013-02-27,5.07,5.26,5.03,5.20,4341366,50368948.00
2013-02-28,5.16,5.38,5.16,5.38,5377596,64129032.00
2013-03-01,5.34,5.52,5.31,5.37,7225284,87721928.00
2013-03-04,5.22,5.33,5.19,5.29,5021576,59461032.00
2013-03-05,5.21,5.43,5.21,5.42,4479330,54084140.00
2013-03-06,5.41,5.75,5.32,5.61,9088658,112422952.00
2013-03-07,5.52,5.86,5.46,5.85,5560109,70126600.00
2013-03-08,5.82,6.47,5.71,6.38,14894945,201757872.00
2013-03-11,6.19,6.65,5.95,6.59,12555256,176804816.00
2013-03-12,6.62,6.73,6.24,6.54,13660770,195491360.00
2013-03-13,6.11,6.23,5.85,5.85,9557667,126336016.00
2013-03-14,5.46,5.72,5.39,5.54,8892512,110957928.00
2013-03-15,5.49,5.57,5.33,5.33,6749081,82401720.00
2013-03-18,5.23,5.38,5.21,5.23,3955655,47099456.00
2013-03-19,5.28,5.31,5.15,5.31,3825744,45204400.00
2013-03-20,5.33,5.44,5.26,5.43,3986866,48159252.00
2013-03-21,5.44,5.57,5.37,5.54,5032553,61918768.00
2013-03-22,5.54,5.55,5.34,5.39,4032329,49334544.00
2013-03-25,5.34,5.40,5.19,5.24,3292264,39070104.00
2013-03-26,5.20,5.32,5.07,5.30,3121694,36496032.00
2013-03-27,5.27,5.34,5.23,5.25,2018219,24011762.00
2013-03-28,5.22,5.22,4.90,4.92,3043755,34664384.00
2013-03-29,4.96,5.02,4.82,4.82,2270633,25297182.00
2013-04-01,4.77,4.97,4.73,4.95,1777869,19691170.00
2013-04-02,4.94,5.01,4.84,4.86,1292522,14416397.00
2013-04-03,4.89,5.00,4.81,4.94,1699998,18976418.00
2013-04-08,4.86,4.88,4.70,4.86,1783806,19418256.00
2013-04-09,4.86,5.07,4.86,5.03,2040704,22918054.00
2013-04-10,5.12,5.12,4.89,4.96,2064472,23372806.00
2013-04-11,4.94,5.04,4.86,4.86,1283490,14271495.00
2013-04-12,4.86,4.89,4.73,4.73,1247589,13558864.00
2013-04-15,4.74,4.74,4.55,4.61,1534576,16130188.00
2013-04-16,4.55,4.71,4.52,4.68,1030763,10875689.00
2013-04-17,4.67,4.72,4.62,4.70,1051868,11178041.00
2013-04-18,4.65,4.84,4.64,4.84,1851301,20074248.00
2013-04-19,4.82,4.93,4.80,4.89,1859636,20596092.00
2013-04-22,4.79,4.93,4.79,4.92,1387458,15301001.00
2013-04-23,4.89,4.89,4.52,4.55,2958715,31273508.00
2013-04-24,4.54,4.65,4.53,4.62,1635602,17099828.00
2013-04-25,4.61,4.61,4.45,4.45,1708009,17563444.00
2013-04-26,4.45,4.54,4.41,4.43,973323,9912462.00
2013-05-02,4.42,4.47,4.33,4.46,612919,6187513.50
2013-05-03,4.50,4.59,4.46,4.53,1136894,11782582.00
2013-05-06,4.57,4.66,4.53,4.61,1282827,13448860.00
2013-05-07,4.61,4.88,4.61,4.87,3245643,35162192.00
2013-05-08,4.90,4.90,4.76,4.87,2273738,24854968.00
2013-05-09,4.82,4.95,4.79,4.92,2313250,25551992.00
2013-05-10,4.90,4.95,4.80,4.89,1870574,20679758.00
2013-05-13,4.88,4.93,4.82,4.85,1267370,13980925.00
2013-05-14,4.84,5.07,4.81,5.03,3672427,41358104.00
2013-05-15,4.97,5.23,4.97,5.23,4278453,49514880.00
2013-05-16,5.21,5.36,5.12,5.19,3687726,43069260.00
2013-05-17,5.17,5.27,5.12,5.24,2261148,26259556.00
2013-05-20,5.25,5.55,5.24,5.42,4295639,51675432.00
2013-05-21,5.43,5.58,5.33,5.53,4106170,49625344.00
2013-05-22,5.50,5.50,5.23,5.25,3897872,46424740.00
2013-05-23,5.17,5.19,5.02,5.05,3818076,43390132.00
2013-05-24,5.05,5.23,5.04,5.18,2295661,26300554.00
2013-05-27,5.16,5.28,5.15,5.28,2213096,25744108.00
2013-05-28,5.33,5.33,5.14,5.20,2097407,24363476.00
2013-05-29,5.21,5.28,5.12,5.28,2498466,28944580.00
2013-05-30,5.24,5.33,5.21,5.28,2040019,23979422.00
2013-05-31,5.28,5.34,5.21,5.27,1805163,21239728.00
2013-06-03,5.26,5.30,5.16,5.16,1499749,17460848.00
2013-06-04,5.23,5.23,4.83,4.87,2440626,27009180.00
2013-06-05,4.90,4.92,4.69,4.80,1539345,16512056.00
2013-06-06,4.74,4.80,4.64,4.64,1133701,11994924.00
2013-06-07,4.63,4.71,4.53,4.63,1163293,12046309.00
2013-06-13,4.59,4.59,4.40,4.47,902339,9033497.00
2013-06-14,4.50,4.60,4.48,4.57,806586,8238483.50
2013-06-17,4.64,4.91,4.64,4.81,2797769,30052370.00
2013-06-18,4.83,4.97,4.80,4.80,2041347,22212050.00
2013-06-19,4.78,4.90,4.69,4.90,1652436,17689630.00
2013-06-20,4.83,4.94,4.64,4.64,1423626,15355480.00
2013-06-21,4.54,4.59,4.30,4.53,1256473,12615699.00
2013-06-24,4.53,4.62,4.22,4.27,1309553,13081850.00
2013-06-25,4.19,4.30,3.89,4.28,1648415,15336386.00
2013-06-26,4.29,4.40,4.20,4.39,1420812,13792382.00
2013-06-27,4.38,4.42,4.13,4.14,1627393,15807890.00
2013-06-28,4.04,4.23,4.02,4.10,1155924,10727462.00
2013-07-01,4.07,4.40,4.06,4.23,815937,7719816.50
2013-07-02,4.25,4.31,4.18,4.30,1043691,10016709.00
2013-07-03,4.30,4.30,4.09,4.27,1046914,9966641.00
2013-07-04,4.23,4.42,4.17,4.33,1673114,16235978.00
2013-07-05,4.30,4.36,4.23,4.24,1141015,11085450.00
2013-07-08,4.21,4.21,3.88,3.92,1143591,10437027.00
2013-07-09,3.92,3.98,3.90,3.94,722630,6453659.50
2013-07-10,4.01,4.10,3.92,4.09,1091795,9926786.00
2013-07-11,4.11,4.28,4.09,4.23,1200407,11392623.00
2013-07-12,4.24,4.30,4.17,4.20,904323,8622997.00
2013-07-15,4.24,4.32,4.20,4.31,1152329,11088766.00
2013-07-16,4.42,4.63,4.42,4.62,3615001,36749876.00
2013-07-17,4.59,4.66,4.50,4.52,2239471,22949846.00
2013-07-19,4.63,4.67,4.50,4.50,2218974,22749186.00
2013-07-22,4.39,4.50,4.38,4.50,1552372,15535437.00
2013-07-23,4.52,4.76,4.52,4.73,1796379,18644650.00
2013-07-24,4.73,4.81,4.62,4.78,1670963,17634368.00
2013-07-25,4.69,4.78,4.62,4.64,1636209,17183822.00
2013-07-26,4.55,4.67,4.53,4.59,776245,8001211.50
2013-07-29,4.66,4.90,4.65,4.74,2724650,29174978.00
2013-07-30,4.69,4.75,4.45,4.64,1594366,16458359.00
2013-07-31,4.61,4.69,4.57,4.63,972202,10061587.00
2013-08-01,4.63,4.81,4.59,4.77,1704208,18110736.00
2013-08-02,4.80,5.07,4.78,4.95,2901837,32078108.00
2013-08-05,4.93,5.08,4.91,4.99,1632632,18215852.00
2013-08-06,5.00,5.00,4.88,4.95,1559315,17249958.00
2013-08-07,4.96,5.37,4.93,5.22,5108120,59273188.00
2013-08-08,5.20,5.25,5.06,5.20,2048706,23567858.00
2013-08-09,5.35,5.49,5.13,5.27,2902940,34236652.00
2013-08-12,5.27,5.30,5.15,5.22,1885343,21860422.00
2013-08-13,5.22,5.23,5.08,5.17,1685191,19302160.00
2013-08-14,5.17,5.19,5.09,5.11,1581584,18070452.00
2013-08-15,5.11,5.28,5.11,5.24,2408207,27924138.00
2013-08-16,5.20,5.24,4.88,4.92,2304609,26112168.00
2013-08-19,4.88,5.13,4.80,5.06,1617653,18122134.00
2013-08-20,5.02,5.14,4.99,5.03,934032,10522746.00
2013-08-21,5.02,5.06,4.95,5.05,902466,10070507.00
2013-08-22,5.01,5.23,5.01,5.15,2032921,23215354.00
2013-08-23,5.23,5.30,4.69,5.11,2372612,27025996.00
2013-08-26,5.09,5.24,5.09,5.23,1772396,20449764.00
2013-08-27,5.22,5.23,5.12,5.20,1271683,14661968.00
2013-08-28,5.14,5.15,4.98,5.04,1646427,18564490.00
2013-08-29,5.03,5.07,4.91,4.99,1440718,16051208.00
2013-08-30,4.98,5.14,4.93,5.05,1926819,21659276.00
2013-09-02,5.40,5.59,5.40,5.59,6030113,74497624.00
2013-09-03,5.79,6.04,5.68,5.76,12849006,166462512.00
2013-09-04,5.65,6.23,5.60,6.00,9776010,127247776.00
2013-09-05,5.87,6.25,5.81,5.89,7645906,101651176.00
2013-09-06,5.83,6.00,5.81,5.86,4487520,58339564.00
2013-09-09,5.83,5.88,5.68,5.81,3650094,46646456.00
2013-09-10,5.81,6.04,5.78,6.03,4294511,56315968.00
2013-09-11,6.03,6.11,5.71,5.77,3630864,46869616.00
2013-09-12,5.72,5.81,5.56,5.68,2708126,34007344.00
2013-09-13,5.58,5.71,5.56,5.64,1924589,23981192.00
2013-09-16,5.66,5.80,5.60,5.80,1852714,23543208.00
2013-09-17,5.78,5.82,5.59,5.59,1578893,19876384.00
2013-09-18,5.59,5.87,5.54,5.86,2504402,31750710.00
2013-09-23,5.90,6.09,5.79,6.02,3367399,44322184.00
2013-09-24,6.01,6.02,5.85,5.98,2474937,32516106.00
2013-09-25,5.95,6.22,5.94,6.07,3398319,45622592.00
2013-09-26,6.02,6.06,5.76,5.78,2117765,27621930.00
2013-09-27,5.84,6.10,5.80,6.05,2468532,32662666.00
2013-09-30,6.17,6.44,6.16,6.19,3560659,49548036.00
2013-10-08,6.13,6.49,6.02,6.47,4228665,59294216.00
2013-10-09,6.47,6.49,6.30,6.47,2450168,34531556.00
2013-10-10,6.37,6.61,6.26,6.40,2892207,41052812.00
2013-10-11,6.40,6.50,6.32,6.45,2242642,31673532.00
2013-10-14,6.49,6.49,6.26,6.36,2240216,31302776.00
2013-10-15,6.35,6.36,6.10,6.21,2062627,28208100.00
2013-10-16,6.15,6.19,6.04,6.05,1727481,23213748.00
2013-10-17,6.07,6.24,5.92,5.94,1657763,22345090.00
2013-10-18,5.90,6.10,5.90,6.00,1235686,16385434.00
2013-10-21,6.04,6.42,6.00,6.38,2411444,33250128.00
2013-10-22,6.36,7.05,6.36,7.05,8957652,134693088.00
2013-10-23,7.16,7.69,7.09,7.46,8305826,134054480.00
2013-10-24,7.38,7.68,7.16,7.37,5238765,85081128.00
2013-10-25,7.28,7.64,7.11,7.18,4874945,79213384.00
2013-10-28,7.21,7.42,6.80,7.07,5149715,80219176.00
2013-10-29,7.07,7.60,6.75,7.38,5478569,87219560.00
2013-10-30,7.31,7.81,6.96,7.67,6149965,99034840.00
2013-10-31,7.50,8.47,7.50,7.96,10351899,180207040.00
2013-11-01,7.96,8.32,7.30,8.24,5586511,96791080.00
2013-11-04,8.15,8.57,7.78,7.80,6398791,113487592.00
2013-11-05,7.74,8.04,7.60,7.69,6345830,107767112.00
2013-11-06,7.69,8.20,7.62,8.09,4898118,85133696.00
2013-11-07,8.02,8.03,7.69,7.73,2663265,45611404.00
2013-11-08,7.68,7.68,7.21,7.45,3025518,49195060.00
2013-11-11,7.44,7.74,7.31,7.54,1881009,30906446.00
2013-11-12,7.57,8.01,7.57,7.96,3425921,58645236.00
2013-11-13,7.86,7.90,7.40,7.57,2626025,44001688.00
2013-11-14,7.50,7.77,7.41,7.72,1514279,25151580.00
2013-11-15,7.70,8.30,7.70,7.88,3616241,62829812.00
2013-11-18,7.76,8.30,7.76,8.26,3303376,58170132.00
2013-11-19,8.26,8.43,8.07,8.30,2716832,48774320.00
2013-11-20,8.30,8.47,8.23,8.46,1893611,34490868.00
2013-11-21,8.46,9.12,8.26,9.03,4103585,78263048.00
2013-11-22,9.06,9.14,8.83,8.95,2371759,46294304.00
2013-11-25,8.88,9.05,8.54,8.83,1965621,37588360.00
2013-11-26,8.79,8.91,8.60,8.74,2219997,42036016.00
2013-11-27,8.76,8.95,8.70,8.80,1994929,38235948.00
2013-11-28,8.80,8.90,8.60,8.89,2237663,42563740.00
2013-11-29,8.89,9.20,8.73,9.11,2615198,51165192.00
2013-12-02,8.73,8.92,8.20,8.34,3176554,59337984.00
2013-12-03,8.30,8.80,8.30,8.72,1353587,25245422.00
2013-12-04,8.70,8.76,8.35,8.43,2515960,46698544.00
2013-12-05,8.26,8.58,8.26,8.37,1655281,30437678.00
2013-12-06,8.35,8.53,8.27,8.39,1155268,21237068.00
2013-12-09,8.39,8.44,8.22,8.30,1942589,35173196.00
2013-12-10,8.31,8.38,7.93,7.97,1895367,33407696.00
2013-12-11,7.88,8.14,7.88,8.04,794920,13935064.00
2013-12-12,8.11,8.38,7.95,8.26,1158210,20785584.00
2013-12-13,8.14,8.42,8.14,8.27,740484,13423962.00
2013-12-16,8.19,8.45,8.16,8.33,799442,14486069.00
2013-12-17,8.33,8.41,8.20,8.31,762191,13809259.00
2013-12-18,8.30,8.35,8.09,8.11,670904,12037368.00
2013-12-19,8.07,8.16,7.64,7.73,1726329,29359450.00
2013-12-20,7.63,8.04,7.63,7.77,744737,12768281.00
2013-12-23,7.78,7.92,7.55,7.68,1165158,19709196.00
2013-12-24,7.77,8.00,7.77,7.95,758862,13058056.00
2013-12-25,7.96,8.47,7.92,8.47,1391262,25089962.00
2013-12-26,8.47,8.54,8.20,8.34,1000611,18212780.00
2013-12-27,8.55,8.73,8.36,8.69,1938019,36434836.00
2014-01-02,8.74,8.78,8.40,8.67,2909657,54782488.00
2014-01-03,8.68,9.49,8.67,9.19,4192110,83331416.00
2014-01-06,9.23,9.92,9.21,9.78,4372221,91425680.00
2014-01-07,9.59,10.49,9.46,10.35,5500018,120988976.00
2014-01-08,10.24,10.50,10.01,10.34,3530582,77863952.00
2014-01-09,10.20,10.97,10.20,10.50,3442314,78871416.00
2014-01-10,10.63,10.76,10.33,10.61,1715306,39077016.00
2014-01-13,10.55,11.14,10.31,10.66,2517885,58685732.00
2014-01-14,10.55,10.95,10.40,10.74,1993310,46012724.00
2014-01-15,10.70,11.21,10.52,11.19,2160224,51054188.00
2014-01-16,11.11,11.25,10.96,11.01,1596587,38114052.00
2014-01-17,11.08,11.19,10.83,11.01,1259539,30129022.00
2014-01-20,10.97,11.01,10.43,10.64,1354208,31419152.00
2014-01-21,10.64,10.64,10.43,10.63,822784,18751258.00
2014-01-22,10.58,11.73,10.58,11.73,3683053,90070968.00
2014-01-23,11.73,12.76,11.72,12.54,3839540,102154080.00
2014-01-24,12.45,12.61,12.26,12.44,3817986,102473280.00
2014-01-27,12.40,13.07,12.33,12.97,2528447,69721520.00
2014-01-28,13.11,13.11,12.69,12.79,962546,26659068.00
2014-01-29,12.67,13.09,12.67,12.97,1179088,32735610.00
2014-01-30,13.34,13.77,13.02,13.77,1166186,33258878.00
2014-02-07,13.45,13.77,13.30,13.72,856878,24889598.00
2014-02-10,13.73,14.06,13.57,13.92,1620829,48246940.00
2014-02-11,14.06,14.91,13.69,14.91,2421299,74547632.00
2014-02-12,14.92,16.14,14.50,15.07,3618022,118060592.00
2014-02-13,15.06,15.68,14.69,15.16,2022437,65943300.00
2014-02-14,15.07,15.83,14.98,15.82,1376834,45543628.00
2014-02-17,15.87,16.35,15.54,16.30,1779145,60546516.00
2014-02-18,16.07,17.97,16.07,17.97,3463914,127763336.00
2014-02-19,18.19,18.50,17.02,17.78,2189103,83059600.00
2014-02-20,17.55,18.45,17.10,17.26,1911459,72465024.00
2014-02-21,17.11,18.07,17.11,17.97,2166843,82447224.00
2014-02-24,18.04,18.14,16.14,16.59,4989149,175655376.00
2014-02-25,16.31,16.38,14.90,15.42,4555433,153439696.00
2014-02-26,15.33,15.64,14.16,15.64,4275700,135155040.00
2014-02-27,15.24,16.16,14.04,14.04,7940600,259446000.00
2014-02-28,13.50,13.91,12.82,13.52,8578426,243772768.00
2014-03-03,13.30,14.16,13.26,14.02,3894619,115045016.00
2014-03-04,13.80,13.88,12.64,13.19,7806372,220814464.00
2014-03-05,13.21,13.30,12.58,13.28,7959817,222183184.00
2014-03-06,13.09,14.11,12.88,13.65,7943098,230736240.00
2014-03-07,13.63,13.73,13.21,13.63,3331584,96271160.00
2014-03-10,13.45,13.48,12.44,12.59,2832856,78783240.00
2014-03-11,12.60,12.97,12.45,12.93,2233551,61060396.00
2014-03-12,12.88,12.97,11.61,11.70,6056419,156345360.00
2014-03-13,11.59,11.85,11.48,11.85,3953616,99306808.00
2014-03-14,11.80,11.99,11.59,11.61,2082265,52897512.00
2014-03-17,11.78,12.69,11.57,12.47,3917791,102975864.00
2014-03-18,12.44,12.92,12.34,12.73,3556050,97424088.00
2014-03-19,12.78,13.12,12.50,12.78,3059437,84127624.00
2014-03-20,12.77,12.95,11.80,12.16,2286140,62412400.00
2014-03-21,11.90,12.19,11.22,12.19,3251328,81636688.00
2014-03-24,12.00,12.30,11.61,11.78,2310951,59140604.00
2014-03-25,11.74,12.15,11.60,12.15,1739933,44512080.00
2014-03-26,12.16,12.41,12.03,12.38,1980574,52216452.00
2014-03-27,12.47,12.47,11.73,11.79,1798204,46309352.00
2014-03-28,11.78,11.82,11.04,11.16,2074525,50385092.00
2014-03-31,11.00,11.19,10.75,11.16,1695019,40260160.00
2014-04-01,11.47,11.52,11.00,11.28,3112667,75292456.00
2014-04-02,11.26,11.42,11.11,11.27,1413139,34409272.00
2014-04-03,11.29,11.64,11.07,11.48,2301936,56729796.00
2014-04-04,11.45,12.04,11.35,12.04,1872972,47352988.00
2014-04-08,11.91,12.05,11.73,11.92,1376877,35310532.00
2014-04-09,11.92,12.30,11.87,11.92,2319078,60155588.00
2014-04-10,11.94,13.15,11.69,13.15,9675694,188317536.00
2014-04-11,13.33,13.33,12.40,12.62,6559576,128053272.00
2014-04-14,12.54,12.59,11.70,11.86,10791419,197582656.00
2014-04-15,11.91,11.95,11.50,11.78,6082251,109071448.00
2014-04-16,11.67,11.89,11.49,11.73,4077459,73232400.00
2014-04-17,11.74,11.84,11.49,11.73,3028819,54242792.00
2014-04-18,11.61,11.73,11.53,11.64,2383456,42509668.00
2014-04-21,11.62,11.90,11.55,11.61,3074414,55387160.00
2014-04-22,11.53,11.63,10.51,10.87,5473230,92196536.00
2014-04-23,10.83,10.87,10.25,10.35,5310126,85692776.00
2014-04-24,10.27,10.33,9.88,10.18,4464276,69697456.00
2014-04-25,10.12,10.45,10.10,10.16,4141828,65621652.00
2014-04-28,10.23,10.29,9.55,9.55,3135393,47519132.00
2014-04-29,9.61,9.76,9.45,9.73,2234478,33084966.00
2014-04-30,9.73,10.06,9.61,9.96,2259470,34326960.00
2014-05-05,9.95,10.24,9.69,10.15,2627723,40303244.00
2014-05-06,10.15,10.35,10.08,10.20,3392923,53475512.00
2014-05-07,10.25,10.38,10.04,10.09,3322174,52235948.00
2014-05-08,9.97,10.17,9.77,9.84,2717795,41675856.00
2014-05-09,9.91,9.91,9.40,9.54,2936349,43377444.00
2014-05-12,9.59,10.03,9.53,10.02,3450736,51787136.00
2014-05-13,10.00,10.19,9.92,10.03,2516819,39015064.00
2014-05-14,10.07,10.29,9.94,10.11,2189589,34138548.00
2014-05-15,10.07,10.07,9.47,9.60,3076162,46112344.00
2014-05-16,9.55,9.77,9.41,9.73,1583532,23360844.00
2014-05-19,9.68,9.68,9.44,9.51,1330773,19586914.00
2014-05-20,9.61,9.86,9.47,9.51,2336606,34640504.00
2014-05-21,9.53,9.81,9.32,9.79,2230205,33246350.00
2014-05-22,9.80,10.29,9.74,10.00,4427037,68643008.00
2014-05-23,9.99,10.33,9.93,10.29,3148064,48989184.00
2014-05-26,10.34,10.63,10.34,10.49,5370976,86790392.00
2014-05-27,10.45,10.53,10.29,10.33,2729898,43759488.00
2014-05-28,10.19,10.59,10.19,10.57,4714451,75543624.00
2014-05-29,10.53,10.57,9.91,10.08,5724200,89655184.00
2014-05-30,10.10,10.10,9.83,9.97,3019603,46203240.00
2014-06-03,9.93,10.09,9.80,9.95,2446700,37566572.00
2014-06-04,9.87,9.89,9.57,9.73,2494215,37242252.00
2014-06-05,9.73,10.07,9.63,10.06,3071482,46875972.00
2014-06-06,10.07,10.10,9.77,9.90,2218705,33938372.00
2014-06-09,9.90,10.07,9.74,9.77,2153463,32969364.00
2014-06-10,9.82,10.20,9.69,10.10,3748700,57669820.00
2014-06-11,10.02,10.40,10.02,10.33,4912328,77250712.00
2014-06-12,10.46,10.46,10.15,10.23,3017254,47561808.00
2014-06-13,10.16,10.75,10.16,10.69,7284085,118147032.00
2014-06-16,10.69,10.97,10.54,10.92,6804451,112492096.00
2014-06-17,10.79,11.17,10.78,11.11,7518812,127030288.00
2014-06-18,11.07,11.27,10.77,10.87,4904250,82757528.00
2014-06-19,10.86,10.93,10.23,10.29,4095368,66462708.00
2014-06-20,10.27,10.57,10.17,10.53,2234356,35841072.00
2014-06-23,10.55,10.84,10.52,10.67,2696193,44401908.00
2014-06-24,10.68,10.74,10.51,10.59,2286617,37283584.00
2014-06-25,10.63,10.67,10.29,10.38,2808211,45076012.00
2014-06-26,10.40,10.78,10.40,10.74,3414345,55961720.00
2014-06-27,10.72,11.17,10.63,11.07,4721112,79652720.00
2014-06-30,11.11,11.25,10.98,11.17,4524066,77302768.00
2014-07-01,11.37,11.83,11.33,11.63,8251315,147284704.00
2014-07-02,11.69,11.70,11.40,11.60,5038520,89270800.00
2014-07-03,11.59,11.82,11.43,11.81,6859554,122237512.00
2014-07-04,11.73,11.79,11.40,11.45,4931069,87986848.00
2014-07-07,11.45,11.45,11.23,11.33,2490713,43279676.00
2014-07-08,11.30,11.67,11.27,11.65,3252296,57353676.00
2014-07-09,11.60,11.79,11.07,11.08,5074192,89047320.00
2014-07-10,11.14,11.32,11.04,11.13,2860724,49148824.00
2014-07-11,11.12,11.50,11.07,11.47,3556986,61690708.00
2014-07-14,11.70,12.60,11.63,12.31,13506756,251341760.00
2014-07-15,12.32,13.05,12.20,12.95,14342300,280888384.00
2014-07-16,12.99,13.68,12.60,12.83,14101428,283438048.00
2014-07-17,12.83,12.83,12.25,12.41,8307151,158454528.00
2014-07-18,12.29,12.92,12.21,12.65,6916938,134184304.00
2014-07-21,12.67,12.89,12.33,12.51,5732641,111232912.00
2014-07-22,12.53,13.62,12.53,13.53,13205404,268198528.00
2014-07-23,13.35,13.49,12.98,13.19,9311495,188102704.00
2014-07-24,13.13,13.30,12.67,12.74,6169357,121278632.00
2014-07-25,12.83,12.84,12.49,12.55,4396605,84899568.00
2014-07-28,12.57,12.83,12.27,12.82,7100482,136293808.00
2014-07-29,12.75,13.11,12.52,12.76,7833495,153694160.00
2014-07-30,12.72,13.00,12.48,12.78,5376635,104810816.00
2014-07-31,12.79,13.31,12.79,13.17,8564545,172607280.00
2014-08-01,13.17,13.25,12.52,12.62,6458623,127569912.00
2014-08-04,12.63,12.81,12.51,12.72,4302870,83314520.00
2014-08-05,12.79,12.79,12.54,12.67,3776253,72919048.00
2014-08-06,12.68,13.13,12.61,13.09,6596329,130605080.00
2014-08-07,13.23,13.37,12.74,12.75,5762522,114546352.00
2014-08-08,12.75,12.86,12.57,12.64,4477862,86757592.00
2014-08-11,12.69,13.19,12.63,13.01,5822199,115228104.00
2014-08-12,13.01,13.01,12.70,12.87,5893285,115619416.00
2014-08-13,12.88,12.88,12.53,12.69,4511419,87653152.00
2014-08-14,13.07,13.33,12.83,12.87,9945681,198894976.00
2014-08-15,12.79,12.93,12.57,12.83,5724292,111902960.00
2014-08-18,12.88,13.38,12.80,13.37,10380262,208424544.00
2014-08-19,13.40,13.51,13.19,13.51,9498276,194263632.00
2014-08-20,13.57,14.86,13.46,14.40,15936195,346643072.00
2014-08-21,14.39,14.39,13.95,14.26,7466726,161662192.00
2014-08-22,14.20,14.81,14.07,14.59,7786136,172972688.00
2014-08-25,14.63,14.63,13.85,13.91,7639637,165317104.00
2014-08-26,13.92,14.04,13.41,13.47,5820611,121965344.00
2014-08-27,13.60,13.83,13.47,13.58,3863721,80372960.00
2014-08-28,13.51,13.57,13.19,13.23,4504019,91821256.00
2014-08-29,13.24,13.40,13.03,13.39,3830907,77270144.00
2014-09-01,13.44,13.65,13.39,13.59,4394074,90915136.00
2014-09-02,13.67,13.86,13.51,13.85,7075942,148358832.00
2014-09-03,13.92,13.97,13.67,13.94,6586800,139528432.00
2014-09-04,13.90,14.18,13.77,14.05,6124634,131392696.00
2014-09-05,14.13,14.19,13.71,13.96,6371287,135515648.00
2014-09-09,14.10,14.18,13.90,13.97,4671056,99937088.00
2014-09-10,13.98,14.00,13.65,13.76,5964096,125558952.00
2014-09-11,13.77,13.97,13.45,13.56,7037235,147345776.00
2014-09-12,13.53,13.88,13.43,13.85,5956125,125152464.00
2014-09-15,13.87,14.07,13.81,13.93,5040494,107346536.00
2014-09-16,13.97,14.03,13.10,13.13,6553291,135247008.00
2014-09-17,13.01,13.32,12.96,13.19,3704056,74202640.00
2014-09-18,13.21,13.22,13.03,13.10,2293483,45974828.00
2014-09-19,13.10,13.26,13.05,13.18,2680606,54076256.00
2014-09-22,13.19,13.30,12.93,13.10,3352146,67364880.00
2014-09-23,13.07,13.19,13.07,13.15,2235669,44938932.00
2014-09-24,13.15,13.59,13.10,13.56,5415799,111476776.00
2014-09-25,13.62,14.01,13.58,13.63,7935746,167598640.00
2014-09-26,13.69,13.85,13.50,13.55,3031626,63346600.00
2014-09-29,13.53,13.83,13.53,13.65,2920871,61203152.00
2014-09-30,13.65,13.97,13.59,13.86,4023841,84692760.00
2014-10-08,13.89,14.05,13.85,13.97,4636622,98964616.00
2014-10-09,14.13,14.13,13.67,13.75,6617109,140452768.00
2014-10-10,13.77,13.84,13.45,13.48,4301080,89476552.00
2014-10-13,13.49,13.50,13.00,13.33,3010897,60981644.00
2014-10-14,13.33,13.54,13.20,13.40,2807305,57628992.00
2014-10-15,13.40,13.45,12.87,12.97,6041496,120620184.00
2014-10-16,13.00,13.00,12.73,12.78,3840085,75364592.00
2014-10-17,12.71,12.78,12.07,12.10,6145713,115704944.00
2014-10-20,12.13,12.37,12.10,12.27,3443313,64674512.00
2014-10-21,12.32,12.44,12.25,12.39,2831619,53606580.00
2014-10-22,12.41,12.42,12.09,12.17,2520977,47554428.00
2014-10-23,12.27,12.45,12.13,12.27,2685709,50605456.00
2014-10-24,12.32,12.44,12.20,12.43,2283801,43260640.00
2014-10-27,12.43,12.53,12.33,12.47,2262760,43184512.00
2014-10-28,12.37,12.70,12.37,12.67,2750484,53155608.00
2014-10-29,12.73,12.81,12.65,12.79,3405037,66352728.00
2014-10-30,12.79,12.85,12.49,12.51,3883297,75278280.00
2014-10-31,12.62,12.69,12.27,12.43,3114365,59295388.00
2014-11-03,12.43,12.55,12.26,12.55,2231681,42644872.00
2014-11-04,12.56,12.59,12.27,12.31,2464104,46769672.00
2014-11-05,12.31,12.42,12.20,12.33,2386790,45042044.00
2014-11-06,12.43,12.70,12.34,12.68,5324555,102798880.00
2014-11-07,12.80,12.80,12.32,12.59,3826082,73438640.00
2014-11-10,12.59,12.59,12.34,12.41,2264814,43033280.00
2014-11-11,12.41,12.47,11.58,11.61,4755635,87129928.00
2014-11-12,11.59,11.82,11.56,11.80,1441633,25999064.00
2014-11-13,11.81,11.82,11.20,11.28,4929667,86005960.00
2014-11-14,11.28,11.35,11.24,11.30,1531823,26557198.00
2014-11-17,11.32,11.51,11.31,11.45,1974851,34692008.00
2014-11-18,11.45,11.54,11.33,11.42,1633793,28656456.00
2014-11-19,11.45,11.64,11.45,11.57,1915147,34005020.00
2014-11-20,11.47,11.60,11.47,11.49,1181682,20924382.00
2014-11-21,11.57,11.67,11.50,11.63,1675006,29780360.00
2014-11-24,11.82,11.99,11.76,11.80,2981292,54241712.00
2014-11-25,11.80,12.03,11.77,12.02,2629414,48291432.00
2014-11-26,12.13,12.25,12.07,12.17,3057023,56921120.00
2014-11-27,12.18,12.19,11.97,12.05,3332713,61574616.00
2014-11-28,12.05,12.05,11.71,11.77,4493447,81493384.00
2014-12-01,11.78,11.85,11.40,11.49,3353145,59446712.00
2014-12-02,11.49,11.66,11.48,11.55,4332789,76782872.00
2014-12-03,11.53,11.71,11.32,11.70,5316723,93465768.00
2014-12-04,11.71,11.91,11.61,11.82,4786928,86642392.00
2014-12-05,11.83,11.93,11.35,11.47,4551947,80919440.00
2014-12-08,11.45,11.45,11.13,11.20,5405275,93334184.00
2014-12-09,11.20,11.32,10.59,10.59,5291844,88977584.00
2014-12-10,10.59,10.98,10.41,10.92,3511830,57916416.00
2014-12-11,10.90,11.17,10.80,11.11,3069065,51748792.00
2014-12-12,11.17,11.21,11.01,11.13,2442336,41610180.00
2014-12-15,11.13,11.33,11.00,11.27,2543256,43823112.00
2014-12-16,11.27,11.30,11.01,11.03,2680022,45666008.00
2014-12-17,11.02,11.02,10.67,10.73,2836529,46912584.00
2014-12-18,10.72,10.88,10.65,10.71,1793235,29667572.00
2014-12-19,10.71,10.71,10.41,10.47,2743588,44262608.00
2014-12-22,10.47,10.47,9.83,9.86,3701579,56950164.00
2014-12-23,9.87,10.09,9.85,9.91,1535855,23556018.00
2014-12-24,10.01,10.09,9.91,10.07,3151782,48531968.00
2014-12-25,10.07,10.13,10.01,10.07,2257127,34978024.00
2014-12-26,10.07,10.11,9.92,9.93,3065288,47026352.00
2014-12-29,9.92,9.97,9.59,9.81,3338797,50267468.00
2014-12-30,9.81,9.93,9.73,9.80,2183505,33069428.00
2014-12-31,9.80,10.45,9.77,10.41,5470327,85419416.00
2015-01-05,10.42,10.46,10.07,10.29,4240461,66772832.00
2015-01-06,10.27,10.57,10.15,10.53,3451116,55286344.00
2015-01-07,10.47,10.69,10.36,10.37,4683578,75939104.00
2015-01-08,10.31,10.50,10.31,10.33,2033858,32462780.00
2015-01-09,10.33,10.49,10.30,10.31,2349284,37663016.00
2015-01-12,10.32,10.51,10.27,10.40,3016778,48296556.00
2015-01-13,10.42,10.69,10.34,10.69,4737850,76875640.00
2015-01-14,10.73,11.09,10.73,10.83,7159203,120151784.00
2015-01-15,10.87,11.02,10.74,10.77,3458203,57746600.00
2015-01-16,10.75,10.99,10.73,10.87,3542054,59373628.00
2015-01-19,10.71,11.11,10.53,10.68,4537184,75448528.00
2015-01-20,10.73,11.07,10.69,11.07,4283822,72014640.00
2015-01-21,11.13,11.26,11.07,11.19,5330907,91397648.00
2015-01-22,11.19,11.25,11.10,11.25,4025711,69141200.00
2015-01-23,11.26,11.29,10.92,11.00,4286173,73175832.00
2015-01-26,10.99,11.24,10.96,11.23,2969742,50954964.00
2015-01-27,11.24,11.28,11.07,11.19,2750348,47149540.00
2015-01-28,11.20,11.43,11.13,11.38,5185589,90299376.00
2015-01-29,11.30,11.43,11.21,11.27,2752105,47720752.00
2015-01-30,11.23,11.32,10.87,10.91,3299801,55988488.00
2015-02-02,10.91,10.91,10.59,10.62,2900049,47615112.00
2015-02-03,10.61,10.89,10.59,10.82,3597102,59282880.00
2015-02-04,10.82,10.92,10.73,10.73,1955886,32546160.00
2015-02-05,10.79,10.89,10.72,10.73,2475153,41062336.00
2015-02-06,10.73,10.79,10.29,10.34,2683820,43393296.00
2015-02-09,10.37,10.42,10.23,10.40,1376652,21853618.00
2015-02-10,10.43,10.51,10.29,10.49,1136668,18190022.00
2015-02-11,10.50,10.73,10.50,10.63,1596133,26121668.00
2015-02-12,10.64,10.89,10.64,10.89,2097196,34848936.00
2015-02-13,11.05,11.23,11.05,11.12,4184660,71632184.00
2015-02-16,11.19,11.41,11.11,11.41,4578524,79286984.00
2015-02-17,11.46,11.52,11.20,11.36,3344003,58508172.00
2015-02-25,11.43,11.49,11.18,11.19,3464532,60321612.00
2015-02-26,11.19,11.67,11.10,11.61,5664287,99234720.00
2015-02-27,11.79,12.80,11.79,12.80,21227741,407178336.00
2015-03-02,13.07,13.55,12.74,13.30,24022040,482497024.00
2015-03-03,13.32,13.32,12.93,13.07,12023421,240649088.00
2015-03-04,12.99,13.40,12.89,13.23,9920330,199781328.00
2015-03-05,13.19,13.50,12.93,13.47,10923902,221532160.00
2015-03-06,13.48,14.00,12.95,12.98,11672426,241727968.00
2015-03-09,12.92,12.92,12.47,12.83,4988643,97365024.00
2015-03-10,12.94,13.44,12.94,13.28,7374873,149256560.00
2015-03-11,13.53,13.59,13.06,13.29,6122048,124351112.00
2015-03-12,13.29,13.37,12.72,12.87,6735378,133457240.00
2015-03-13,12.99,13.05,12.74,12.98,4105451,81221672.00
2015-03-16,13.00,13.62,12.99,13.49,8463317,172977760.00
2015-03-17,13.69,14.12,13.49,14.03,12897599,272359936.00
2015-03-18,13.87,14.01,13.65,13.98,11074319,234458784.00
2015-03-19,13.98,14.59,13.82,14.15,11409349,248100592.00
2015-03-20,14.19,14.55,14.01,14.33,8487151,185846368.00
2015-03-23,14.33,14.97,14.29,14.86,10399067,233425280.00
2015-03-24,14.88,15.17,14.05,15.07,12107220,271470880.00
2015-03-25,14.99,16.39,14.60,15.81,12705568,295643936.00
2015-03-26,15.69,16.19,15.41,15.56,13765234,333330816.00
2015-03-27,15.53,16.05,15.45,15.79,6536126,157248704.00
2015-03-30,15.77,16.03,15.53,15.85,6290142,151789920.00
2015-03-31,15.99,15.99,15.47,15.60,7041762,168578352.00
2015-04-01,15.67,17.07,15.61,16.75,11644406,292563968.00
2015-04-02,16.90,18.19,16.90,17.17,14782508,390398592.00
2015-04-03,16.99,18.91,16.66,18.91,14723199,408082560.00
2015-04-07,19.40,20.60,18.93,20.09,12601505,379357984.00
2015-04-08,19.86,20.31,18.47,19.38,10180120,299465760.00
2015-04-09,19.39,19.39,17.56,18.43,7788588,216158640.00
2015-04-10,18.31,19.20,18.15,18.81,5365880,153667840.00
2015-04-13,18.79,20.07,18.60,19.27,6885232,203255440.00
2015-04-14,19.60,19.60,18.54,18.70,5938972,170312416.00
2015-04-15,18.72,18.85,16.92,17.23,11409227,302556512.00
2015-04-16,16.92,17.80,16.21,16.99,5601610,145966752.00
2015-04-17,17.15,17.53,16.85,16.85,6829398,178765744.00
2015-04-20,16.90,17.29,16.41,16.42,5946528,152226256.00
2015-04-21,16.41,17.20,16.37,17.15,7127255,181757664.00
2015-04-22,17.33,18.11,17.20,18.02,9585613,257379280.00
2015-04-23,17.87,18.03,17.50,17.70,7331110,197830128.00
2015-04-24,17.34,17.63,17.05,17.47,4960375,131158880.00
2015-04-27,17.59,17.71,17.20,17.27,5732891,152411184.00
2015-04-28,17.39,17.39,15.90,16.10,7764828,195080352.00
2015-04-29,15.95,17.05,15.67,17.00,7715976,193282528.00
2015-04-30,16.85,17.92,16.80,17.72,10948311,293081568.00
2015-05-04,17.77,18.50,17.62,18.33,8138689,224949760.00
2015-05-05,18.33,18.35,17.27,17.49,6257263,169803632.00
2015-05-06,17.86,18.73,17.85,17.97,7378085,206374240.00
2015-05-07,18.03,18.50,17.50,18.23,5321365,146939712.00
2015-05-08,18.32,19.17,18.29,19.15,8023592,226907168.00
2015-05-11,19.40,20.48,19.40,20.07,10825818,328006208.00
2015-05-12,20.43,20.47,19.43,19.77,6683329,200041456.00
2015-05-13,19.66,20.85,19.33,20.51,7682199,234524880.00
2015-05-14,20.50,21.09,20.09,20.13,6144635,190693264.00
2015-05-15,20.03,20.03,18.57,19.10,8642135,250129648.00
2015-05-18,19.09,19.78,19.02,19.13,7656554,223768352.00
2015-05-19,19.15,21.07,19.15,21.07,9022657,282695360.00
2015-05-20,22.13,23.19,22.03,23.19,10302684,357262560.00
2015-05-21,23.82,25.45,22.50,24.63,15870737,577633856.00
2015-05-22,24.63,25.27,23.83,24.38,8444915,311647136.00
2015-05-25,23.70,26.55,23.49,26.48,10285711,394238336.00
2015-05-26,26.87,28.82,26.48,28.02,9692655,407369152.00
2015-05-27,27.97,29.03,27.10,28.17,6274969,267293408.00
2015-05-28,27.84,28.06,25.33,25.33,9383695,372781664.00
2015-05-29,24.90,27.89,23.03,27.43,11760785,464588896.00
2015-06-01,26.83,29.11,26.83,28.43,8846242,376713120.00
2015-06-02,28.15,31.29,27.57,31.29,9162146,404993664.00
2015-06-03,31.17,32.75,29.80,30.77,8414374,397028832.00
2015-06-04,30.49,32.37,28.17,30.50,5851211,269143296.00
2015-06-05,31.33,32.17,30.20,31.85,6750372,320588448.00
2015-06-08,31.82,31.83,28.65,29.16,8750546,386566848.00
2015-06-09,29.16,29.16,26.51,26.83,6950351,290868896.00
2015-06-10,27.23,29.53,27.17,29.53,7789386,337043776.00
2015-06-11,30.50,32.51,29.91,32.51,11402185,549855232.00
2015-06-12,33.43,35.57,31.83,33.97,11743911,590696896.00
2015-06-15,33.33,33.50,30.71,31.73,12461167,596115968.00
2015-06-16,31.30,31.30,29.00,29.60,7858464,351983648.00
2015-06-17,30.10,31.23,27.83,29.77,8241529,366844736.00
2015-06-18,29.23,29.80,26.77,27.18,8866967,377302240.00
2015-06-19,26.50,27.50,25.83,25.83,4956677,199467408.00
2015-06-23,26.20,26.73,23.26,26.01,5000735,191146160.00
2015-06-24,26.50,26.83,25.18,25.93,5655819,221979232.00
2015-06-25,25.46,26.09,23.74,24.11,6655122,248527664.00
2015-06-26,23.24,23.24,21.68,21.68,4836814,163009200.00
2015-06-29,21.69,22.08,19.49,19.49,6544043,197529824.00
2015-06-30,17.73,20.83,17.53,20.54,9214191,264851168.00
2015-07-01,20.03,21.16,18.47,18.47,9512895,286806240.00
2015-07-02,16.73,18.09,16.61,16.61,6993886,179665744.00
2015-07-03,15.76,16.93,14.93,14.93,8491873,197244880.00
2015-07-06,16.10,16.27,13.42,13.42,11418492,250365840.00
2015-08-11,14.78,14.78,14.78,14.78,25003,560567.25
2015-08-12,16.27,16.27,16.27,16.27,49602,1223185.38
2015-08-13,17.92,17.92,17.92,17.92,3378322,91653872.00
2015-08-14,19.17,19.73,18.95,19.73,24306779,713728960.00
2015-08-17,20.02,20.02,19.03,19.32,16484667,485325184.00
2015-08-18,19.69,21.09,18.77,19.69,21038832,640889728.00
2015-08-19,18.51,20.42,17.70,20.04,13970523,401108416.00
2015-08-20,19.87,19.87,18.44,18.44,8644289,252077328.00
2015-08-21,18.15,18.30,16.75,16.83,8247295,219345984.00
2015-08-24,16.08,16.22,15.13,15.13,5399937,125302384.00
2015-08-25,13.61,14.03,13.61,13.61,6323627,131149256.00
2015-08-26,13.17,13.95,12.23,12.23,15706592,305056960.00
2015-08-27,12.23,12.73,11.31,12.70,13181494,245906672.00
2015-08-28,13.13,13.83,12.59,13.82,14443315,286037728.00
2015-08-31,13.50,13.50,12.71,12.71,9522278,188728608.00
2015-09-01,12.47,12.47,11.42,11.42,9903228,175106976.00
2015-09-02,10.79,11.96,10.51,10.91,8351971,143515088.00
2015-09-07,11.19,11.90,11.19,11.61,7536525,132491664.00
2015-09-08,11.44,12.79,11.39,12.77,9064721,165516736.00
2015-09-09,12.89,13.63,12.83,13.43,12247581,247708512.00
2015-09-10,13.13,13.43,12.94,13.03,6702721,133743080.00
2015-09-11,13.10,13.55,12.97,13.38,6929779,139634032.00
2015-09-14,13.43,13.43,12.03,12.03,7130827,137568272.00
2015-09-15,11.33,11.60,10.81,10.81,9537209,161042096.00
2015-09-16,10.85,11.91,10.80,11.91,8026303,138692608.00
2015-09-17,11.90,13.11,11.77,12.51,16374240,316797792.00
2015-09-18,12.74,13.20,12.37,12.90,10827519,209909056.00
2015-09-21,12.63,14.17,12.44,14.10,12917795,262782848.00
2015-09-22,14.03,14.99,13.92,14.81,15071331,330012576.00
2015-09-23,14.45,15.47,14.25,14.59,13106331,293622176.00
2015-09-24,15.03,15.83,14.47,14.63,11279005,256436448.00
2015-09-25,14.43,15.20,13.50,14.23,12692791,274234688.00
2015-09-28,14.20,15.27,13.83,15.26,9878963,219629328.00
2015-09-29,14.84,15.54,14.70,15.09,9572967,219244944.00
2015-09-30,15.23,15.37,14.43,15.01,7257901,163511744.00
2015-10-08,15.77,16.53,15.57,16.53,10065345,248252672.00
2015-10-09,16.61,17.50,16.24,16.63,17728927,451236512.00
2015-10-12,16.91,17.83,16.80,17.28,15601001,411975936.00
2015-10-13,17.17,18.48,16.83,18.46,14536989,391427584.00
2015-10-14,18.50,19.47,17.87,18.34,17932632,504351904.00
2015-10-15,17.87,18.83,17.85,18.51,13085391,363090272.00
2015-10-16,18.63,19.53,18.42,18.66,15204181,435265280.00
2015-10-19,18.50,19.09,17.83,18.83,15398881,428070304.00
2015-10-20,18.50,18.75,18.17,18.59,8780513,246053520.00
2015-10-21,18.57,19.36,17.17,17.71,16074697,446570848.00
2015-10-22,17.50,18.50,17.25,18.35,8823742,239762352.00
2015-10-23,18.57,20.17,18.23,19.55,15683977,454251872.00
2015-10-26,19.87,19.91,18.77,19.20,11338062,330035712.00
2015-10-27,18.98,19.15,17.65,18.85,8654213,242224864.00
2015-10-28,18.99,20.42,18.77,18.83,12839472,380506880.00
2015-10-29,19.19,19.83,19.10,19.37,10346991,303703936.00
2015-10-30,19.38,20.37,18.51,19.42,10742046,317567904.00
2015-11-02,18.89,19.50,18.38,18.55,8952801,255918880.00
2015-11-03,18.69,18.92,18.07,18.23,5029121,140533120.00
2015-11-04,18.43,19.41,18.31,19.37,7914095,227204208.00
2015-11-05,19.37,20.73,19.17,20.38,13433107,405321376.00
2015-11-06,20.49,21.03,20.27,20.60,10705159,333812064.00
2015-11-09,20.37,21.67,19.91,21.53,11752568,372441440.00
2015-11-10,21.17,22.19,20.91,21.45,8894340,289762496.00
2015-11-11,21.71,22.39,21.23,22.09,8805556,291174592.00
2015-11-12,22.49,24.32,22.17,24.01,18056272,635469376.00
2015-11-13,23.83,25.63,22.62,23.87,15982870,588019072.00
2015-11-16,22.83,24.29,22.65,24.05,7443037,264934672.00
2015-11-17,24.27,24.93,23.15,23.17,7291987,264605872.00
2015-11-18,23.30,24.42,22.96,23.16,8242494,296341472.00
2015-11-19,23.33,23.62,22.37,23.49,8493689,296053856.00
2015-11-20,23.43,23.69,22.89,23.19,7013879,246385824.00
2015-11-23,23.28,24.47,22.97,23.78,7628573,273252992.00
2015-11-24,23.78,23.83,23.00,23.51,4144595,145907104.00
2015-11-25,23.37,24.16,23.21,24.03,5169012,186238224.00
2015-11-26,24.36,24.89,23.61,24.27,7029064,259004032.00
2015-11-27,23.85,24.21,21.83,21.83,8148902,281868576.00
2015-11-30,21.41,22.56,20.01,22.18,5793569,186566496.00
2015-12-01,21.92,22.20,21.44,22.10,3405275,112605232.00
2015-12-02,22.03,22.83,21.50,22.35,3420971,115425616.00
2015-12-03,22.37,22.79,22.11,22.70,3019733,102535256.00
2015-12-04,22.70,22.99,21.83,22.01,3066455,103958080.00
2015-12-07,22.03,22.27,21.64,21.90,3351017,110634800.00
2015-12-08,21.70,21.91,21.09,21.11,2844315,91951368.00
2015-12-09,20.90,21.73,20.75,21.39,3360857,108616992.00
2015-12-10,21.39,21.49,20.69,20.75,3116984,98875160.00
2015-12-11,20.57,21.06,20.51,20.89,2003678,62921292.00
2015-12-14,20.77,21.49,20.63,21.44,2034618,64584516.00
2015-12-15,21.42,21.95,21.31,21.36,2958614,96739872.00
2015-12-16,21.39,22.09,21.39,21.93,3253895,107253800.00
2015-12-17,22.30,24.13,22.17,24.13,11185791,402150016.00
2015-12-18,24.49,24.73,23.50,24.06,9719403,353618624.00
2015-12-21,23.83,24.23,23.53,23.99,4766568,172161056.00
2015-12-22,23.85,24.48,23.83,24.11,4878883,177864512.00
2015-12-23,23.97,23.99,23.27,23.42,4237637,150789472.00
2015-12-24,23.26,23.83,22.99,23.64,2858522,101323552.00
2015-12-25,23.83,24.30,23.65,23.77,3324946,120416872.00
2015-12-28,23.57,24.13,22.47,22.49,4626189,162780448.00
2015-12-29,22.64,23.30,22.51,23.21,3587077,124360784.00
2015-12-30,23.20,24.11,22.84,24.10,5508571,196437728.00
2015-12-31,24.16,24.23,23.31,23.37,3780854,135333568.00
2016-01-04,23.30,23.30,21.01,21.01,4029053,132419840.00
2016-01-05,19.83,21.02,18.97,20.73,5772391,174702320.00
2016-01-06,20.76,21.01,19.50,20.37,4672916,142605376.00
2016-01-07,19.84,19.92,18.31,18.31,1284900,36771604.00
2016-01-08,18.87,19.15,16.77,18.20,5138022,139630400.00
2016-01-11,17.49,17.83,16.37,16.37,5207187,132679232.00
2016-01-12,16.30,16.88,15.09,16.37,4458391,108749488.00
2016-01-13,16.41,16.75,15.13,15.29,4056346,98408008.00
2016-01-14,14.63,16.43,14.51,16.20,4012166,94749872.00
2016-01-15,15.87,16.63,15.70,15.88,3823499,93649536.00
2016-01-18,15.54,17.03,15.27,16.66,4522426,112475848.00
2016-01-19,17.01,17.76,16.17,17.53,5226855,133269544.00
2016-01-20,17.83,19.29,17.83,18.63,12646667,361983872.00
2016-01-21,18.30,19.02,17.17,17.34,9028481,249767696.00
2016-01-22,17.63,19.09,17.41,19.09,8695928,240466528.00
2016-01-25,19.63,19.69,18.56,18.90,7540678,217683200.00
2016-01-26,18.50,19.36,17.50,17.70,8008567,225861376.00
2016-01-27,17.83,18.42,16.50,18.37,7395531,198110944.00
2016-01-28,17.89,18.23,16.55,16.90,5659770,150158848.00
2016-01-29,16.91,18.17,16.62,17.75,5353545,141593328.00
2016-02-01,17.63,18.32,17.30,17.73,4711720,127418064.00
2016-02-02,17.73,18.82,17.61,18.81,6201809,172712992.00
2016-02-03,18.51,19.17,18.15,19.00,4815047,135195920.00
2016-02-04,19.03,19.55,18.91,19.09,5183063,150562608.00
2016-02-05,19.03,19.28,18.35,18.39,4055727,115281640.00
2016-02-15,17.80,18.67,17.52,18.49,3148350,86160368.00
2016-02-16,18.63,20.29,18.63,19.74,5658645,166781776.00
2016-02-17,19.75,20.20,19.14,19.95,4907298,146508976.00
2016-02-18,20.10,20.10,19.50,19.50,4303308,128426904.00
2016-02-19,19.37,20.36,19.23,20.03,5343184,161473024.00
2016-02-22,20.50,20.83,19.98,20.52,6281196,193842688.00
2016-02-23,20.49,20.77,20.09,20.67,4527446,139880208.00
2016-02-24,20.46,20.66,19.66,20.40,4729629,144364832.00
2016-02-25,20.75,21.02,18.35,18.50,8538037,253635488.00
2016-02-26,18.90,19.09,18.17,18.65,5644129,159540944.00
2016-02-29,18.52,18.52,16.77,16.77,5002789,129450840.00
2016-03-01,16.77,17.30,15.51,16.81,5793642,145298048.00
2016-03-02,16.70,17.83,16.41,17.74,5201734,135088576.00
2016-03-03,17.75,18.40,17.61,17.85,4961162,134867072.00
2016-03-04,17.77,17.80,16.49,16.58,4562930,118018432.00
2016-03-07,16.80,17.44,16.80,17.03,2558046,66398508.00
2016-03-08,17.03,17.43,15.45,17.33,3625989,91371776.00
2016-03-09,17.05,18.17,16.81,17.61,5623184,151315984.00
2016-03-10,17.56,17.91,17.17,17.28,3008003,79853488.00
2016-03-11,16.97,17.27,16.50,16.97,2493533,64039160.00
2016-03-14,17.37,18.17,17.35,17.87,4994358,134716976.00
2016-03-15,17.83,18.49,17.70,17.95,5463756,149736832.00
2016-03-16,18.03,18.29,17.29,17.70,5034671,136521504.00
2016-03-17,17.71,18.89,17.71,18.77,6372775,178284752.00
2016-03-18,19.03,20.66,19.03,20.66,8183839,251729824.00
2016-03-21,21.70,22.15,21.03,21.63,11183504,364812160.00
2016-03-22,21.42,22.66,21.19,22.29,7665339,255860544.00
2016-03-23,22.10,22.31,21.44,22.25,6584454,217705840.00
2016-03-24,21.95,23.29,21.49,22.37,9151388,309250880.00
2016-03-25,22.37,23.08,22.03,22.45,5573305,189481424.00
2016-03-28,22.50,22.62,21.37,21.47,8919347,296741792.00
2016-03-29,21.80,21.90,20.43,20.80,6333269,202753280.00
2016-03-30,21.07,22.83,21.07,22.74,7943432,262930656.00
2016-03-31,22.57,23.14,21.83,22.17,6697792,228531616.00
2016-04-01,22.09,22.69,21.23,22.43,6896028,227806896.00
2016-04-05,22.70,24.69,22.70,24.69,10049943,366319776.00
2016-04-06,25.50,26.41,25.20,26.05,17624272,684220992.00
2016-04-07,26.03,27.35,25.37,26.15,14971446,594059840.00
2016-04-08,25.57,27.23,25.31,26.50,12010898,476938560.00
2016-04-11,26.43,27.17,26.15,26.35,9594344,384652192.00
2016-04-12,25.83,26.16,24.52,25.57,10270421,392064544.00
2016-04-13,25.45,26.51,25.35,25.64,7901827,308448864.00
2016-04-14,25.70,26.45,25.42,26.00,5902247,232444048.00
2016-04-15,25.99,26.09,25.17,25.61,4732670,182443200.00
2016-04-18,25.20,26.29,24.75,25.82,5887232,225816816.00
2016-04-19,26.16,26.72,25.57,25.70,7145772,282795424.00
2016-04-20,25.90,26.16,23.11,23.14,11256585,411160160.00
2016-04-21,23.24,23.56,22.43,22.51,5677920,198066640.00
2016-04-22,22.83,23.73,22.57,23.63,5841959,204400160.00
2016-04-25,23.33,24.28,22.67,23.73,5666622,200752624.00
2016-04-26,23.62,24.19,23.32,24.03,4841698,173648912.00
2016-04-27,24.19,24.43,23.71,24.01,5674675,206490080.00
2016-04-28,23.89,23.89,22.61,23.59,6740163,156371376.00
2016-04-29,23.16,24.26,23.02,23.65,7663980,182020608.00
2016-05-03,23.75,25.29,23.60,25.15,12050959,298315424.00
2016-05-04,25.10,25.60,24.70,24.80,10911277,274279520.00
2016-05-05,24.48,24.98,24.48,24.83,6868315,169915664.00
2016-05-06,24.73,25.36,23.08,23.48,13261761,321884736.00
2016-05-09,22.88,23.00,21.51,21.88,7946767,177340128.00
2016-05-10,21.85,22.87,21.70,22.12,7384809,164964752.00
2016-05-11,22.35,22.60,21.90,21.96,5150399,114524264.00
2016-05-12,21.48,23.10,21.12,22.77,7138283,159223376.00
2016-05-13,22.65,23.30,22.42,22.97,7812859,179176896.00
2016-05-16,22.68,23.39,22.52,23.35,6993749,160757232.00
2016-05-17,23.29,23.79,22.77,22.84,9175618,213242704.00
2016-05-18,22.50,22.50,20.74,21.00,10450452,226267312.00
2016-05-19,21.20,21.47,20.90,21.00,8601577,182788400.00
2016-05-20,21.06,21.50,20.81,21.45,6321966,134523392.00
2016-05-23,21.47,22.27,21.47,22.18,7818080,172199792.00
2016-05-24,21.94,22.17,21.38,21.57,6384201,138033152.00
2016-05-25,21.95,22.17,21.45,21.57,6409150,140142624.00
2016-05-26,21.57,22.05,20.80,22.05,6976859,149146192.00
2016-05-27,22.06,22.35,21.75,21.82,5310460,116820304.00
2016-05-30,21.60,22.19,21.20,21.89,4780401,104535224.00
2016-05-31,21.96,23.33,21.85,23.30,9558226,217814544.00
2016-06-01,23.35,24.13,23.35,23.49,9458384,224530112.00
2016-06-02,23.49,24.16,23.47,23.91,7547379,180034528.00
2016-06-03,23.90,24.18,23.60,23.94,7623858,182356320.00
2016-06-06,24.20,24.28,23.61,23.79,5956271,141953536.00
2016-06-07,24.00,25.22,23.64,24.87,11482418,280657568.00
2016-06-08,24.78,24.96,24.30,24.39,8825764,216055264.00
2016-06-13,23.80,24.06,22.50,22.53,9555172,224486144.00
2016-06-14,22.60,22.80,22.01,22.57,4557471,102126216.00
2016-06-15,22.29,24.40,22.06,24.38,10510716,250359504.00
2016-06-16,24.30,26.20,24.06,25.18,16583383,418283104.00
2016-06-17,25.60,26.00,24.52,25.05,12681505,320182176.00
2016-06-20,25.14,25.70,24.64,24.70,11798554,294984832.00
2016-06-21,25.08,25.55,23.91,24.10,12259536,305465120.00
2016-06-22,24.03,25.40,23.56,25.26,9624303,235843824.00
2016-06-23,25.23,25.48,24.61,24.80,8543387,213724512.00
2016-06-24,24.77,25.06,23.33,24.55,12101534,294860896.00
2016-06-27,24.44,25.45,24.30,25.21,9300931,233251536.00
2016-06-28,25.21,25.35,24.66,25.23,8275882,207317488.00
2016-06-29,25.38,25.78,24.95,25.13,7358078,186114480.00
2016-06-30,25.03,25.20,24.60,24.88,6310985,156549520.00
2016-07-01,24.84,25.22,24.66,24.78,5265666,131197232.00
2016-07-04,24.45,25.16,24.45,24.95,5632538,140211824.00
2016-07-05,24.99,25.14,24.57,24.95,5450678,135349488.00
2016-07-06,24.71,24.90,24.39,24.58,5747369,141308528.00
2016-07-07,24.47,24.60,23.70,24.03,9659262,232190272.00
2016-07-08,24.09,24.33,23.91,24.03,5128240,123514704.00
2016-07-11,24.07,24.25,23.66,23.78,5739492,137548848.00
2016-07-12,23.66,23.95,23.20,23.69,6401348,150878992.00
2016-07-13,23.80,24.08,23.71,23.96,6212233,148517712.00
2016-07-14,23.89,24.27,23.89,24.21,6596713,159256624.00
2016-07-15,24.27,24.27,23.72,23.80,5154967,123091880.00
2016-07-18,23.71,23.71,22.90,23.15,6096607,141824080.00
2016-07-19,23.06,23.40,23.02,23.36,4044615,93804136.00
2016-07-20,23.35,24.18,23.35,23.70,7098683,169632160.00
2016-07-21,23.75,23.90,23.52,23.66,4482947,106386088.00
2016-07-22,23.79,23.79,23.40,23.43,3500975,82608816.00
2016-07-25,23.52,23.91,23.40,23.60,4596676,108928080.00
2016-07-26,23.60,24.05,23.60,24.03,4850223,115659896.00
2016-07-27,24.03,24.17,22.08,22.40,9310258,214069920.00
2016-07-28,22.32,22.65,21.64,21.91,5279524,116623504.00
2016-07-29,21.91,22.22,21.82,22.08,3365229,74208304.00
2016-08-01,21.89,21.96,21.30,21.89,2787227,60366492.00
2016-08-02,21.89,22.08,21.40,21.72,3264840,70752936.00
2016-08-03,21.72,21.77,21.32,21.53,2603033,56046956.00
2016-08-04,21.49,21.76,21.36,21.74,2503616,54140224.00
2016-08-05,21.73,21.75,21.41,21.47,2293592,49417360.00
2016-08-08,21.20,21.58,21.18,21.51,3542346,75787840.00
2016-08-09,21.62,21.87,21.60,21.85,3774202,82023264.00
2016-08-10,21.87,21.93,21.65,21.78,2621779,57035016.00
2016-08-11,21.75,21.75,21.20,21.23,4020227,85819152.00
2016-08-12,21.17,21.49,21.16,21.47,2493737,53174640.00
2016-08-15,21.55,22.11,21.35,21.95,4279803,93378440.00
2016-08-16,21.95,22.19,21.84,21.97,3374687,74359208.00
2016-08-17,22.07,22.13,21.84,22.10,2902388,63861236.00
2016-08-18,22.01,22.15,22.00,22.11,3178134,70194936.00
2016-08-19,22.10,22.75,22.10,22.46,6278147,141159072.00
2016-08-22,22.53,22.55,21.88,21.90,3803065,84317248.00
2016-08-23,21.88,22.02,21.80,21.98,2747199,60200752.00
2016-08-24,22.02,22.34,21.88,21.99,2581799,56952948.00
2016-08-25,21.90,21.90,21.23,21.56,3267023,70135056.00
2016-08-26,21.65,21.90,21.52,21.71,3128194,68096392.00
2016-08-29,21.81,21.88,21.58,21.65,1796412,38945980.00
2016-08-30,21.68,21.85,21.50,21.84,2700714,58602824.00
2016-08-31,21.85,21.93,21.65,21.86,1938850,42309704.00
2016-09-01,21.86,22.09,21.71,21.71,2843536,62337772.00
2016-09-02,21.62,21.85,21.42,21.67,1861602,40312720.00
2016-09-05,21.80,21.98,21.59,21.67,2653602,57899780.00
2016-09-06,21.67,22.18,21.51,22.09,3583089,78486296.00
2016-09-07,22.03,22.38,22.03,22.25,4593315,102081792.00
2016-09-08,22.20,22.44,22.06,22.18,2602595,57886024.00
2016-09-09,22.24,22.33,21.75,21.75,3025851,66550212.00
2016-09-12,21.00,21.53,20.91,21.20,3736381,79380824.00
2016-09-13,21.42,21.67,21.36,21.62,2576819,55508736.00
2016-09-14,21.50,22.03,21.43,21.78,2631816,57396768.00
2016-09-19,21.85,22.05,21.65,21.92,2775716,60606540.00
2016-09-20,21.96,21.99,21.71,21.76,1555876,33925736.00
2016-09-21,21.75,21.86,21.64,21.69,1517606,32985844.00
2016-09-22,21.86,22.02,21.76,21.91,3370968,73911808.00
2016-09-23,21.96,21.96,21.55,21.66,2224498,48208032.00
2016-09-26,21.66,21.66,20.80,20.82,3055302,64564512.00
2016-09-27,20.72,20.99,20.70,20.97,1678685,34955188.00
2016-09-28,21.13,21.13,20.80,20.85,1075481,22496948.00
2016-09-29,20.95,20.95,20.73,20.75,1760800,36641100.00
2016-09-30,20.67,20.97,20.67,20.91,1396140,29138762.00
2016-10-10,21.16,21.50,20.99,21.42,2225981,47377244.00
2016-10-11,21.40,21.64,21.32,21.39,2659687,57206568.00
2016-10-12,21.35,21.35,21.20,21.31,1585114,33728536.00
2016-10-13,21.29,21.46,21.23,21.36,1512296,32290178.00
2016-10-14,21.45,21.56,21.20,21.54,2144205,45962024.00
2016-10-17,21.50,21.55,21.01,21.12,2169568,46217584.00
2016-10-18,21.12,21.62,21.02,21.57,4291294,92016840.00
2016-10-19,21.60,21.77,21.32,21.40,3466858,74674912.00
2016-10-20,21.40,21.60,21.32,21.39,2328524,49952944.00
2016-10-21,21.36,21.48,21.10,21.29,2369765,50359140.00
2016-10-24,21.29,21.56,21.22,21.41,2442824,52413076.00
2016-10-25,21.40,21.85,21.38,21.67,4137331,89730584.00
2016-10-26,21.69,21.82,21.56,21.77,2498490,54185788.00
2016-10-27,21.64,21.81,21.50,21.73,2059569,44593148.00
2016-10-28,21.68,21.78,21.30,21.33,3033088,65004016.00
2016-10-31,21.20,21.35,21.01,21.25,2590859,54860376.00
2016-11-01,21.25,21.38,21.10,21.36,3002568,63790284.00
2016-11-02,21.34,21.34,20.99,21.19,3309896,69934952.00
2016-11-03,21.14,21.52,21.03,21.29,3562716,76027784.00
2016-11-04,21.30,21.45,21.05,21.13,1997159,42338176.00
2016-11-07,21.15,21.31,21.01,21.06,1714923,36335128.00
2016-11-08,21.16,21.26,21.06,21.12,1524203,32263684.00
2016-11-09,21.10,21.18,20.71,20.86,2814992,58983632.00
2016-11-10,21.05,21.19,21.02,21.16,2140392,45222636.00
2016-11-11,21.15,21.21,20.98,21.17,2602318,54927688.00
2016-11-14,21.18,21.46,21.11,21.42,3910862,83331336.00
2016-11-15,21.38,21.46,21.25,21.46,2326091,49645424.00
2016-11-16,21.40,21.60,21.36,21.60,3862927,83057536.00
2016-11-17,21.61,21.96,21.43,21.70,7170437,155924224.00
2016-11-18,21.72,21.95,21.65,21.69,5361867,116994768.00
2016-11-21,21.64,21.93,21.55,21.77,3139276,68168704.00
2016-11-22,21.73,21.77,21.53,21.68,2430011,52618408.00
2016-11-23,21.76,22.35,21.76,22.00,6388681,141079488.00
2016-11-24,22.00,22.34,21.84,22.25,4911454,108595256.00
2016-11-25,22.16,22.28,21.68,22.03,3876464,85186016.00
2016-11-28,22.05,22.55,22.03,22.49,4430600,99049880.00
数据来源:通达信
