300085 银之杰 日线 前复权
      日期	    开盘	    最高	    最低	    收盘	    成交量	    成交额
2011-10-10,1.96,2.01,1.94,1.96,336130,3600461.25
2011-10-11,2.02,2.04,1.95,1.97,483287,5242694.00
2011-10-12,1.97,2.06,1.94,2.06,706429,7781526.50
2011-10-13,2.05,2.14,2.04,2.13,1154246,13251477.00
2011-10-14,2.12,2.21,2.10,2.15,1466259,17276266.00
2011-10-17,2.13,2.15,2.11,2.15,1041441,12043404.00
2011-10-18,2.12,2.18,2.07,2.07,1099431,12779467.00
2011-10-19,2.09,2.10,2.03,2.05,717448,8088493.00
2011-10-20,2.04,2.05,1.92,1.99,989184,10685837.00
2011-10-21,1.99,2.01,1.90,1.90,533478,5667277.00
2011-10-24,1.88,1.93,1.85,1.92,799493,8265574.50
2011-10-25,1.89,1.98,1.88,1.98,2511077,26721900.00
2011-10-26,1.96,2.18,1.95,2.18,4463065,50639072.00
2011-10-27,2.23,2.24,2.09,2.11,4470505,52036836.00
2011-10-28,2.13,2.17,2.09,2.16,3197756,37085392.00
2011-10-31,2.14,2.27,2.14,2.21,3376051,40402476.00
2011-11-01,2.18,2.25,2.16,2.22,2825807,33930496.00
2011-11-02,2.18,2.37,2.14,2.32,4509980,55502180.00
2011-11-03,2.32,2.50,2.27,2.28,5126851,65634184.00
2011-11-04,2.31,2.45,2.27,2.39,5071318,65230556.00
2011-11-07,2.36,2.43,2.32,2.38,2753823,35401212.00
2011-11-08,2.39,2.43,2.28,2.28,2832606,36169736.00
2011-11-09,2.29,2.52,2.29,2.52,6501536,85711656.00
2011-11-10,2.56,2.78,2.53,2.71,14454642,209506656.00
2011-11-11,2.64,2.71,2.59,2.65,7849393,111798496.00
2011-11-14,2.66,2.69,2.62,2.69,5607782,80624184.00
2011-11-15,2.69,2.69,2.57,2.64,4563706,64672236.00
2011-11-16,2.64,2.64,2.49,2.51,4619069,63557320.00
2011-11-17,2.52,2.56,2.46,2.46,4886240,66303988.00
2011-11-18,2.44,2.44,2.36,2.37,3796716,49160928.00
2011-11-21,2.35,2.42,2.33,2.38,2749030,35450700.00
2011-11-22,2.35,2.41,2.29,2.35,3319688,42192256.00
2011-11-23,2.34,2.37,2.24,2.28,3033408,37940420.00
2011-11-24,2.25,2.31,2.24,2.29,2516776,31040120.00
2011-11-25,2.28,2.31,2.19,2.19,2626262,32087008.00
2011-11-28,2.22,2.23,2.15,2.17,2074492,24509214.00
2011-11-29,2.21,2.23,2.17,2.22,2328347,27753854.00
2011-11-30,2.21,2.33,2.03,2.08,6165465,74394432.00
2011-12-01,2.16,2.20,2.11,2.12,3742009,43811716.00
2011-12-02,2.12,2.12,2.00,2.00,2492734,27545456.00
2011-12-05,2.02,2.02,1.92,1.93,1605298,17099428.00
2011-12-06,1.93,2.00,1.91,1.98,1744087,18676230.00
2011-12-07,1.97,2.06,1.97,2.05,2484883,27289810.00
2011-12-08,2.04,2.11,1.96,2.06,3045047,33897376.00
2011-12-09,2.01,2.07,2.00,2.03,1391243,15439394.00
2011-12-12,2.03,2.06,1.98,1.99,810433,8898140.00
2011-12-13,1.98,1.98,1.88,1.91,1699417,17798120.00
2011-12-14,1.92,1.95,1.89,1.90,1013176,10628881.00
2011-12-15,1.87,1.95,1.83,1.91,1880752,19416292.00
2011-12-16,1.90,2.04,1.88,2.03,2408508,25660540.00
2011-12-19,2.02,2.09,1.97,2.08,2827275,31166812.00
2011-12-20,2.08,2.13,2.00,2.01,2155874,24097900.00
2011-12-21,2.02,2.08,1.95,1.95,2120200,23486676.00
2011-12-22,1.92,1.98,1.81,1.90,2595998,26561920.00
2011-12-23,1.85,1.95,1.85,1.90,1890841,19658886.00
2011-12-26,1.90,1.94,1.87,1.87,1017174,10596125.00
2011-12-27,1.85,1.87,1.77,1.78,1399694,13948955.00
2011-12-28,1.77,1.79,1.67,1.74,1368809,12948117.00
2011-12-29,1.73,1.75,1.72,1.72,655422,6240146.50
2011-12-30,1.74,1.77,1.73,1.74,821774,7854896.00
2012-01-04,1.77,1.79,1.66,1.66,977145,9307389.00
2012-01-05,1.63,1.65,1.49,1.49,2288701,19639352.00
2012-01-06,1.49,1.50,1.41,1.49,1579431,12775111.00
2012-01-09,1.48,1.58,1.46,1.58,1355434,11422110.00
2012-01-10,1.58,1.65,1.56,1.64,1919243,17117722.00
2012-01-11,1.64,1.81,1.63,1.73,5109012,49534760.00
2012-01-12,1.70,1.72,1.65,1.67,3225375,29839224.00
2012-01-13,1.66,1.68,1.52,1.53,2382353,20697942.00
2012-01-16,1.51,1.52,1.46,1.46,1063302,8793163.00
2012-01-17,1.46,1.60,1.45,1.58,1741350,14777172.00
2012-01-18,1.58,1.63,1.50,1.50,1606646,13894088.00
2012-01-19,1.48,1.56,1.46,1.53,1432767,12024822.00
2012-01-20,1.51,1.56,1.51,1.56,1005975,8613252.00
2012-01-30,1.56,1.60,1.55,1.55,1052548,9108868.00
2012-01-31,1.55,1.56,1.49,1.52,951698,7965454.50
2012-02-01,1.52,1.56,1.50,1.51,777900,6577097.00
2012-02-02,1.52,1.56,1.51,1.56,884967,7529206.00
2012-02-03,1.56,1.62,1.55,1.60,1412208,12365935.00
2012-02-06,1.61,1.63,1.59,1.61,1317128,11683597.00
2012-02-07,1.61,1.61,1.53,1.55,1208924,10451084.00
2012-02-08,1.55,1.71,1.54,1.64,2982058,26850890.00
2012-02-09,1.61,1.71,1.61,1.66,2800060,25539632.00
2012-02-10,1.65,1.69,1.64,1.66,1423441,13002148.00
2012-02-13,1.65,1.71,1.62,1.69,1528235,14083431.00
2012-02-14,1.69,1.70,1.66,1.68,1239236,11433247.00
2012-02-15,1.67,1.74,1.67,1.73,2129849,20041364.00
2012-02-16,1.73,1.81,1.72,1.76,2794532,26989910.00
2012-02-17,1.77,1.77,1.68,1.72,1516911,14259560.00
2012-02-20,1.75,1.79,1.73,1.73,2112889,20380472.00
2012-02-21,1.73,1.77,1.69,1.77,1947699,18521992.00
2012-02-22,1.77,1.86,1.75,1.84,3372046,33533664.00
2012-02-23,1.84,1.94,1.80,1.86,3006211,30612346.00
2012-02-24,1.85,1.92,1.83,1.88,2738302,28068022.00
2012-02-27,1.88,1.89,1.84,1.84,2419926,24575492.00
2012-02-28,1.83,1.84,1.76,1.78,2224386,21879844.00
2012-02-29,1.78,1.80,1.75,1.75,1306252,12689108.00
2012-03-01,1.75,1.80,1.73,1.77,1171741,11391228.00
2012-03-02,1.78,1.81,1.77,1.81,1382605,13597948.00
2012-03-05,1.82,1.85,1.80,1.83,1644752,16383535.00
2012-03-06,1.83,1.86,1.80,1.86,2474852,24796938.00
2012-03-07,1.84,1.88,1.82,1.83,2083528,21101768.00
2012-03-08,1.88,1.88,1.82,1.84,1595011,16062785.00
2012-03-09,1.87,1.87,1.83,1.86,1717492,17396422.00
2012-03-12,1.86,1.88,1.85,1.88,1768758,18047402.00
2012-03-13,1.88,1.89,1.86,1.89,1513489,15524393.00
2012-03-14,1.89,1.91,1.71,1.76,2953586,29702520.00
2012-03-15,1.76,1.79,1.67,1.69,1588113,14998697.00
2012-03-16,1.69,1.74,1.69,1.74,1615104,15227371.00
2012-03-19,1.76,1.78,1.73,1.78,1221230,11814630.00
2012-03-20,1.76,1.77,1.69,1.69,1750800,16586612.00
2012-03-21,1.70,1.71,1.65,1.70,1081704,10018047.00
2012-03-22,1.69,1.71,1.68,1.69,819218,7647606.50
2012-03-23,1.67,1.69,1.63,1.65,1176458,10696196.00
2012-03-26,1.65,1.66,1.63,1.65,469673,4257710.00
2012-03-27,1.66,1.68,1.63,1.64,638310,5820012.00
2012-03-28,1.63,1.63,1.51,1.52,1412350,12140030.00
2012-03-29,1.52,1.53,1.47,1.48,844595,7024463.00
2012-03-30,1.48,1.51,1.47,1.48,552449,4532946.50
2012-04-05,1.48,1.53,1.48,1.53,672170,5625310.00
2012-04-06,1.53,1.56,1.51,1.55,796806,6773112.50
2012-04-09,1.54,1.54,1.52,1.52,724680,6126149.00
2012-04-11,1.54,1.58,1.52,1.57,1450738,12459197.00
2012-04-12,1.56,1.60,1.55,1.60,1283387,11161594.00
2012-04-13,1.62,1.67,1.61,1.61,1538076,13824531.00
2012-04-16,1.59,1.63,1.58,1.61,869932,7675041.50
2012-04-17,1.60,1.62,1.56,1.56,910609,7968938.00
2012-04-18,1.57,1.62,1.56,1.61,992940,8707900.00
2012-04-19,1.61,1.63,1.60,1.61,795476,7063733.00
2012-04-20,1.61,1.64,1.61,1.64,1086952,9736427.00
2012-04-23,1.63,1.64,1.51,1.51,2106088,18089150.00
2012-04-24,1.49,1.51,1.42,1.47,1571193,12786024.00
2012-04-25,1.47,1.50,1.45,1.49,804964,6612283.00
2012-04-26,1.49,1.51,1.48,1.49,536691,4436681.50
2012-04-27,1.50,1.51,1.47,1.49,490169,4055878.00
2012-05-02,1.51,1.52,1.50,1.51,932240,7770644.00
2012-05-03,1.49,1.51,1.48,1.51,687311,5704462.00
2012-05-04,1.51,1.56,1.51,1.55,1094030,9309367.00
2012-05-07,1.52,1.61,1.52,1.60,1204667,10367326.00
2012-05-08,1.60,1.62,1.57,1.59,1563835,13746803.00
2012-05-09,1.58,1.59,1.53,1.56,1266826,10929671.00
2012-05-10,1.54,1.61,1.54,1.58,1036126,9057264.00
2012-05-11,1.59,1.60,1.56,1.56,820317,7144598.50
2012-05-14,1.58,1.59,1.56,1.56,644162,5583221.00
2012-05-15,1.55,1.55,1.51,1.55,809400,6852139.00
2012-05-16,1.55,1.55,1.52,1.52,651437,5440310.00
2012-05-17,1.51,1.56,1.51,1.55,723850,6044854.50
2012-05-18,1.54,1.56,1.53,1.55,862382,7248266.50
2012-05-21,1.55,1.56,1.54,1.55,443065,3719194.75
2012-05-22,1.55,1.57,1.55,1.57,552093,4679800.00
2012-05-23,1.58,1.58,1.54,1.55,632563,5354619.00
2012-05-24,1.54,1.58,1.53,1.55,707208,5965891.00
2012-05-25,1.55,1.56,1.47,1.50,882912,7255872.00
2012-05-28,1.48,1.51,1.46,1.51,421952,3413539.00
2012-05-29,1.51,1.54,1.50,1.53,541363,4485636.00
2012-05-30,1.53,1.55,1.53,1.53,492703,4110347.25
2012-05-31,1.51,1.56,1.51,1.55,615563,5164338.00
2012-06-01,1.55,1.57,1.53,1.53,597752,5016802.50
2012-06-04,1.51,1.51,1.48,1.48,817739,6629362.00
2012-06-05,1.48,1.50,1.47,1.50,618660,4992016.50
2012-06-06,1.51,1.66,1.51,1.66,4329510,38291332.00
2012-06-07,1.69,1.73,1.65,1.72,9399577,85723216.00
2012-06-08,1.69,1.76,1.67,1.67,6325907,58266164.00
2012-06-11,1.63,1.84,1.63,1.78,8623097,81259312.00
2012-06-12,1.74,1.79,1.73,1.74,5124572,48545528.00
2012-06-13,1.73,1.78,1.69,1.78,4467472,41931332.00
2012-06-14,1.75,1.77,1.68,1.70,3992854,37155608.00
2012-06-15,1.70,1.73,1.68,1.73,2499908,23037646.00
2012-06-18,1.73,1.77,1.70,1.75,3404622,31853420.00
2012-06-19,1.73,1.74,1.69,1.70,2315365,21423670.00
2012-06-20,1.72,1.81,1.70,1.74,5216437,49453492.00
2012-06-21,1.72,1.74,1.65,1.66,3188976,28974156.00
2012-06-25,1.64,1.64,1.53,1.54,2535555,21958818.00
2012-06-26,1.54,1.59,1.51,1.57,1322946,11126956.00
2012-06-27,1.56,1.59,1.55,1.55,1065144,9070218.00
2012-06-28,1.57,1.58,1.53,1.55,1139024,9612161.00
2012-06-29,1.54,1.60,1.53,1.58,1073748,9097171.00
2012-07-02,1.58,1.62,1.58,1.59,1201849,10414970.00
2012-07-03,1.59,1.63,1.58,1.63,1692469,14800454.00
2012-07-04,1.64,1.69,1.63,1.63,2153088,19286782.00
2012-07-05,1.63,1.63,1.56,1.56,1330822,11376912.00
2012-07-06,1.57,1.59,1.52,1.59,1380452,11635257.00
2012-07-09,1.56,1.57,1.51,1.53,1111805,9328563.00
2012-07-10,1.52,1.58,1.51,1.56,909912,7629756.00
2012-07-11,1.54,1.56,1.50,1.54,718692,5961906.00
2012-07-12,1.55,1.58,1.53,1.58,1490047,12594200.00
2012-07-13,1.58,1.62,1.56,1.57,1350009,11611556.00
2012-07-16,1.57,1.57,1.47,1.50,1260819,10392011.00
2012-07-17,1.49,1.55,1.49,1.53,936040,7688435.50
2012-07-18,1.53,1.55,1.49,1.54,656996,5415269.50
2012-07-19,1.53,1.58,1.52,1.56,1057565,8938226.00
2012-07-20,1.56,1.72,1.55,1.72,3443184,31472248.00
2012-07-23,1.79,1.79,1.64,1.70,6488621,59973784.00
2012-07-24,1.66,1.72,1.64,1.70,2762749,25052702.00
2012-07-25,1.68,1.69,1.64,1.64,1578022,14222924.00
2012-07-26,1.63,1.66,1.61,1.62,1494983,13224946.00
2012-07-27,1.62,1.70,1.61,1.68,2969278,26705910.00
2012-07-30,1.67,1.69,1.54,1.55,2151849,18917168.00
2012-07-31,1.55,1.55,1.48,1.50,1364256,11142918.00
2012-08-01,1.50,1.56,1.50,1.55,1081415,8987192.00
2012-08-02,1.53,1.63,1.51,1.56,1729463,14705964.00
2012-08-03,1.56,1.61,1.53,1.59,1509648,12881057.00
2012-08-06,1.57,1.64,1.57,1.63,2324996,20315828.00
2012-08-07,1.63,1.68,1.61,1.65,2050893,18173144.00
2012-08-08,1.66,1.68,1.61,1.63,1433304,12647589.00
2012-08-09,1.64,1.66,1.61,1.65,1281431,11397224.00
2012-08-10,1.65,1.68,1.63,1.67,1554273,13806560.00
2012-08-13,1.66,1.66,1.62,1.62,958584,8492375.00
2012-08-14,1.61,1.64,1.57,1.64,1768663,15354394.00
2012-08-15,1.64,1.64,1.61,1.63,815925,7195868.50
2012-08-16,1.61,1.63,1.58,1.58,799506,6943918.50
2012-08-17,1.58,1.59,1.55,1.58,573512,4875040.50
2012-08-20,1.56,1.60,1.56,1.59,495000,4259190.50
2012-08-21,1.59,1.67,1.58,1.64,2306412,20525496.00
2012-08-22,1.65,1.69,1.63,1.65,2525549,22750040.00
2012-08-23,1.66,1.73,1.61,1.70,3452516,31241826.00
2012-08-24,1.69,1.74,1.67,1.70,3673971,33786816.00
2012-08-27,1.68,1.68,1.64,1.65,2240049,20005540.00
2012-08-28,1.64,1.67,1.62,1.66,1977451,17639300.00
2012-08-29,1.65,1.71,1.63,1.68,2209973,20083816.00
2012-08-30,1.68,1.69,1.56,1.58,1813542,15879634.00
2012-08-31,1.58,1.62,1.58,1.61,1452997,12594241.00
2012-09-03,1.60,1.66,1.59,1.65,1368860,12100564.00
2012-09-04,1.64,1.69,1.64,1.66,2131649,19219736.00
2012-09-05,1.66,1.74,1.65,1.70,3761300,34648768.00
2012-09-06,1.69,1.75,1.68,1.73,2888865,26727782.00
2012-09-07,1.74,1.77,1.72,1.74,4666448,43932908.00
2012-09-10,1.74,1.77,1.72,1.77,2658330,25139892.00
2012-09-11,1.75,1.75,1.71,1.73,1972276,18453208.00
2012-09-12,1.74,1.75,1.68,1.72,2596467,23963568.00
2012-09-13,1.72,1.80,1.70,1.74,3622939,34212304.00
2012-09-14,1.75,1.76,1.70,1.71,1938899,18124220.00
2012-09-17,1.70,1.73,1.64,1.64,1710262,15426399.00
2012-09-18,1.63,1.66,1.63,1.64,1103009,9806502.00
2012-09-19,1.66,1.70,1.64,1.68,1430818,12988301.00
2012-09-20,1.68,1.68,1.60,1.61,1306210,11510309.00
2012-09-21,1.62,1.62,1.54,1.54,1316908,11206445.00
2012-09-24,1.54,1.58,1.51,1.56,852822,7142376.00
2012-09-25,1.56,1.57,1.52,1.53,571019,4784936.50
2012-09-26,1.53,1.54,1.44,1.46,1506895,12083695.00
2012-09-27,1.47,1.52,1.46,1.50,1194366,9653618.00
2012-09-28,1.49,1.52,1.48,1.52,930515,7594308.00
2012-10-08,1.51,1.53,1.50,1.52,477954,3937161.75
2012-10-09,1.52,1.58,1.52,1.57,983267,8286531.00
2012-10-10,1.56,1.59,1.55,1.59,1047720,8932809.00
2012-10-11,1.58,1.58,1.53,1.55,1128685,9537034.00
2012-10-12,1.53,1.57,1.52,1.54,612496,5120435.50
2012-10-15,1.54,1.55,1.50,1.53,453230,3742201.75
2012-10-16,1.52,1.56,1.52,1.54,394601,3295751.75
2012-10-17,1.53,1.56,1.53,1.55,806240,6767183.00
2012-10-18,1.55,1.58,1.55,1.57,992240,8449846.00
2012-10-19,1.58,1.58,1.55,1.58,493693,4206193.50
2012-10-22,1.57,1.58,1.55,1.58,432351,3659497.25
2012-10-23,1.57,1.58,1.54,1.54,664627,5596823.00
2012-10-24,1.53,1.54,1.50,1.53,461482,3825688.50
2012-10-25,1.54,1.54,1.50,1.51,516099,4254512.00
2012-10-26,1.50,1.51,1.47,1.48,483437,3897176.75
2012-10-29,1.47,1.49,1.46,1.49,187930,1509394.00
2012-10-30,1.49,1.50,1.48,1.50,223986,1816804.00
2012-10-31,1.49,1.49,1.47,1.49,247150,1993109.50
2012-11-01,1.50,1.52,1.50,1.51,327621,2689164.50
2012-11-02,1.51,1.52,1.50,1.52,336360,2764307.50
2012-11-05,1.52,1.52,1.48,1.50,218200,1784621.00
2012-11-06,1.49,1.50,1.46,1.48,406689,3267327.50
2012-11-07,1.49,1.50,1.48,1.50,305318,2470489.50
2012-11-08,1.49,1.50,1.45,1.45,477746,3818459.25
2012-11-09,1.45,1.47,1.42,1.43,397526,3127102.75
2012-11-12,1.44,1.46,1.43,1.45,738999,5805237.50
2012-11-13,1.45,1.45,1.38,1.39,971200,7505340.50
2012-11-14,1.39,1.41,1.36,1.38,961187,7207700.50
2012-11-15,1.37,1.37,1.31,1.32,774617,5649289.50
2012-11-16,1.31,1.35,1.30,1.34,622630,4513654.00
2012-11-19,1.33,1.35,1.32,1.34,198170,1446838.75
2012-11-20,1.36,1.38,1.34,1.35,432965,3221289.75
2012-11-21,1.35,1.37,1.34,1.37,446398,3310026.25
2012-11-22,1.37,1.37,1.36,1.36,284180,2111460.75
2012-11-23,1.36,1.38,1.36,1.37,307528,2293054.75
2012-11-26,1.35,1.36,1.32,1.32,232900,1702811.00
2012-11-27,1.32,1.33,1.27,1.27,443998,3123072.00
2012-11-28,1.27,1.27,1.23,1.24,369060,2524219.50
2012-11-29,1.26,1.26,1.21,1.22,398010,2699785.00
2012-11-30,1.22,1.24,1.20,1.23,250370,1681333.88
2012-12-03,1.21,1.24,1.19,1.19,216600,1435485.00
2012-12-04,1.19,1.22,1.17,1.21,360672,2366474.75
2012-12-05,1.21,1.27,1.21,1.25,740030,5055809.00
2012-12-06,1.26,1.27,1.24,1.25,439998,3029267.25
2012-12-07,1.25,1.28,1.23,1.28,645370,4475467.50
2012-12-10,1.28,1.30,1.27,1.30,568278,4005659.25
2012-12-11,1.29,1.29,1.27,1.27,674180,4729123.50
2012-12-12,1.28,1.29,1.25,1.26,629159,4348612.50
2012-12-13,1.26,1.27,1.24,1.24,526428,3619158.75
2012-12-14,1.24,1.30,1.24,1.29,1047339,7341003.00
2012-12-17,1.30,1.32,1.28,1.30,1050203,7457803.00
2012-12-18,1.30,1.32,1.29,1.30,669271,4776736.50
2012-12-19,1.30,1.32,1.29,1.31,585427,4197261.50
2012-12-20,1.30,1.32,1.30,1.32,701401,5038725.50
2012-12-21,1.32,1.46,1.31,1.43,4355877,33508854.00
2012-12-24,1.39,1.56,1.39,1.53,4713554,37317240.00
2012-12-25,1.50,1.66,1.48,1.52,7550324,63021556.00
2012-12-26,1.50,1.52,1.46,1.51,3817281,30834734.00
2012-12-27,1.49,1.50,1.42,1.43,3403742,26980844.00
2012-12-28,1.42,1.46,1.42,1.45,1608556,12653260.00
2012-12-31,1.45,1.46,1.43,1.44,1181650,9283366.00
2013-01-04,1.45,1.47,1.43,1.46,1655460,13055869.00
2013-01-07,1.45,1.48,1.44,1.48,1370695,10936761.00
2013-01-08,1.47,1.49,1.45,1.48,1892206,15169722.00
2013-01-09,1.47,1.49,1.44,1.46,1683822,13474611.00
2013-01-10,1.47,1.52,1.45,1.49,2258442,18234632.00
2013-01-11,1.49,1.50,1.44,1.45,1838249,14736513.00
2013-01-14,1.44,1.49,1.44,1.48,1852669,14890288.00
2013-01-15,1.49,1.54,1.48,1.52,2476380,20340718.00
2013-01-16,1.52,1.52,1.48,1.50,1497234,12217043.00
2013-01-17,1.49,1.51,1.48,1.49,1066245,8649056.00
2013-01-18,1.49,1.51,1.48,1.51,1223994,9976917.00
2013-01-21,1.51,1.53,1.50,1.52,1200421,9882636.00
2013-01-22,1.52,1.53,1.45,1.47,1418074,11533079.00
2013-01-23,1.46,1.48,1.43,1.45,1328365,10467738.00
2013-01-24,1.44,1.47,1.41,1.41,1009038,7908822.50
2013-01-25,1.41,1.43,1.41,1.42,460485,3563672.75
2013-01-28,1.40,1.44,1.40,1.44,669136,5209679.00
2013-01-29,1.44,1.47,1.43,1.46,725311,5732688.50
2013-01-30,1.46,1.47,1.44,1.46,676649,5356643.00
2013-01-31,1.45,1.46,1.44,1.45,514626,4063249.50
2013-02-01,1.46,1.49,1.45,1.48,835012,6693763.00
2013-02-04,1.48,1.49,1.45,1.46,756762,6050973.00
2013-02-05,1.46,1.52,1.45,1.49,1032742,8381504.00
2013-02-06,1.51,1.51,1.49,1.49,758798,6159940.00
2013-02-07,1.48,1.49,1.47,1.49,673006,5430056.00
2013-02-08,1.49,1.51,1.49,1.50,697244,5682051.00
2013-02-18,1.52,1.52,1.49,1.51,1051021,8602399.00
2013-02-19,1.51,1.51,1.48,1.49,766178,6223999.00
2013-02-20,1.48,1.56,1.48,1.55,2461624,20430296.00
2013-02-21,1.55,1.55,1.49,1.50,1652933,13576162.00
2013-02-22,1.49,1.52,1.49,1.50,746988,6099936.50
2013-02-25,1.49,1.52,1.49,1.50,642931,5250120.00
2013-02-26,1.50,1.53,1.48,1.48,1060436,8694020.00
2013-02-27,1.48,1.51,1.44,1.46,706739,5635015.00
2013-02-28,1.46,1.49,1.45,1.49,690797,5546398.00
2013-03-01,1.50,1.54,1.49,1.52,1447268,11910105.00
2013-03-04,1.53,1.55,1.50,1.55,2651542,21963490.00
2013-03-05,1.56,1.56,1.53,1.55,2174379,18233920.00
2013-03-06,1.55,1.62,1.53,1.60,2436560,20994020.00
2013-03-07,1.60,1.60,1.53,1.55,1532098,13022101.00
2013-03-08,1.55,1.59,1.54,1.55,899976,7650437.00
2013-03-11,1.56,1.57,1.53,1.55,641912,5406243.00
2013-03-12,1.55,1.56,1.46,1.49,1090671,8919154.00
2013-03-13,1.48,1.50,1.43,1.43,1548694,12235905.00
2013-03-14,1.43,1.46,1.42,1.45,935993,7333714.50
2013-03-15,1.45,1.48,1.43,1.45,766492,6063452.00
2013-03-18,1.46,1.46,1.42,1.42,432729,3389820.75
2013-03-19,1.40,1.43,1.38,1.41,714083,5449432.00
2013-03-20,1.40,1.44,1.40,1.44,884582,6854038.00
2013-03-21,1.44,1.46,1.44,1.45,1026893,8099768.00
2013-03-22,1.46,1.46,1.44,1.45,536745,4235775.50
2013-03-25,1.45,1.47,1.44,1.45,550917,4355700.00
2013-03-26,1.45,1.49,1.42,1.47,1442366,11425033.00
2013-03-27,1.47,1.48,1.45,1.46,588859,4672051.50
2013-03-28,1.46,1.46,1.40,1.41,502356,3894757.50
2013-03-29,1.41,1.42,1.40,1.41,293678,2253816.00
2013-04-01,1.41,1.43,1.41,1.42,405263,3127142.00
2013-04-02,1.42,1.43,1.39,1.40,294850,2267482.75
2013-04-03,1.40,1.42,1.39,1.39,243553,1852769.38
2013-04-08,1.37,1.39,1.32,1.39,431318,3199147.75
2013-04-09,1.39,1.42,1.38,1.41,577677,4427629.50
2013-04-10,1.41,1.45,1.41,1.43,1066230,8313605.00
2013-04-11,1.42,1.46,1.42,1.46,931087,7334046.50
2013-04-12,1.46,1.48,1.43,1.43,906140,7188158.00
2013-04-15,1.45,1.49,1.42,1.45,958481,7614655.00
2013-04-16,1.44,1.55,1.44,1.53,3399885,28028006.00
2013-04-17,1.55,1.55,1.51,1.53,1550266,12862359.00
2013-04-18,1.54,1.57,1.53,1.55,1488413,12521028.00
2013-04-19,1.54,1.61,1.52,1.60,2500739,21384206.00
2013-04-22,1.58,1.60,1.54,1.58,1395430,11874358.00
2013-04-23,1.58,1.69,1.57,1.59,2894772,25344946.00
2013-04-24,1.58,1.65,1.56,1.65,3030295,26626150.00
2013-04-25,1.65,1.72,1.64,1.65,2381879,21603202.00
2013-04-26,1.64,1.71,1.61,1.66,2105773,18950366.00
2013-05-02,1.67,1.71,1.65,1.71,1102511,10014234.00
2013-05-03,1.71,1.78,1.68,1.76,1820181,17138090.00
2013-05-06,1.76,1.85,1.74,1.78,2700617,26217762.00
2013-05-07,1.78,1.79,1.66,1.68,3751090,34555460.00
2013-05-08,1.68,1.70,1.61,1.69,4951679,44340560.00
2013-05-09,1.66,1.70,1.63,1.70,3220188,28925866.00
2013-05-10,1.70,1.77,1.68,1.77,4715232,44177620.00
2013-05-13,1.77,1.90,1.75,1.88,5417196,52853840.00
2013-05-14,1.87,1.91,1.83,1.89,2180148,21824330.00
2013-05-15,1.89,1.94,1.84,1.92,1737298,17676134.00
2013-05-16,1.91,1.95,1.80,1.83,2957615,29992758.00
2013-05-17,1.81,1.88,1.81,1.87,2489471,24861270.00
2013-05-20,1.87,2.06,1.87,2.02,4626376,50260568.00
2013-05-21,2.00,2.08,1.96,2.08,2135029,23149142.00
2013-05-22,2.05,2.09,2.00,2.07,2678427,29501950.00
2013-05-23,2.03,2.19,2.01,2.15,2911573,33228138.00
2013-05-27,2.22,2.35,2.16,2.30,3588927,43284800.00
2013-05-28,2.24,2.34,2.21,2.22,2672607,32437960.00
2013-05-29,2.22,2.28,2.22,2.26,1166196,14040853.00
2013-05-30,2.30,2.49,2.30,2.49,2983400,38890344.00
2013-05-31,2.53,2.62,2.45,2.55,2776261,37850640.00
2013-06-03,2.51,2.53,2.36,2.42,2241165,28904052.00
2013-06-04,2.45,2.46,2.32,2.35,1896851,23721560.00
2013-06-05,2.32,2.43,2.32,2.36,1897870,23876046.00
2013-06-06,2.38,2.51,2.34,2.44,1507661,19317684.00
2013-06-07,2.44,2.46,2.33,2.43,1444829,18501342.00
2013-06-13,2.36,2.36,2.18,2.33,2160327,25801906.00
2013-06-14,2.28,2.53,2.28,2.50,3230520,41955172.00
2013-06-17,2.50,2.63,2.47,2.48,2826108,38018972.00
2013-06-18,2.46,2.59,2.46,2.55,1780059,23820988.00
2013-06-19,2.52,2.57,2.49,2.53,809579,10759364.00
2013-06-20,2.50,2.53,2.38,2.40,1046617,13522231.00
2013-06-21,2.37,2.37,2.19,2.36,1046541,12818181.00
2013-06-24,2.33,2.33,2.12,2.12,2126526,24937712.00
2013-06-25,2.11,2.21,1.94,2.15,1918129,21514730.00
2013-06-26,2.15,2.33,2.09,2.33,1845879,21961624.00
2013-06-27,2.32,2.34,2.18,2.18,2829331,34003456.00
2013-06-28,2.18,2.35,2.12,2.32,2305823,27707708.00
2013-07-01,2.32,2.51,2.28,2.51,2348256,30150732.00
2013-07-02,2.48,2.76,2.46,2.61,6150736,87082856.00
2013-07-03,2.61,2.68,2.54,2.65,3680441,51062168.00
2013-07-04,2.63,2.92,2.63,2.80,5146527,76328440.00
2013-07-05,2.79,2.90,2.70,2.70,3810427,56618472.00
2013-07-08,2.65,2.82,2.53,2.65,2155017,30908030.00
2013-07-09,2.64,2.82,2.63,2.78,1945212,28148076.00
2013-07-10,2.78,2.87,2.68,2.69,2420886,35204836.00
2013-07-11,2.72,2.72,2.54,2.65,5560891,76816368.00
2013-07-12,2.62,2.80,2.61,2.76,3352984,48113820.00
2013-07-15,2.71,2.87,2.62,2.84,3459402,51288376.00
2013-07-16,2.82,2.84,2.73,2.78,2918278,43108748.00
2013-07-17,2.78,2.89,2.73,2.78,2132988,31713688.00
2013-07-18,2.79,2.83,2.69,2.70,1954536,28330932.00
2013-07-19,2.69,2.76,2.59,2.61,1929735,27253146.00
2013-07-22,2.61,2.73,2.53,2.72,2412024,34174424.00
2013-07-23,2.72,2.82,2.72,2.78,2428980,35605632.00
2013-07-24,2.73,2.84,2.65,2.83,3713651,54485464.00
2013-07-25,2.82,2.82,2.65,2.67,1699596,24460038.00
2013-07-26,2.71,2.74,2.59,2.69,927142,12953370.00
2013-07-29,2.69,2.73,2.61,2.64,664650,9329628.00
2013-07-30,2.64,2.70,2.46,2.56,1743954,23908698.00
2013-07-31,2.56,2.64,2.51,2.55,678479,9234526.00
2013-08-01,2.55,2.61,2.52,2.60,1683503,22880270.00
2013-08-02,2.59,2.68,2.57,2.66,3201487,44631860.00
2013-08-05,2.62,2.74,2.60,2.64,2665054,37484052.00
2013-08-06,2.65,2.79,2.61,2.78,6414352,91119280.00
2013-08-07,2.76,2.77,2.63,2.70,3796275,54077928.00
2013-08-08,2.67,2.67,2.60,2.63,1159407,16072061.00
2013-08-09,2.60,2.67,2.48,2.55,1271887,17310606.00
2013-08-12,2.56,2.56,2.48,2.54,1080117,14333359.00
2013-08-13,2.50,2.58,2.50,2.55,695048,9353808.00
2013-08-14,2.54,2.67,2.52,2.65,1928391,26771594.00
2013-08-15,2.65,2.70,2.61,2.62,1573151,22047984.00
2013-08-16,2.60,2.65,2.48,2.51,1020057,13928436.00
2013-08-19,2.51,2.58,2.48,2.57,1526723,20426358.00
2013-08-20,2.59,2.59,2.53,2.54,1632825,22076132.00
2013-08-21,2.57,2.59,2.52,2.53,1416584,19051328.00
2013-08-22,2.55,2.55,2.50,2.53,1307230,17491388.00
2013-08-23,2.54,2.63,2.51,2.61,2610407,35234660.00
2013-08-26,2.61,2.83,2.59,2.73,3681155,52941668.00
2013-08-27,2.73,2.80,2.70,2.73,3092018,44801212.00
2013-08-28,2.73,2.79,2.71,2.75,2426704,35369432.00
2013-08-29,2.77,2.79,2.63,2.73,1306438,18716464.00
2013-08-30,2.70,2.76,2.48,2.53,2701313,38003988.00
2013-09-02,2.53,2.67,2.53,2.64,2222758,30777522.00
2013-09-03,2.68,2.68,2.59,2.63,995820,13806527.00
2013-09-04,2.65,2.68,2.61,2.67,1067704,14984435.00
2013-09-05,2.67,2.80,2.65,2.72,2346910,34049192.00
2013-09-06,2.73,3.00,2.73,3.00,2304211,36079864.00
2013-09-09,3.13,3.30,3.03,3.30,7579657,130163328.00
2013-09-10,3.36,3.39,3.21,3.26,4384621,76167192.00
2013-09-11,3.20,3.26,2.96,3.00,2863443,46585228.00
2013-09-12,2.98,3.31,2.98,3.31,3311361,56978340.00
2013-09-13,3.34,3.60,3.31,3.52,4997578,91089120.00
2013-09-16,3.52,3.61,3.42,3.46,2775706,50986464.00
2013-09-17,3.46,3.81,3.38,3.81,3755015,71628424.00
2013-09-18,3.80,4.17,3.69,4.08,4647988,96162760.00
2013-09-23,4.03,4.28,3.96,4.11,5223841,113054592.00
2013-09-24,4.06,4.28,4.02,4.15,3426237,74789456.00
2013-09-25,4.15,4.57,4.09,4.57,4050700,95199112.00
2013-09-26,4.61,5.03,4.57,5.03,4045799,103205464.00
2013-09-27,4.89,5.01,4.77,4.89,3302850,84829136.00
2013-09-30,5.13,5.13,4.79,4.97,2266438,58666976.00
2013-10-08,4.98,5.03,4.67,4.93,2819564,71517368.00
2013-10-09,4.90,5.35,4.78,5.17,2949514,78513928.00
2013-10-10,5.06,5.22,4.65,4.65,2699976,70821680.00
2013-10-11,4.75,5.01,4.54,4.78,3208605,79984520.00
2013-10-14,4.73,4.89,4.67,4.80,1882359,47342152.00
2013-10-15,4.76,4.76,4.54,4.58,1709634,41496108.00
2013-10-16,4.61,4.67,4.13,4.19,2049819,46449756.00
2013-10-17,4.23,4.43,4.08,4.08,1979357,44658288.00
2013-10-18,4.11,4.35,4.08,4.20,1471713,32672252.00
2013-10-21,4.24,4.42,4.11,4.32,1508668,33916852.00
2013-10-22,4.31,4.32,3.92,3.97,2375845,51282792.00
2013-10-23,3.97,4.03,3.71,3.87,1623897,32803172.00
2013-10-24,3.80,4.16,3.80,4.06,1361511,28589180.00
2013-10-25,4.04,4.13,3.71,3.79,1097290,22751392.00
2013-10-28,3.80,3.88,3.79,3.80,1179022,23764552.00
2013-10-29,3.78,3.94,3.42,3.80,1389866,27536568.00
2013-10-30,3.86,3.97,3.74,3.96,1038220,21259388.00
2013-10-31,4.00,4.00,3.75,3.76,718606,14599460.00
2013-11-01,3.76,3.76,3.52,3.63,924071,17562276.00
2013-11-04,3.61,3.78,3.52,3.71,576972,11253792.00
2013-11-05,3.71,3.99,3.67,3.97,1144542,23433412.00
2013-11-06,3.90,4.27,3.90,4.13,1653613,35797660.00
2013-11-07,4.11,4.48,4.11,4.43,2036963,46575744.00
2013-11-08,4.38,4.60,4.32,4.45,1959040,45874844.00
2013-11-11,4.48,4.60,4.28,4.49,1183046,27745356.00
2013-11-12,4.40,4.48,4.18,4.23,1146515,25674922.00
2013-11-13,4.24,4.32,3.80,3.88,1194429,25375024.00
2013-11-14,3.83,4.16,3.83,4.16,1283697,26787402.00
2013-11-15,4.13,4.43,4.09,4.27,1524673,34684596.00
2013-11-18,4.30,4.71,4.30,4.71,2991720,72589568.00
2013-11-19,4.72,4.77,4.59,4.77,1723510,42535328.00
2013-11-20,4.83,5.05,4.64,4.92,2732250,69266440.00
2013-11-21,4.92,5.03,4.67,4.86,1294234,32973026.00
2013-11-22,4.87,4.91,4.63,4.76,948957,23663326.00
2013-11-25,4.69,4.91,4.69,4.89,1395358,35513916.00
2013-11-26,4.92,5.05,4.78,4.88,1067883,27805220.00
2013-11-27,4.78,4.95,4.67,4.77,2572110,64108428.00
2013-11-28,4.80,4.80,4.63,4.65,1285002,31667368.00
2013-11-29,4.71,4.86,4.65,4.76,1259487,31466348.00
2013-12-02,4.52,4.52,4.28,4.28,2036358,46776416.00
2013-12-03,4.13,4.38,3.85,4.31,1284441,27536460.00
2013-12-04,4.32,4.42,4.17,4.18,774149,17512536.00
2013-12-05,4.15,4.19,3.91,4.14,1054656,22497198.00
2013-12-06,4.11,4.16,4.05,4.13,361431,7792405.00
2013-12-09,4.09,4.27,4.09,4.20,781371,17264238.00
2013-12-10,4.22,4.25,4.09,4.14,383937,8389631.00
2013-12-11,4.18,4.27,4.11,4.24,495171,11026812.00
2013-12-12,4.24,4.38,4.24,4.36,517141,11769557.00
2013-12-13,4.34,4.49,4.30,4.44,446788,10449210.00
2013-12-16,4.29,4.47,4.29,4.41,485435,11208747.00
2013-12-17,4.39,4.45,4.39,4.44,356168,8262304.00
2013-12-18,4.43,4.57,4.34,4.53,456041,10810930.00
2013-12-19,4.56,4.56,4.39,4.49,551918,12942244.00
2013-12-20,4.51,4.53,4.41,4.42,267788,6275081.00
2013-12-23,4.43,4.57,4.38,4.56,728130,17230856.00
2013-12-24,4.56,5.02,4.55,5.02,2137032,55950924.00
2013-12-25,5.15,5.52,5.01,5.52,2139905,60278572.00
2013-12-26,5.72,5.73,5.24,5.38,3223367,93263624.00
2013-12-27,5.46,5.46,5.26,5.46,1759397,49485900.00
2013-12-30,5.47,5.55,5.35,5.47,1207539,34515812.00
2013-12-31,5.42,5.42,5.19,5.34,1223510,34049644.00
2014-01-02,5.32,5.54,5.21,5.52,762681,21685558.00
2014-01-03,5.45,5.72,5.26,5.65,1010215,29136854.00
2014-01-06,5.53,5.70,5.24,5.28,2165278,62200784.00
2014-01-07,5.28,5.28,4.96,5.20,920251,24646446.00
2014-01-08,5.20,5.41,5.13,5.19,731336,20094616.00
2014-01-09,5.19,5.26,5.06,5.07,525051,14215922.00
2014-01-10,5.06,5.58,5.06,5.28,2180801,62126964.00
2014-01-13,5.21,5.55,5.21,5.55,1105699,31442656.00
2014-01-14,5.54,5.69,5.40,5.59,1274429,37101060.00
2014-01-15,5.59,5.63,5.44,5.58,767321,22266404.00
2014-01-16,5.53,6.01,5.53,5.57,1255627,37898448.00
2014-01-17,5.57,5.63,5.40,5.59,555078,15893703.00
2014-01-20,5.57,5.57,5.24,5.29,730212,20619332.00
2014-01-21,5.29,5.39,5.11,5.28,641883,17575110.00
2014-01-22,5.26,5.68,5.26,5.64,1356689,39486464.00
2014-05-23,5.08,5.57,5.08,5.46,10984329,152353504.00
2014-05-26,5.23,6.01,5.23,6.01,4535385,68371504.00
2014-05-27,6.38,6.61,6.04,6.38,11323649,186065264.00
2014-05-28,6.25,7.02,6.16,7.02,13894823,247135488.00
2014-05-29,7.02,7.06,6.68,6.85,9465907,170051872.00
2014-05-30,6.78,6.91,6.47,6.70,6037700,105354400.00
2014-06-03,6.70,6.70,6.45,6.50,3691080,63075600.00
2014-06-04,6.47,6.68,6.25,6.48,3663471,61904348.00
2014-06-05,6.44,6.59,6.32,6.54,3690961,62613048.00
2014-06-06,6.54,6.71,6.26,6.27,4101316,69088368.00
2014-06-09,6.32,6.56,6.13,6.40,3324588,55118868.00
2014-06-10,6.37,6.61,6.23,6.48,4536603,76965552.00
2014-06-11,6.39,6.48,6.20,6.37,2841216,46965424.00
2014-06-12,6.27,6.54,6.22,6.52,3080492,51514164.00
2014-06-13,6.51,6.53,6.32,6.44,5105536,85980272.00
2014-06-16,6.50,7.05,6.39,6.79,7990365,139865744.00
2014-06-17,6.63,6.73,6.27,6.37,6324673,106690712.00
2014-06-18,6.35,6.38,6.01,6.08,4020975,65434652.00
2014-06-19,6.08,6.08,5.65,5.78,3817073,58776232.00
2014-06-20,5.92,6.00,5.78,5.98,1919390,29578564.00
2014-06-23,5.98,6.20,5.95,6.10,1738980,27789278.00
2014-06-24,6.12,6.17,5.89,6.00,1788867,28055874.00
2014-06-25,6.00,6.04,5.73,5.85,2134889,32759262.00
2014-06-26,5.92,6.12,5.85,5.99,2603818,40884688.00
2014-06-27,5.99,6.18,5.97,6.02,2264423,36047216.00
2014-06-30,6.50,6.62,6.43,6.62,9096098,157111568.00
2014-07-01,6.60,7.10,6.43,6.90,10827956,191891136.00
2014-07-02,6.90,7.10,6.70,6.97,5294284,94896888.00
2014-07-03,6.97,7.07,6.77,6.89,4449622,80361648.00
2014-07-04,6.96,6.96,6.72,6.78,2775093,49319392.00
2014-07-07,6.77,6.77,6.50,6.55,3645344,62891024.00
2014-07-08,6.62,6.85,6.52,6.83,3235864,56487240.00
2014-07-09,6.81,6.86,6.55,6.58,2854155,50045344.00
2014-07-10,6.66,6.69,6.20,6.42,3915535,65939372.00
2014-07-11,6.42,6.42,6.22,6.23,2108524,34825256.00
2014-07-14,6.23,6.43,6.15,6.40,3489158,57710176.00
2014-07-15,6.35,6.36,5.97,6.05,5251464,84090112.00
2014-07-16,6.05,6.32,5.89,5.93,5265268,83921504.00
2014-07-17,5.97,6.26,5.97,6.14,4583067,73463848.00
2014-07-18,6.15,6.23,6.00,6.05,2391168,38214580.00
2014-07-21,6.02,6.25,5.77,6.23,4957517,77619296.00
2014-07-22,6.23,6.62,6.16,6.53,4342589,73376480.00
2014-07-23,6.52,6.68,6.41,6.63,2731112,46654284.00
2014-07-24,6.68,6.68,6.28,6.47,4264349,71128048.00
2014-07-25,6.50,6.50,6.20,6.22,2147116,35377124.00
2014-07-28,6.22,6.48,6.07,6.48,1922967,31568560.00
2014-07-29,6.58,6.58,6.38,6.41,1294541,21873060.00
2014-07-30,6.50,6.72,6.36,6.67,3678306,63435140.00
2014-07-31,6.62,6.80,6.52,6.75,2095573,36583280.00
2014-08-01,6.81,6.81,6.58,6.73,1125442,19683614.00
2014-08-04,6.73,6.75,6.48,6.57,2061390,35276252.00
2014-08-05,6.54,6.59,6.37,6.55,2769151,47051600.00
2014-08-06,6.57,6.57,6.44,6.46,1281727,21686796.00
2014-08-07,6.43,6.53,6.39,6.42,1564767,26385098.00
2014-08-08,6.42,6.53,6.38,6.45,1929797,32464026.00
2014-08-11,6.46,6.51,6.35,6.49,2304962,38679852.00
2014-08-12,6.53,6.63,6.46,6.49,2660828,45430876.00
2014-08-13,6.50,6.50,6.38,6.42,1576746,26472160.00
2014-08-14,6.50,6.78,6.43,6.45,2555071,43728300.00
2014-08-15,6.46,6.74,6.39,6.72,4377562,75635184.00
2014-08-18,6.72,6.84,6.62,6.80,3578958,63164900.00
2014-08-19,6.76,6.78,6.59,6.75,2885400,50667340.00
2014-08-20,6.69,6.75,6.60,6.62,2225078,38625364.00
2014-08-21,6.62,6.75,6.50,6.67,1885644,32650448.00
2014-08-22,6.68,6.72,6.62,6.68,2193175,38150880.00
2014-08-25,6.68,7.35,6.68,7.35,8320471,153308000.00
2014-08-26,7.46,7.60,7.08,7.58,8232134,158747216.00
2014-08-27,7.49,7.60,7.29,7.39,4057560,78780664.00
2014-08-28,7.35,7.41,6.97,7.20,3271500,61398684.00
2014-08-29,7.22,7.29,6.89,7.16,2287712,42958308.00
2014-09-01,7.16,7.80,7.16,7.77,6334552,125345312.00
2014-09-02,7.78,7.92,7.60,7.79,3659907,74013472.00
2014-09-03,7.78,7.85,7.50,7.80,3138900,63001056.00
2014-09-04,7.75,8.58,7.58,8.50,4463309,96239128.00
2014-09-05,8.50,8.79,8.36,8.38,4582370,101911696.00
2014-09-09,8.50,9.00,8.20,9.00,4298285,96624976.00
2014-09-10,9.00,9.28,8.83,9.08,4087972,96843728.00
2014-09-11,9.10,9.53,8.89,9.52,3388391,80987304.00
2014-09-12,9.58,10.08,9.35,9.75,4283177,107931104.00
2014-09-15,9.85,9.85,9.16,9.45,4303878,105701384.00
2014-09-16,9.39,9.39,8.72,8.77,6194049,144898512.00
2014-09-17,8.85,9.12,8.43,9.10,4399824,99828856.00
2014-09-25,9.58,10.02,9.54,10.02,9322091,241083904.00
2014-09-26,9.96,10.07,9.56,9.81,6059818,154865520.00
2014-09-29,9.73,9.83,9.58,9.66,2750397,69674192.00
2014-09-30,9.70,10.07,9.64,9.70,2410659,62194316.00
2014-10-08,9.70,9.74,9.32,9.65,1735547,43348236.00
2014-10-09,9.67,9.67,9.29,9.31,2980336,72908072.00
2014-10-10,9.31,9.45,9.20,9.33,1552295,37752608.00
2014-10-13,9.25,9.37,8.81,8.91,1908674,44836940.00
2014-10-14,8.94,9.03,8.74,8.76,1340529,31202316.00
2014-10-15,8.75,8.76,8.55,8.70,1019113,22983424.00
2014-10-16,8.73,9.44,8.66,9.22,4739775,113213384.00
2014-10-17,9.11,9.11,8.43,8.58,3155419,71895904.00
2014-10-20,8.65,8.93,8.50,8.87,3161673,72429616.00
2014-10-21,8.92,9.02,8.81,8.86,1549618,35987540.00
2014-10-22,8.92,8.95,8.58,8.60,1204062,27336312.00
2014-10-23,8.60,8.77,8.24,8.33,1151610,25494870.00
2014-10-24,8.48,8.63,8.24,8.35,1042402,23138920.00
2014-10-27,8.35,9.07,8.13,8.91,2296530,52625288.00
2014-10-28,8.93,9.27,8.93,9.20,2286507,54870752.00
2014-10-29,9.20,9.51,9.19,9.26,2618825,64070568.00
2014-10-30,9.39,9.66,9.20,9.29,2320332,56739152.00
2014-10-31,9.35,9.35,9.16,9.19,1440279,34736092.00
2014-11-03,9.37,9.59,9.22,9.40,3121893,77249360.00
2014-11-04,9.40,9.57,9.25,9.41,2008311,49454084.00
2014-11-05,9.35,10.35,9.35,10.35,6057007,157603984.00
2014-11-06,10.22,10.65,10.05,10.38,2868324,77122896.00
2014-11-07,10.47,11.03,10.47,10.65,5865492,164671088.00
2014-11-10,10.72,11.72,10.71,11.72,6135664,183913216.00
2014-11-11,11.72,12.88,11.04,11.62,9583124,297395328.00
2014-11-12,11.60,12.50,11.50,12.46,6970277,220888896.00
2014-11-13,12.16,12.80,11.89,12.74,4607958,147815504.00
2014-11-14,12.57,13.35,12.40,12.85,6795130,230001856.00
2014-11-17,12.92,14.14,12.59,14.14,5719602,204879120.00
2014-11-18,13.90,15.56,13.90,15.56,6232836,241923968.00
2014-11-19,15.55,16.81,14.99,15.87,5743095,234970272.00
2014-11-20,15.81,16.27,15.23,15.56,5070017,207837536.00
2014-11-21,15.01,15.81,15.01,15.55,3935119,158779904.00
2014-11-24,15.55,15.73,14.89,15.20,5172880,206219552.00
2014-11-25,15.14,16.56,15.10,16.05,4250053,176189504.00
2014-11-26,16.00,16.23,15.05,15.35,3468295,140356528.00
2014-11-27,15.35,16.12,15.13,15.65,3083959,125946888.00
2014-11-28,15.52,17.22,15.48,17.22,3525496,152954912.00
2014-12-01,17.85,18.81,17.16,18.04,5308112,246569056.00
2014-12-02,18.04,18.32,16.50,17.62,4875269,219385296.00
2014-12-03,17.13,19.20,16.43,18.73,4539454,206896224.00
2014-12-04,18.21,20.61,18.21,20.41,3799712,196499952.00
2014-12-05,19.93,21.67,18.37,20.23,3215832,170901792.00
2014-12-08,19.65,20.73,18.20,18.83,4461287,220852496.00
2014-12-09,18.25,18.77,16.95,16.95,3799933,173507328.00
2014-12-10,16.16,17.92,15.25,17.42,3777482,167288896.00
2014-12-11,17.35,18.08,16.48,16.88,1820393,81708792.00
2014-12-12,16.77,18.50,16.50,18.22,4169676,191319888.00
2014-12-15,18.04,20.05,18.00,20.05,3923146,200065648.00
2014-12-16,20.58,21.07,19.13,20.41,3460303,182745904.00
2014-12-17,20.35,21.50,19.64,20.42,2478730,134680192.00
2014-12-18,19.97,20.73,19.67,19.73,1920138,99875560.00
2014-12-19,19.36,20.34,18.29,19.58,1748676,87521696.00
2014-12-22,19.01,19.43,17.62,17.62,3151657,146368736.00
2014-12-23,17.47,17.65,15.85,15.85,2882300,123867840.00
2014-12-24,15.89,17.08,14.82,16.23,2596716,108288528.00
2014-12-25,16.00,17.66,15.81,16.74,2592803,112151928.00
2014-12-26,16.74,17.17,15.81,16.05,1829629,77911328.00
2014-12-29,16.12,16.12,14.44,14.44,4686346,179844544.00
2014-12-30,14.57,14.69,13.05,13.62,4579908,163359024.00
2014-12-31,13.72,14.59,13.50,13.97,3839094,139009952.00
2015-01-05,13.98,14.00,13.00,13.81,4734180,167764336.00
2015-01-06,14.58,15.20,14.24,15.20,5891198,228861552.00
2015-01-07,16.03,16.72,15.85,16.72,6960785,300127264.00
2015-01-08,17.04,18.40,15.93,18.40,8195151,366606464.00
2015-01-09,17.88,19.18,17.58,18.41,7381513,352048160.00
2015-01-12,18.23,19.54,17.92,18.81,6082240,297706080.00
2015-01-13,18.45,19.43,17.98,19.39,5545009,272506528.00
2015-01-14,19.37,21.33,19.06,21.33,8398423,452334784.00
2015-01-15,21.50,21.73,20.73,20.92,5198245,286457088.00
2015-01-16,20.63,23.02,20.63,23.02,6599507,382893984.00
2015-01-19,22.27,24.56,21.40,22.85,7245639,438419872.00
2015-01-20,22.65,25.14,22.47,25.14,6813856,434197216.00
2015-01-21,24.89,26.00,24.48,25.70,6641905,436384832.00
2015-01-22,25.00,25.73,23.85,24.65,6835945,436997888.00
2015-01-23,24.50,24.50,22.19,22.37,7812603,465108640.00
2015-01-26,23.04,23.91,22.80,23.65,6629830,405685248.00
2015-01-27,23.65,24.66,22.66,24.12,3893931,241958048.00
2015-01-28,23.89,25.04,23.62,24.05,3719582,237642288.00
2015-01-29,24.22,24.88,22.67,23.30,3367154,207382416.00
2015-01-30,22.90,23.62,22.27,22.58,1637235,97423376.00
2015-02-02,21.89,24.79,21.89,23.89,3290121,204431472.00
2015-02-03,23.93,26.28,23.93,26.28,6573430,442221920.00
2015-02-04,26.46,27.54,26.28,27.14,6669006,467487680.00
2015-02-05,26.72,29.86,26.22,29.83,8414024,634053312.00
2015-02-06,29.15,31.50,28.04,29.97,6211522,481157568.00
2015-02-09,30.01,32.25,28.17,31.81,5075467,406354176.00
2015-02-10,31.00,32.85,30.16,31.50,3847604,313863104.00
2015-02-11,31.58,33.50,30.73,31.74,5622740,473007296.00
2015-02-12,31.53,33.04,30.35,30.37,3657556,298707232.00
2015-02-13,30.64,31.13,29.25,30.45,5031454,394617856.00
2015-02-16,30.47,33.50,29.58,33.50,5084071,419516800.00
2015-02-17,33.76,36.85,33.62,36.85,4841232,451928768.00
2015-02-25,38.39,38.39,33.16,33.87,5474587,497749504.00
2015-02-26,33.84,35.04,31.62,33.76,4615856,402785504.00
2015-02-27,33.73,35.73,32.85,34.39,4267270,383278720.00
2015-03-02,34.08,36.41,32.27,34.56,3817338,341978112.00
2015-03-03,34.45,34.52,32.92,33.00,2718976,237703728.00
2015-03-04,33.05,33.91,32.85,33.12,2215001,191809616.00
2015-03-05,33.04,33.08,31.93,32.00,2568090,215606048.00
2015-03-06,32.47,32.81,30.35,30.55,2097917,170479696.00
2015-03-09,30.87,33.43,30.55,32.47,3951127,333400608.00
2015-03-10,32.62,34.70,31.87,33.15,3441445,297044768.00
2015-03-11,33.19,33.47,31.89,32.20,1831891,154699488.00
2015-03-12,32.20,33.41,31.04,32.31,1746551,146706656.00
2015-03-13,32.08,34.99,31.91,34.58,3916144,348253792.00
2015-03-16,35.00,37.77,35.00,36.88,3505370,335449632.00
2015-03-17,36.35,37.50,35.35,35.68,2381220,223536160.00
2015-03-18,34.88,36.11,33.43,35.73,2574132,234387664.00
2015-03-19,35.54,36.49,34.58,36.33,2090669,193356400.00
2015-03-20,36.33,39.97,36.33,39.27,5242547,532342496.00
2015-03-23,40.35,43.20,39.41,42.66,6184820,662045184.00
2015-03-24,41.50,46.93,40.97,44.62,4750976,542496896.00
2015-03-25,44.00,49.08,43.22,49.08,2916832,365451232.00
2015-03-26,49.60,54.00,46.59,48.51,5139820,685345856.00
2015-03-27,46.89,53.37,46.12,53.37,4120367,564233344.00
2015-03-30,55.29,56.66,48.03,49.96,3817100,514251904.00
2015-03-31,49.89,53.17,46.54,51.85,3563686,464464544.00
2015-04-01,50.35,52.87,49.09,52.28,3440090,455837984.00
2015-05-22,57.52,57.52,57.52,57.52,34224,2559955.25
2015-05-25,63.27,63.27,63.27,63.27,36307,2987340.00
2015-05-26,69.60,69.60,69.60,69.60,7110,643526.13
2015-05-27,76.56,76.56,76.56,76.56,31752,3161229.00
2015-05-28,84.22,84.22,80.75,84.22,2125158,232689360.00
2015-05-29,83.82,92.65,78.82,92.65,13491353,1572253696.00
2015-06-01,89.03,92.75,83.38,85.35,16187247,1819930368.00
2015-06-02,83.73,93.89,81.52,93.89,10728658,1267188096.00
2015-06-03,94.75,101.88,89.21,98.82,8880763,1124526208.00
2015-06-04,94.69,98.41,88.94,89.29,6586279,784075456.00
2015-06-05,91.44,95.36,83.82,87.67,6705032,778127680.00
2015-06-08,83.82,84.59,78.90,78.90,4308446,446592992.00
2015-06-09,74.59,82.75,71.48,79.82,7483779,745019008.00
2015-06-10,77.67,87.80,77.05,87.80,7201682,791829952.00
2015-06-11,87.90,94.59,86.81,93.82,9167395,1087026176.00
2015-06-12,92.53,93.82,87.67,88.36,4374934,513418304.00
2015-06-15,86.70,86.77,79.52,79.52,4896606,511154112.00
2015-06-16,74.37,76.13,71.57,71.57,6635125,626012608.00
2015-06-17,69.29,78.73,68.82,78.73,8747957,842245888.00
2015-06-18,77.16,85.36,71.78,74.59,7502568,781129408.00
2015-06-19,72.98,79.21,71.34,75.75,5704474,566783616.00
2015-06-23,73.05,79.21,68.17,74.67,6092502,580452928.00
2015-06-24,74.99,77.22,67.22,69.05,7914738,724370688.00
2015-06-25,71.42,72.28,62.15,62.15,7335367,622470144.00
2015-06-26,59.04,59.59,55.93,55.93,6407232,470529600.00
2015-06-29,56.13,57.67,50.34,50.34,5948572,396611712.00
2015-06-30,45.30,55.38,45.30,55.15,17482179,1146464512.00
2015-07-01,53.73,59.05,49.64,49.64,13300946,957167360.00
2015-07-02,47.15,49.21,44.67,44.67,10819535,648348800.00
2015-07-03,40.20,46.88,40.20,40.20,15753888,851139840.00
2015-07-06,43.82,43.82,36.18,36.18,16398411,807846528.00
2015-07-13,39.80,39.80,39.80,39.80,555328,28749330.00
2015-07-14,43.78,43.78,43.78,43.78,263650,15014868.00
2015-07-15,48.17,48.17,39.41,39.41,25800515,1446195200.00
2015-07-16,35.46,41.27,35.46,39.45,17440479,864515456.00
2015-07-17,39.21,43.40,38.05,43.36,25863426,1396433792.00
2015-07-20,45.78,47.70,44.59,47.28,32890193,2010203008.00
2015-07-21,45.35,49.13,44.21,48.90,28658404,1730674432.00
2015-07-22,47.20,49.05,45.59,47.02,20295429,1256478720.00
2015-07-23,46.91,49.49,44.98,47.97,21213123,1303512064.00
2015-07-24,48.28,50.66,46.38,48.21,23504659,1502648704.00
2015-07-27,48.82,50.69,43.38,43.38,24952944,1555895680.00
2015-07-28,39.44,43.28,39.05,39.05,23268200,1200018688.00
2015-07-29,39.44,42.28,35.98,42.05,27615251,1390479744.00
2015-07-30,40.90,41.89,37.85,39.98,18603887,984612416.00
2015-07-31,38.48,40.35,36.13,37.17,10667641,534580704.00
2015-08-03,33.83,34.28,33.45,33.45,15869433,691839680.00
2015-08-04,33.10,35.82,30.75,35.58,26738928,1174926336.00
2015-08-05,35.04,35.58,33.13,34.21,17755105,792753792.00
2015-08-06,32.96,34.02,32.27,33.67,10040847,433210144.00
2015-08-07,34.52,37.04,34.21,37.04,9103131,427566880.00
2015-08-10,39.20,40.75,38.22,39.82,28418652,1458007936.00
2015-08-11,39.35,40.96,38.98,39.65,19252594,1000035776.00
2015-08-12,38.48,39.17,36.25,36.62,13903963,686508544.00
2015-08-13,35.59,38.81,35.56,38.44,11496335,552944320.00
2015-08-14,38.90,40.75,38.21,39.44,17612388,908226496.00
2015-08-17,39.18,41.52,37.67,41.52,19271796,1007786048.00
2015-08-18,41.36,43.67,37.36,37.36,21709593,1150511872.00
2015-08-19,35.05,39.44,33.82,38.82,19348175,908946560.00
2015-08-20,38.59,39.74,36.72,36.72,15221500,754133184.00
2015-08-21,34.91,36.13,33.55,33.63,12656307,569113536.00
2015-08-24,31.13,32.28,30.27,30.27,4656054,186456928.00
2015-08-25,27.24,27.24,27.24,27.24,2102400,74509056.00
2015-08-26,24.98,26.89,24.52,24.52,25853540,846782976.00
2015-08-27,24.52,25.75,22.06,25.12,28515216,883825856.00
2015-08-28,25.17,27.51,23.44,27.28,29787562,984933696.00
2015-08-31,26.90,26.90,24.55,24.55,19170436,626737344.00
2015-09-01,23.45,23.81,22.10,22.10,11348033,330363360.00
2015-09-02,19.88,23.42,19.88,19.88,22339978,599770304.00
2015-09-07,20.34,21.88,20.34,21.28,23972052,661628480.00
2015-09-08,20.75,23.41,19.80,23.41,23700498,662072576.00
2015-09-09,23.82,25.75,23.64,25.33,36982887,1210890496.00
2015-09-10,24.44,25.82,24.29,24.96,21005321,682958272.00
2015-09-11,25.17,26.01,24.35,25.35,23734089,781660672.00
2015-09-14,25.19,25.36,22.81,22.81,16230778,500354080.00
2015-09-15,20.55,21.40,20.52,20.52,16941711,455645344.00
2015-09-16,20.75,22.58,19.73,22.58,27577591,761554304.00
2015-09-17,22.67,24.28,21.98,22.05,29548082,890845184.00
2015-09-18,22.08,22.86,20.98,22.45,20168147,575846080.00
2015-09-21,21.52,24.69,21.30,24.69,33952179,1052554560.00
2015-09-22,25.21,26.55,23.91,25.43,40934311,1330810752.00
2015-09-23,24.75,27.26,24.75,26.28,35845280,1203985536.00
2015-09-24,26.69,27.52,25.75,25.96,31872292,1103173632.00
2015-09-25,25.82,26.21,23.36,23.40,28631212,907643712.00
2015-09-28,23.59,25.37,23.36,25.28,21826313,691252800.00
2015-09-29,24.13,25.11,23.59,24.13,18881403,596926592.00
2015-09-30,24.23,24.55,22.28,23.41,17628682,536447584.00
2015-10-08,24.82,25.75,24.59,25.75,10560019,348401536.00
2015-10-09,26.88,27.28,26.14,27.02,37322584,1296696960.00
2015-10-12,27.16,29.72,26.92,29.72,41563627,1566333696.00
2015-10-13,29.58,30.72,29.21,30.36,34227184,1341763968.00
2015-10-14,29.82,31.62,29.12,30.85,30513620,1193655296.00
2015-11-02,33.93,33.93,33.93,33.93,1070911,47270012.00
2015-11-03,35.36,36.28,33.05,33.08,44102642,1991502208.00
2015-11-04,32.28,36.39,32.28,36.39,36424113,1668722176.00
2015-11-05,37.67,40.03,36.94,40.03,43198276,2173617152.00
2015-11-06,40.75,44.04,40.75,44.04,36714280,2057326336.00
2015-11-09,44.04,46.04,41.37,44.05,42556634,2441645824.00
2015-11-10,43.28,46.75,42.94,43.95,31456413,1828678272.00
2015-11-11,43.95,44.44,42.31,43.97,26131352,1469098624.00
2015-11-12,45.05,45.82,42.28,43.05,25615282,1452519168.00
2015-11-13,41.85,42.42,40.15,40.86,21118647,1135556736.00
2015-11-16,38.50,40.82,37.72,40.42,32095030,1644924416.00
2015-11-17,41.45,41.75,37.82,38.05,29853071,1552690048.00
2015-11-18,38.30,40.35,37.75,38.63,26414286,1344987648.00
2015-11-19,39.21,42.50,38.05,42.50,40835119,2166907648.00
2015-11-20,42.54,46.12,41.75,43.92,46410602,2619969792.00
2015-11-23,43.28,43.58,39.82,40.25,30552145,1664537728.00
2015-11-24,39.92,42.02,39.59,41.52,19269744,1025912576.00
2015-11-25,41.05,45.68,40.75,45.68,43694535,2516014848.00
2015-11-26,46.33,48.89,45.39,45.74,57715522,3538994432.00
2015-11-27,44.57,46.83,41.52,43.00,34519820,1993636224.00
2015-11-30,42.28,43.77,38.75,41.90,31794057,1714292224.00
2015-12-01,41.12,45.82,40.28,44.59,36519755,2054288000.00
2015-12-02,44.18,44.59,40.44,41.78,26834087,1486347264.00
2015-12-03,41.65,45.95,41.63,45.95,46136353,2726374400.00
2015-12-04,46.90,49.56,46.11,48.50,54924464,3409925632.00
2015-12-07,48.48,53.35,47.85,53.35,25939414,1721831296.00
2015-12-08,54.21,55.36,50.94,50.98,44894323,3084507904.00
2015-12-09,50.22,53.48,48.45,50.15,35329604,2344567808.00
2015-12-10,49.80,54.59,48.82,52.94,38893975,2615262976.00
2015-12-11,51.71,52.28,49.75,49.75,23511827,1565452160.00
2015-12-14,48.43,50.75,47.28,49.95,19663330,1249271936.00
2015-12-15,50.36,53.28,49.98,50.28,20618901,1385048320.00
2015-12-16,49.59,52.15,48.82,51.52,26585542,1746545920.00
2015-12-17,51.53,52.73,50.96,52.02,25487908,1720703872.00
2015-12-18,51.50,51.97,49.21,49.72,21805919,1426967552.00
2015-12-21,48.91,49.75,48.44,49.33,13334464,848652096.00
2015-12-22,49.97,53.05,49.97,51.09,24526565,1647387904.00
2015-12-23,52.15,52.82,49.05,49.36,22390235,1475571456.00
2015-12-24,49.21,50.36,47.56,50.02,16004985,1015695104.00
2015-12-25,50.24,50.59,48.58,49.10,12005134,772112448.00
2015-12-28,49.36,49.97,47.28,47.28,15833333,995323840.00
2015-12-29,46.94,47.59,44.59,45.28,19447923,1154884736.00
2015-12-30,45.54,46.33,44.75,45.68,12580954,746099520.00
2015-12-31,45.70,45.70,42.36,42.98,17415354,992402560.00
2016-01-04,42.98,42.98,38.68,38.68,16615881,861197568.00
2016-01-05,34.82,39.59,34.82,37.15,23911173,1151984896.00
2016-01-06,37.65,39.21,35.88,38.75,19015838,933193600.00
2016-01-07,37.28,37.75,34.87,34.87,4532378,211872176.00
2016-01-08,35.44,36.51,31.65,33.63,19831267,890774720.00
2016-01-11,32.17,33.47,30.28,30.35,19791909,823511680.00
2016-01-12,31.52,32.17,30.35,31.42,19681534,803399360.00
2016-01-13,31.25,31.96,29.59,29.97,15245093,612668160.00
2016-01-14,29.05,32.97,28.82,32.97,18898161,777126912.00
2016-01-15,33.67,35.02,32.75,33.67,31897120,1397472896.00
2016-01-18,33.21,36.70,33.14,35.24,25887149,1178683776.00
2016-01-19,34.62,36.59,33.68,36.05,26097572,1190590080.00
2016-01-20,35.36,36.10,33.88,34.48,21570739,981042880.00
2016-01-21,33.98,37.11,33.82,33.86,23271402,1073211072.00
2016-01-22,34.40,34.90,32.37,34.32,18524430,815753280.00
2016-01-25,34.60,35.32,33.67,34.32,13033314,583153408.00
2016-01-26,33.67,33.78,30.89,30.89,14171314,592172096.00
2016-01-27,30.75,31.75,28.18,31.38,17334747,670660608.00
2016-01-28,30.38,31.35,28.24,28.27,13270435,513295680.00
2016-01-29,28.26,30.67,28.21,29.97,15089504,582938048.00
2016-02-01,29.78,30.08,28.59,29.47,10812223,414081152.00
2016-02-02,29.72,31.47,29.67,31.09,13843901,556585024.00
2016-02-03,30.06,31.51,29.84,31.05,12676381,502293376.00
2016-02-04,31.05,32.27,31.05,31.35,13449696,555312064.00
2016-02-05,31.36,31.97,30.23,30.48,9757719,393312640.00
2016-02-15,29.21,31.96,28.82,31.52,12695143,512453984.00
2016-02-16,31.99,34.67,31.87,34.67,16712474,730514752.00
2016-02-17,34.93,35.59,33.72,34.75,19752061,890536128.00
2016-02-18,34.89,35.80,34.13,34.17,16073387,728037632.00
2016-02-19,33.82,35.02,33.55,34.42,14656634,655187392.00
2016-02-22,35.21,35.31,33.98,34.62,14595974,653984896.00
2016-02-23,34.52,35.36,33.33,34.32,14778728,663714944.00
2016-02-24,34.09,34.36,32.44,33.65,13505441,585738624.00
2016-02-25,33.10,33.52,30.28,30.28,14195575,582831936.00
2016-02-26,30.28,30.64,28.44,28.98,11728735,451148384.00
2016-02-29,28.94,28.94,26.08,26.08,9530808,330218208.00
2016-03-01,25.48,27.03,23.92,26.53,13645115,460885792.00
2016-03-02,26.26,27.92,25.90,27.69,13956494,489095136.00
2016-03-03,27.67,30.46,27.32,28.68,22267882,847868928.00
2016-03-04,27.94,28.24,25.98,25.98,16883134,593764096.00
2016-03-07,26.52,28.42,26.52,27.14,12891572,458936032.00
2016-03-08,26.44,28.32,25.05,28.00,16327308,570961792.00
2016-03-09,27.06,28.75,26.96,27.22,13232542,481177856.00
2016-03-10,27.40,27.94,26.14,26.36,11017508,386704800.00
2016-03-11,25.81,28.36,25.59,27.40,14300595,500175424.00
2016-03-14,28.63,29.67,28.38,28.93,18144747,686871168.00
2016-03-15,28.44,28.82,27.69,27.89,13064242,479323456.00
2016-03-16,28.44,28.89,26.52,27.11,14542078,521836672.00
2016-03-17,27.23,29.82,27.22,29.82,41015611,1567145344.00
2016-03-18,29.88,32.81,29.75,32.81,50017472,2029780352.00
2016-03-21,33.80,35.32,32.22,33.79,44002145,1926773120.00
2016-03-22,32.69,33.76,32.37,32.78,25576994,1099414144.00
2016-03-23,32.78,36.07,32.53,36.07,35228297,1574113792.00
2016-03-24,35.50,38.42,34.65,35.17,40488428,1906465536.00
2016-03-25,34.59,35.58,33.48,34.52,21105999,948781760.00
2016-03-28,35.05,36.15,33.79,34.12,20777767,950638848.00
2016-03-29,33.83,36.13,33.22,35.25,27456649,1245348608.00
2016-03-30,35.59,37.65,35.10,36.96,29565872,1399809920.00
2016-03-31,37.03,37.68,35.75,36.02,24921206,1192760960.00
2016-04-01,35.42,35.72,34.21,34.75,17505706,792553728.00
2016-04-05,34.75,37.52,34.71,36.82,20018833,943360512.00
2016-04-06,36.73,36.73,35.36,35.87,19605451,916486720.00
2016-04-07,36.05,36.40,34.30,34.42,18631525,848323136.00
2016-04-08,33.82,35.04,33.45,34.83,15804277,706982080.00
2016-04-11,35.09,35.90,34.68,34.82,15357726,706687296.00
2016-04-12,34.59,35.03,33.77,34.32,13361963,593413888.00
2016-04-13,34.44,35.75,34.44,34.84,19114758,876556416.00
2016-04-14,35.35,35.50,34.67,35.28,12860939,586727872.00
2016-04-15,35.52,35.74,34.59,34.79,11882767,540680704.00
2016-04-22,31.31,33.21,31.31,32.22,17095600,719012288.00
2016-04-25,31.90,31.90,30.75,31.34,9273996,377225344.00
2016-04-26,31.33,32.13,30.85,31.78,8142078,333554912.00
2016-04-27,31.64,31.89,30.77,30.88,9132845,371243616.00
2016-04-28,30.98,31.89,30.44,31.38,12102304,490728224.00
2016-04-29,30.85,31.35,30.75,31.13,7216195,291541152.00
2016-05-03,31.09,32.71,30.96,32.32,10055079,419599040.00
2016-05-04,32.13,32.43,31.78,31.86,7754912,323809408.00
2016-05-05,31.86,32.29,31.75,32.10,6006429,250309104.00
2016-05-06,31.90,32.57,29.21,29.25,13891877,559180096.00
2016-05-09,28.90,28.90,27.29,28.45,11302032,413142784.00
2016-05-10,28.40,28.73,28.09,28.72,6697080,248379168.00
2016-05-11,28.96,29.20,28.05,28.06,6043299,224016704.00
2016-05-12,26.75,28.56,26.75,28.55,6390779,229116384.00
2016-05-13,29.25,29.25,27.82,28.04,8453466,241267376.00
2016-05-16,27.99,28.75,27.66,28.75,7768257,219148464.00
2016-05-17,28.70,30.98,28.03,29.80,16136355,474796032.00
2016-05-18,29.04,29.18,27.65,27.95,11816042,335206496.00
2016-05-19,28.01,29.20,28.01,28.15,11519191,330318176.00
2016-05-20,27.64,29.10,27.40,28.98,13707696,392703072.00
2016-05-23,29.02,29.62,28.86,29.26,11691923,342453824.00
2016-05-24,29.00,29.18,28.09,28.30,9057086,258506272.00
2016-05-25,28.80,29.47,28.37,28.45,12522466,362197248.00
2016-05-26,28.50,30.21,27.96,30.18,18867255,550533504.00
2016-05-27,29.83,30.38,29.42,29.57,14784266,440937760.00
2016-05-30,29.21,29.89,28.66,29.30,8806867,258832208.00
2016-05-31,29.60,32.23,29.35,32.23,37321202,1182759808.00
2016-06-01,32.49,32.49,31.72,31.99,29724774,954135296.00
2016-06-02,31.66,32.48,31.66,32.19,20966709,673055296.00
2016-06-03,31.97,33.95,31.52,32.35,34064491,1114115712.00
2016-06-06,32.41,32.59,31.71,31.98,18230916,585526912.00
2016-06-07,31.70,31.78,31.03,31.36,23483793,735169664.00
2016-06-08,30.99,31.22,30.41,30.70,21614942,665615872.00
2016-06-13,30.18,30.60,27.63,27.63,23213597,680571904.00
2016-06-14,27.26,27.82,26.91,27.51,16913144,462485344.00
2016-06-15,26.99,29.18,26.81,28.53,18796956,534485632.00
2016-06-16,28.10,28.62,27.58,28.11,22042930,616824256.00
2016-06-17,28.09,28.99,27.56,27.73,21238285,599495360.00
2016-06-20,27.81,27.84,27.01,27.33,12542796,342547264.00
2016-06-21,27.69,28.50,27.41,27.74,21881946,612328704.00
2016-06-22,27.59,28.75,27.50,28.67,18726206,529012160.00
2016-06-23,28.54,28.67,28.01,28.30,15091796,427367136.00
2016-06-24,28.11,29.17,26.80,28.61,26730683,762788736.00
2016-06-27,28.28,30.29,28.10,29.98,24564418,721415488.00
2016-06-28,29.70,30.35,29.19,29.94,23431843,696795008.00
2016-06-29,30.10,30.18,29.34,29.46,15800934,468134144.00
2016-06-30,29.50,30.30,29.50,29.90,16683856,498175232.00
2016-07-01,29.78,29.97,29.22,29.30,12188408,359765984.00
2016-07-04,28.99,30.48,28.80,29.96,17463132,521016896.00
2016-07-05,30.39,30.39,29.60,29.92,12885544,385452928.00
2016-07-06,29.92,30.18,29.70,29.90,11158939,334056704.00
2016-07-07,29.90,29.99,28.90,29.31,13277855,390290368.00
2016-07-08,29.19,29.77,29.16,29.34,9737942,287252608.00
2016-07-11,29.22,29.60,28.90,28.95,10746129,314434784.00
2016-07-12,28.90,29.69,28.29,29.64,16033013,465906720.00
2016-07-13,29.90,30.46,29.53,29.98,17675726,529801088.00
2016-07-14,29.95,30.30,29.56,30.25,13838791,415300480.00
2016-07-15,30.48,30.48,29.50,29.62,11713714,349347200.00
2016-07-18,29.45,29.59,28.97,29.19,8668227,253498704.00
2016-07-19,29.08,29.97,29.03,29.96,10073913,297450784.00
2016-07-20,29.95,30.14,29.56,29.58,10565300,315164800.00
2016-07-21,29.40,30.10,29.25,29.64,13525698,401951552.00
2016-07-22,29.42,30.09,29.32,29.82,14870205,442491616.00
2016-07-25,29.92,31.20,29.57,30.80,25455179,776010048.00
2016-07-26,30.59,30.91,30.37,30.81,16335546,501062752.00
2016-07-27,30.88,30.88,28.25,28.31,22521636,662360256.00
2016-07-28,28.11,28.54,27.22,27.59,12934871,360207520.00
2016-07-29,27.64,27.90,27.28,27.49,6906120,190366064.00
2016-08-01,27.55,27.55,26.22,26.75,8660746,231231136.00
2016-08-02,26.76,27.04,26.63,26.88,5542716,148760880.00
2016-08-03,26.70,26.85,26.15,26.33,10919694,288702048.00
2016-08-04,26.42,26.98,26.40,26.60,9202166,245361424.00
2016-08-05,26.61,26.75,26.27,26.27,7411981,195835792.00
2016-08-08,26.19,26.69,25.81,26.68,9512252,249001392.00
2016-08-09,26.55,26.80,26.40,26.79,11462627,304904288.00
2016-08-10,26.85,26.87,26.38,26.43,10404629,276875392.00
2016-08-11,26.40,26.52,25.96,25.98,8211550,214835280.00
2016-08-12,25.92,26.20,25.63,26.19,7628321,198139760.00
2016-08-15,26.19,27.79,26.02,27.22,20255832,549422080.00
2016-08-16,27.20,27.40,26.90,27.02,12847598,348443424.00
2016-08-17,27.10,27.58,26.75,26.91,11602477,314164096.00
2016-08-18,26.98,27.36,26.76,27.06,12132218,327673088.00
2016-08-19,26.98,27.04,26.73,26.79,8309969,223116784.00
2016-08-22,26.83,27.18,26.52,26.54,8648447,232520912.00
2016-08-23,26.50,26.70,26.11,26.42,7528510,198870080.00
2016-08-24,26.50,26.81,26.35,26.55,7424390,197181328.00
2016-08-25,26.36,26.36,25.81,26.06,8448226,219728880.00
2016-08-26,26.30,26.39,26.02,26.08,7157292,187448016.00
2016-08-29,26.08,26.24,26.02,26.20,4857589,126967392.00
2016-08-30,26.20,26.41,26.17,26.20,5037142,132265336.00
2016-08-31,26.22,26.29,25.91,26.12,5573012,145337632.00
2016-09-01,26.15,26.50,26.03,26.13,8092941,212426448.00
2016-09-02,26.10,26.47,26.02,26.20,7838781,206039920.00
2016-09-05,26.34,26.43,26.00,26.06,6262767,164148704.00
2016-09-06,26.05,27.38,25.62,26.95,17649740,469817536.00
2016-09-07,26.60,26.95,26.50,26.54,9153764,244559104.00
2016-09-08,26.52,26.99,26.50,26.72,8326554,222873824.00
2016-09-09,26.70,26.70,26.16,26.16,6420978,169625360.00
2016-09-12,25.70,25.84,24.91,24.92,9587398,244509472.00
2016-09-13,25.07,25.20,24.52,24.76,8317051,206233216.00
2016-09-14,24.35,25.15,24.35,24.65,5936238,146639536.00
2016-09-19,24.80,25.00,24.40,24.64,7846218,193466816.00
2016-09-20,24.67,24.68,24.35,24.51,5240082,128229152.00
2016-09-21,24.56,24.69,24.35,24.59,8303690,203416192.00
2016-09-22,24.75,24.90,24.47,24.51,8585658,211866704.00
2016-09-23,24.58,24.63,24.22,24.25,6967823,170000048.00
2016-09-26,24.15,24.37,23.51,23.52,10783504,257951344.00
2016-09-27,23.44,23.98,23.31,23.98,9948423,235868224.00
2016-09-28,24.02,24.10,23.70,23.92,5782187,138337824.00
2016-09-29,23.93,24.08,23.85,23.89,4935519,118407448.00
2016-09-30,23.99,24.10,23.87,23.92,3931626,94213080.00
2016-10-10,24.10,24.83,24.05,24.63,9106425,223402176.00
2016-10-11,24.63,24.77,24.30,24.67,8124827,198969360.00
2016-10-12,24.50,24.62,24.36,24.59,5439918,133305232.00
2016-10-13,24.70,26.17,24.62,26.03,28746985,732919808.00
2016-10-14,25.80,26.73,25.40,26.51,20147898,524794784.00
2016-10-17,26.37,26.37,25.46,25.58,12896257,333260320.00
2016-10-18,25.50,26.91,25.50,26.30,21022404,554062976.00
2016-10-19,26.29,26.43,25.70,25.95,9732431,253161984.00
2016-10-20,26.05,26.09,25.54,25.63,7665980,197184928.00
2016-10-21,25.63,25.79,25.03,25.25,9211058,233331376.00
2016-10-24,25.30,25.72,25.23,25.38,7477294,190708480.00
2016-10-25,25.40,25.76,25.25,25.36,7327692,186489776.00
2016-10-26,25.20,25.65,25.19,25.35,7773865,197442640.00
2016-10-27,25.29,26.47,25.12,25.60,18565037,479745952.00
2016-10-28,25.40,25.89,25.13,25.16,9931574,252809952.00
2016-10-31,24.99,24.99,24.38,24.48,8760821,214944960.00
2016-11-01,24.54,24.77,24.45,24.68,5871306,144380240.00
2016-11-02,24.55,24.59,24.17,24.22,7849009,191066992.00
2016-11-03,24.11,24.87,24.03,24.43,7954439,195066976.00
2016-11-04,24.50,24.70,24.25,24.46,6122605,149793168.00
2016-11-07,24.50,24.56,24.10,24.22,5777462,140004640.00
2016-11-08,24.40,24.68,24.30,24.43,7930664,193833136.00
2016-11-09,24.48,24.54,23.39,23.86,12250663,293458560.00
2016-11-10,24.10,24.20,23.81,23.96,9873661,236926832.00
2016-11-11,24.01,24.20,23.69,24.00,11794780,282172448.00
2016-11-14,24.15,24.86,24.10,24.16,21248775,521082976.00
2016-11-15,24.35,25.30,24.20,25.30,23590162,584505152.00
2016-11-16,25.79,26.00,25.00,25.07,23564458,600945152.00
2016-11-17,24.80,25.13,24.68,24.88,10795876,268148640.00
2016-11-18,24.85,24.98,24.61,24.71,7463790,184828976.00
2016-11-21,24.65,25.10,24.60,24.83,7047621,174757760.00
2016-11-22,24.85,25.71,24.61,25.59,15710687,395481664.00
2016-11-23,25.48,26.40,25.40,25.66,25022921,646592192.00
2016-11-24,25.50,26.00,25.32,25.33,16341977,418717984.00
2016-11-25,25.20,26.31,24.50,26.20,27843996,714964736.00
2016-11-28,26.05,26.48,25.82,26.11,12972200,338639264.00
数据来源:通达信
