300016 北陆药业 日线 前复权
      日期	    开盘	    最高	    最低	    收盘	    成交量	    成交额
2011-10-10,4.20,4.26,4.16,4.17,193545,1776567.63
2011-10-11,4.27,4.30,4.14,4.18,265944,2456068.25
2011-10-12,4.16,4.35,4.12,4.33,365251,3416004.75
2011-10-13,4.33,4.42,4.32,4.38,400160,3804863.25
2011-10-14,4.35,4.38,4.27,4.33,331429,3120648.00
2011-10-17,4.41,4.41,4.31,4.36,255676,2421797.00
2011-10-18,4.31,4.34,4.23,4.25,283856,2639447.25
2011-10-19,4.25,4.29,4.22,4.23,162303,1499542.50
2011-10-20,4.18,4.22,4.04,4.04,380950,3403361.50
2011-10-21,4.05,4.06,4.00,4.01,240892,2124085.50
2011-10-24,4.05,4.09,3.91,4.08,238669,2091829.00
2011-10-25,4.07,4.25,4.07,4.20,433092,3935972.00
2011-10-26,4.17,4.32,4.17,4.27,730561,6785753.50
2011-10-27,4.27,4.32,4.23,4.24,466519,4349299.00
2011-10-28,4.31,4.34,4.26,4.32,594657,5565062.00
2011-10-31,4.32,4.37,4.29,4.35,579742,5465732.50
2011-11-01,4.32,4.45,4.30,4.43,1048616,9995790.00
2011-11-02,4.37,4.57,4.32,4.57,1254857,12120951.00
2011-11-03,4.60,4.69,4.56,4.60,1679338,16870154.00
2011-11-04,4.61,4.79,4.61,4.79,2039558,20772806.00
2011-11-07,4.95,4.97,4.70,4.73,2218401,23095252.00
2011-11-08,4.79,4.80,4.63,4.67,1153229,11727923.00
2011-11-09,4.71,4.81,4.58,4.81,1481475,15063225.00
2011-11-10,4.73,5.14,4.70,4.95,3937213,42083324.00
2011-11-11,4.95,5.34,4.93,5.21,4213105,46697656.00
2011-11-14,5.30,5.40,5.19,5.22,3461962,38968540.00
2011-11-15,5.20,5.25,5.15,5.22,2109690,23520220.00
2011-11-16,5.22,5.23,4.95,5.01,1759818,19214824.00
2011-11-17,5.00,5.11,4.95,4.99,1118148,12098442.00
2011-11-18,4.98,4.98,4.72,4.77,1156032,12041944.00
2011-11-21,4.79,4.85,4.69,4.78,785068,8067564.50
2011-11-22,4.81,4.85,4.69,4.84,664498,6864560.00
2011-11-23,4.87,4.90,4.78,4.81,688890,7190052.00
2011-11-24,4.82,4.82,4.66,4.72,758040,7741198.50
2011-11-25,4.72,4.76,4.62,4.68,538022,5453247.00
2011-11-28,4.67,4.74,4.63,4.70,440357,4471693.50
2011-11-29,4.73,4.87,4.73,4.85,939802,9746720.00
2011-11-30,4.90,4.90,4.41,4.50,1101160,11098982.00
2011-12-01,4.72,4.74,4.58,4.69,1137828,11472848.00
2011-12-02,4.69,4.69,4.38,4.38,1978220,19179314.00
2011-12-05,4.37,4.37,4.20,4.23,594780,5489957.50
2011-12-06,4.24,4.33,4.20,4.30,370544,3421864.25
2011-12-07,4.30,4.35,4.25,4.33,312020,2925663.50
2011-12-08,4.32,4.36,4.16,4.27,600485,5588714.00
2011-12-09,4.18,4.24,4.10,4.17,486108,4437397.00
2011-12-12,4.18,4.22,4.14,4.15,255680,2332339.00
2011-12-13,4.08,4.19,4.05,4.05,459124,4100540.00
2011-12-14,4.02,4.10,3.99,4.02,319113,2829343.25
2011-12-15,4.06,4.07,3.97,4.02,494942,4355390.00
2011-12-16,4.01,4.20,4.01,4.19,597870,5359021.00
2011-12-19,4.14,4.25,4.10,4.25,648916,5894667.50
2011-12-20,4.22,4.29,4.15,4.16,401186,3696432.00
2011-12-21,4.19,4.27,4.10,4.10,580332,5295898.00
2011-12-22,4.06,4.22,3.91,4.15,770617,6786886.00
2011-12-23,4.07,4.25,4.07,4.18,414241,3779464.25
2011-12-26,4.20,4.22,4.12,4.13,312950,2850948.75
2011-12-27,4.15,4.15,3.96,4.00,305250,2688088.50
2011-12-28,4.00,4.03,3.82,3.98,340952,2917732.25
2011-12-29,3.90,3.98,3.90,3.92,228261,1971240.63
2011-12-30,4.02,4.03,3.94,3.99,256793,2246601.50
2012-01-04,4.03,4.08,3.88,3.88,249899,2182040.50
2012-01-05,3.84,3.91,3.53,3.61,636586,5191957.50
2012-01-06,3.62,3.64,3.47,3.62,641250,5028259.50
2012-01-09,3.66,3.77,3.51,3.76,593070,4804964.00
2012-01-10,3.74,3.95,3.71,3.91,712670,6044131.00
2012-01-11,3.94,3.95,3.85,3.90,500094,4285145.50
2012-01-12,3.86,3.94,3.85,3.87,349254,2983165.50
2012-01-13,3.89,3.89,3.59,3.60,680772,5547595.00
2012-01-16,3.57,3.64,3.50,3.50,330769,2597431.00
2012-01-17,3.58,3.74,3.52,3.73,500463,4032784.25
2012-01-18,3.75,3.77,3.55,3.58,500270,4051583.00
2012-01-19,3.58,3.70,3.58,3.66,414291,3341697.75
2012-01-20,3.67,3.74,3.66,3.72,480667,3927853.00
2012-01-30,3.81,3.81,3.71,3.75,373363,3098267.50
2012-01-31,3.67,3.74,3.65,3.69,331967,2692042.25
2012-02-01,3.69,3.77,3.66,3.67,346250,2833517.25
2012-02-02,3.65,3.76,3.65,3.75,301802,2474424.50
2012-02-03,3.75,3.85,3.74,3.84,620927,5190261.50
2012-02-06,3.84,3.89,3.82,3.87,554439,4693579.00
2012-02-07,3.86,3.86,3.74,3.79,388186,3238126.75
2012-02-08,3.78,3.92,3.76,3.90,605783,5136784.50
2012-02-09,3.90,4.03,3.87,4.00,984513,8558987.00
2012-02-10,3.98,4.05,3.95,4.02,631067,5529069.50
2012-02-13,4.03,4.10,3.92,4.04,638445,5640929.50
2012-02-14,4.04,4.07,3.99,4.05,406060,3583098.75
2012-02-15,4.02,4.14,4.01,4.13,621161,5557646.00
2012-02-16,4.11,4.16,4.00,4.09,721705,6424886.50
2012-02-17,4.09,4.12,4.02,4.05,458609,4068835.50
2012-02-20,4.09,4.12,4.02,4.02,522029,4648676.50
2012-02-21,4.03,4.15,3.98,4.15,655176,5817069.50
2012-02-22,4.14,4.26,4.12,4.24,769071,7028490.50
2012-02-23,4.24,4.28,4.16,4.21,826085,7582061.00
2012-02-24,4.18,4.27,4.18,4.24,695396,6404817.50
2012-02-27,4.24,4.35,4.21,4.30,1063384,9889880.00
2012-02-28,4.25,4.30,4.16,4.24,632669,5819551.00
2012-02-29,4.18,4.23,4.11,4.11,822559,7466097.50
2012-03-01,4.09,4.16,4.06,4.09,710049,6381780.50
2012-03-02,4.07,4.22,4.07,4.22,846419,7712182.00
2012-03-05,4.23,4.27,4.18,4.25,621749,5724733.50
2012-03-06,4.25,4.25,4.14,4.16,475861,4338464.00
2012-03-07,4.16,4.21,4.11,4.15,681969,6169249.50
2012-03-08,4.17,4.24,4.13,4.21,759751,6964148.50
2012-03-09,4.24,4.36,4.22,4.36,1108224,10388503.00
2012-03-12,4.38,4.53,4.37,4.47,1746023,16888338.00
2012-03-13,4.42,4.52,4.42,4.48,835679,8086558.00
2012-03-14,4.48,4.57,4.16,4.22,1636567,15670339.00
2012-03-15,4.25,4.35,4.16,4.31,1325986,12332272.00
2012-03-16,4.29,4.52,4.29,4.50,1451015,13913394.00
2012-03-19,4.51,4.64,4.47,4.62,1663271,16501047.00
2012-03-20,4.60,4.60,4.40,4.45,983001,9527906.00
2012-03-21,4.50,4.50,4.32,4.48,623720,5975955.50
2012-03-23,4.40,4.47,4.30,4.32,536381,5063891.50
2012-03-26,4.36,4.37,4.27,4.32,359735,3378261.50
2012-03-27,4.36,4.37,4.26,4.26,421552,3948955.00
2012-03-28,4.24,4.25,3.92,3.93,736456,6525022.00
2012-03-29,3.93,3.97,3.82,3.91,363680,3119927.25
2012-03-30,3.91,3.96,3.85,3.92,365291,3128151.75
2012-04-05,3.96,4.05,3.93,4.01,287499,2514998.75
2012-04-06,4.03,4.06,3.99,4.04,300146,2643750.00
2012-04-09,4.01,4.08,4.01,4.04,245792,2175871.75
2012-04-10,4.02,4.17,3.94,4.17,314029,2778193.50
2012-04-11,4.15,4.19,4.08,4.12,383355,3390795.50
2012-04-12,4.14,4.26,4.10,4.26,627513,5590499.50
2012-04-13,4.21,4.26,4.19,4.24,406876,3669913.75
2012-04-16,4.21,4.29,4.18,4.25,368877,3330757.00
2012-04-17,4.23,4.27,4.18,4.19,304396,2733913.75
2012-04-18,4.21,4.29,4.19,4.27,398728,3609220.50
2012-04-19,4.28,4.36,4.27,4.31,464356,4259172.00
2012-04-20,4.31,4.34,4.27,4.34,392579,3603834.50
2012-04-23,4.31,4.35,4.06,4.09,832326,7482642.00
2012-04-24,4.07,4.20,3.96,4.12,527909,4600698.50
2012-04-25,4.10,4.19,4.09,4.16,386039,3406924.00
2012-04-26,4.19,4.22,4.15,4.19,299283,2664365.00
2012-04-27,4.20,4.25,4.14,4.19,283484,2537785.25
2012-05-02,4.33,4.33,4.26,4.31,654387,5991064.50
2012-05-03,4.30,4.42,4.26,4.41,713415,6605014.00
2012-05-04,4.41,4.42,4.29,4.37,509371,4722821.00
2012-05-07,4.38,4.48,4.29,4.47,807070,7492383.50
2012-05-08,4.44,4.48,4.37,4.48,838852,7907452.00
2012-05-09,4.42,4.47,4.36,4.43,717994,6724566.00
2012-05-10,4.37,4.57,4.37,4.47,808140,7704198.00
2012-05-11,4.47,4.47,4.41,4.41,461744,4349639.50
2012-05-14,4.46,4.54,4.37,4.45,914949,8665829.00
2012-05-15,4.39,4.42,4.29,4.39,691088,6403354.00
2012-05-16,4.39,4.39,4.34,4.38,321065,2981680.75
2012-05-17,4.37,4.42,4.34,4.39,390621,3650341.75
2012-05-18,4.37,4.42,4.16,4.23,687857,6281343.00
2012-05-21,4.20,4.24,4.13,4.21,429863,3829188.75
2012-05-22,4.21,4.56,4.21,4.47,1489198,14037689.00
2012-05-23,4.44,4.65,4.41,4.58,1671400,16067037.00
2012-05-24,4.63,4.63,4.50,4.56,1434931,13894924.00
2012-05-25,4.56,4.66,4.50,4.56,1749682,17042418.00
2012-05-28,4.56,4.87,4.56,4.87,2242003,22453626.00
2012-05-29,4.87,5.02,4.76,4.95,2309223,24095950.00
2012-05-30,4.92,5.01,4.87,4.95,1080723,11279180.00
2012-05-31,4.87,4.96,4.83,4.94,667434,6923976.00
2012-06-01,4.89,4.97,4.87,4.97,662256,6864236.50
2012-06-04,4.87,5.01,4.81,4.93,965285,9985019.00
2012-06-05,4.89,5.06,4.88,4.97,937238,9864885.00
2012-06-06,5.04,5.12,4.89,5.02,718912,7589375.00
2012-06-07,4.97,5.09,4.92,4.97,813039,8584667.00
2012-06-08,4.97,5.00,4.75,4.97,724091,7498806.50
2012-06-11,4.87,5.00,4.87,4.98,388124,4065008.75
2012-06-12,4.99,5.20,4.88,5.07,896418,9559909.00
2012-06-13,5.07,5.28,5.02,5.20,1062560,11576715.00
2012-06-14,5.18,5.25,5.10,5.19,751290,8213481.50
2012-06-15,5.19,5.26,5.11,5.16,758974,8313510.00
2012-06-18,5.15,5.17,5.03,5.17,875889,9428952.00
2012-06-19,5.09,5.17,5.09,5.13,479812,5193390.00
2012-06-20,5.09,5.12,5.00,5.04,583825,6211417.50
2012-06-21,4.99,5.02,4.80,4.97,832600,8610267.00
2012-06-25,4.96,4.97,4.83,4.93,265428,2748362.00
2012-06-26,4.92,4.95,4.82,4.90,261962,2705894.50
2012-06-27,4.87,5.00,4.87,4.94,303333,3177587.75
2012-06-28,4.94,5.02,4.91,4.92,215120,2257856.50
2012-06-29,4.88,5.01,4.86,5.00,385007,4032899.75
2012-07-02,5.06,5.32,5.02,5.21,1272978,13923696.00
2012-07-03,5.55,5.76,5.55,5.76,3814925,45982524.00
2012-07-04,5.95,5.97,5.64,5.68,5831153,70498744.00
2012-07-05,5.52,5.85,5.48,5.74,3502454,41939584.00
2012-07-06,5.68,5.80,5.42,5.74,2582511,30565936.00
2012-07-09,5.72,6.12,5.67,5.89,4549898,56318800.00
2012-07-10,5.76,5.84,5.58,5.82,2544051,30559160.00
2012-07-11,5.72,6.06,5.63,6.05,3749626,46442980.00
2012-07-12,6.05,6.06,5.81,5.85,3013172,37323252.00
2012-07-13,5.81,6.20,5.80,6.16,3659120,46300760.00
2012-07-16,6.10,6.35,5.92,5.94,3738150,48225380.00
2012-07-17,5.83,6.15,5.63,5.97,2240682,27749788.00
2012-07-18,5.92,6.00,5.64,6.00,2634654,32059604.00
2012-07-19,5.92,5.99,5.80,5.86,994462,12317978.00
2012-07-20,5.83,5.96,5.78,5.81,735479,9012682.00
2012-07-23,5.72,6.02,5.72,6.01,1327920,16457779.00
2012-07-24,5.96,6.19,5.90,6.01,842028,10605268.00
2012-07-25,5.96,6.19,5.93,6.02,1632180,20835134.00
2012-07-26,5.98,6.12,5.88,5.95,764649,9603096.00
2012-07-27,5.96,6.02,5.63,5.85,1767793,21341332.00
2012-07-30,5.71,5.82,5.71,5.73,449926,5435405.50
2012-07-31,5.75,5.83,5.66,5.77,395951,4779901.50
2012-08-01,5.77,6.05,5.77,5.91,573374,7122731.00
2012-08-02,5.90,6.47,5.90,6.45,3918975,51166228.00
2012-08-03,6.31,6.60,6.20,6.49,2828714,37623456.00
2012-08-06,6.50,6.70,6.40,6.58,2670495,36535492.00
2012-08-07,6.62,6.62,6.43,6.59,2405840,32606956.00
2012-08-08,6.48,6.56,6.33,6.37,1505605,20249690.00
2012-08-09,6.32,6.60,6.30,6.54,1745734,23469890.00
2012-08-10,6.52,6.59,6.40,6.49,1146486,15518477.00
2012-08-13,6.46,6.98,6.42,6.65,2559742,35987884.00
2012-08-14,6.65,6.97,6.58,6.90,2291748,32334526.00
2012-08-15,6.86,7.22,6.73,6.77,2987448,43740048.00
2012-08-16,6.75,6.92,6.48,6.53,1713003,23707100.00
2012-08-17,6.53,6.67,6.39,6.52,909726,12265927.00
2012-08-20,6.47,6.78,6.39,6.70,1049329,14530639.00
2012-08-21,6.77,7.01,6.67,6.86,1919863,27339578.00
2012-08-22,6.86,7.15,6.80,6.95,1930453,27889038.00
2012-08-23,6.90,7.10,6.72,6.81,1342568,19118320.00
2012-08-24,6.73,6.88,6.53,6.62,1142629,15774010.00
2012-08-27,6.62,6.81,6.49,6.57,1283344,17702520.00
2012-08-28,6.57,6.61,6.33,6.49,1866622,25145818.00
2012-08-29,6.42,6.69,6.41,6.50,806735,11050094.00
2012-08-30,6.46,6.57,5.90,5.90,2609569,33153064.00
2012-08-31,5.78,6.17,5.75,6.10,1018317,12779340.00
2012-09-03,5.96,6.20,5.96,6.15,839703,10721273.00
2012-09-04,6.16,6.43,6.14,6.14,1848188,24292356.00
2012-09-05,6.15,6.27,5.93,6.06,1262440,15934939.00
2012-09-06,6.10,6.18,6.05,6.13,1121530,14328058.00
2012-09-07,6.13,6.42,6.13,6.35,1381328,18180552.00
2012-09-10,6.30,6.56,6.21,6.53,1257336,16700904.00
2012-09-11,6.52,6.91,6.41,6.79,2909079,40835596.00
2012-09-12,6.79,6.87,6.68,6.80,936836,13263561.00
2012-09-13,6.80,6.87,6.65,6.65,712828,10074130.00
2012-09-14,6.65,6.72,6.52,6.64,584779,8066762.00
2012-09-17,6.52,6.63,6.17,6.32,1620679,21326430.00
2012-09-18,6.22,6.51,6.18,6.49,617841,8235297.00
2012-09-19,6.48,6.52,6.25,6.50,376718,5069085.50
2012-09-20,6.47,6.53,6.31,6.42,634682,8513916.00
2012-09-21,6.40,6.47,6.34,6.42,335502,4483443.00
2012-09-24,6.42,6.53,6.05,6.42,950591,12450321.00
2012-09-25,6.31,6.39,6.16,6.20,610005,8028668.50
2012-09-26,6.20,6.22,5.81,5.91,849220,10791458.00
2012-09-27,5.97,6.24,5.88,6.21,567523,7257709.00
2012-09-28,6.17,6.29,6.06,6.28,632215,8185880.50
2012-10-08,6.18,6.26,6.01,6.21,528386,6778346.00
2012-10-09,6.21,6.31,6.13,6.23,1485935,19407458.00
2012-10-10,6.18,6.74,6.18,6.55,2894160,39515760.00
2012-10-11,6.52,6.75,6.46,6.51,1505849,20694774.00
2012-10-12,6.47,6.59,6.31,6.43,1264632,17032366.00
2012-10-15,6.43,6.43,6.22,6.38,756426,10010657.00
2012-10-16,6.34,6.80,6.34,6.71,1809437,25149872.00
2012-10-17,6.73,6.80,6.56,6.70,1111089,15390174.00
2012-10-18,6.67,6.76,6.61,6.70,840047,11714090.00
2012-10-19,6.62,6.76,6.57,6.71,692874,9615957.00
2012-10-22,6.66,6.89,6.62,6.89,1287238,18260404.00
2012-10-23,6.90,6.90,6.62,6.67,1657000,23235618.00
2012-10-24,6.57,6.74,6.57,6.58,705759,9757686.00
2012-10-25,6.59,6.65,6.26,6.32,973308,13062768.00
2012-10-26,6.22,6.42,6.22,6.24,1301235,17165700.00
2012-10-29,6.22,6.37,6.22,6.37,801619,10533459.00
2012-10-30,6.40,6.55,6.32,6.51,532911,7167406.50
2012-10-31,6.50,6.57,6.47,6.57,470188,6402760.00
2012-11-01,6.61,6.63,6.46,6.58,782385,10638149.00
2012-11-02,6.53,6.60,6.41,6.50,773927,10496140.00
2012-11-05,6.42,6.51,6.27,6.42,638000,8469115.00
2012-11-06,6.37,6.44,6.25,6.42,499481,6570880.50
2012-11-07,6.41,6.43,6.27,6.39,398166,5293454.50
2012-11-08,6.37,6.37,6.15,6.15,618049,8024565.00
2012-11-09,6.09,6.16,5.98,6.16,452344,5757304.00
2012-11-12,6.18,6.27,6.02,6.21,662625,8546563.00
2012-11-13,6.20,6.22,6.01,6.22,387150,4956228.50
2012-11-14,6.17,6.22,6.05,6.08,519491,6661452.50
2012-11-15,6.03,6.24,6.03,6.12,596206,7627170.50
2012-11-16,6.07,6.17,6.00,6.17,431661,5480413.50
2012-11-19,6.06,6.16,6.06,6.11,493397,6286760.00
2012-11-20,6.16,6.17,6.02,6.12,971018,12348358.00
2012-11-21,6.12,6.16,6.02,6.15,466968,5956133.00
2012-11-22,6.16,6.16,5.95,6.02,1394804,17656044.00
2012-11-23,5.96,6.10,5.95,6.05,442954,5608929.50
2012-11-26,6.11,6.11,5.97,6.09,377651,4759367.50
2012-11-27,6.09,6.09,5.85,5.85,679720,8406423.00
2012-11-28,5.82,5.87,5.57,5.59,1454175,17350440.00
2012-11-29,5.56,5.62,5.51,5.52,630515,7333704.00
2012-11-30,5.54,5.56,5.41,5.55,239134,2766272.75
2012-12-03,5.47,5.57,5.46,5.47,222731,2575358.50
2012-12-04,5.45,5.57,5.32,5.51,344820,3924576.50
2012-12-05,5.51,5.87,5.48,5.83,824087,9921374.00
2012-12-06,5.73,5.95,5.72,5.90,309582,3808820.75
2012-12-07,5.80,6.16,5.80,6.14,476817,6015661.00
2012-12-10,6.07,6.17,6.04,6.12,217560,2771803.00
2012-12-11,6.08,6.15,6.06,6.06,178896,2289437.00
2012-12-12,6.02,6.11,5.92,6.06,273449,3443893.25
2012-12-13,5.98,6.06,5.91,5.93,144151,1805080.00
2012-12-14,6.04,6.20,5.93,6.11,730173,9238630.00
2012-12-17,6.10,6.16,5.85,6.02,2758761,34313612.00
2012-12-18,6.01,6.02,5.92,5.97,608703,7594155.50
2012-12-19,5.93,6.15,5.82,6.12,1122203,14202676.00
2012-12-20,6.12,6.16,6.04,6.13,355006,4530600.50
2012-12-21,6.06,6.56,6.06,6.56,1580081,21144728.00
2012-12-24,6.48,6.80,6.47,6.72,1869856,26069030.00
2012-12-25,6.63,6.82,6.63,6.72,898389,12606169.00
2012-12-26,6.68,6.99,6.65,6.99,1080854,15371998.00
2012-12-27,6.95,7.01,6.76,6.95,924416,13220847.00
2012-12-28,6.87,7.05,6.82,7.05,1240264,18052020.00
2012-12-31,7.05,7.18,6.90,7.17,1695192,24973110.00
2013-01-04,7.22,7.22,6.75,6.82,877170,12570511.00
2013-01-07,6.82,7.12,6.81,6.95,1295444,18650380.00
2013-01-08,6.87,7.01,6.87,6.92,729775,10540523.00
2013-01-09,6.97,6.97,6.74,6.74,882795,12594278.00
2013-01-10,6.70,6.82,6.67,6.81,1106826,15535769.00
2013-01-11,6.77,6.86,6.64,6.67,815480,11506716.00
2013-01-14,6.67,7.00,6.57,6.97,1206671,17421970.00
2013-01-15,6.97,7.05,6.89,7.03,754970,10945905.00
2013-01-16,7.03,7.06,6.86,7.03,1216531,17564060.00
2013-01-17,7.02,7.22,6.77,6.82,1886686,27290764.00
2013-01-18,6.82,7.37,6.82,7.36,2275203,33254778.00
2013-01-21,7.35,7.71,7.32,7.62,2786850,43622584.00
2013-01-22,7.65,7.70,7.38,7.49,1044141,16279909.00
2013-01-23,7.45,7.61,7.25,7.48,738274,11411738.00
2013-01-24,7.42,7.56,6.99,7.47,1203106,18248222.00
2013-01-25,7.27,7.71,7.23,7.66,1671124,26061574.00
2013-01-28,7.62,7.89,7.50,7.80,2567432,41010848.00
2013-01-29,7.77,7.99,7.62,7.90,2509588,40912564.00
2013-01-30,7.79,7.91,7.71,7.73,910555,14713148.00
2013-01-31,7.68,7.72,7.39,7.57,1412609,22034950.00
2013-02-01,7.55,7.65,7.28,7.47,1289530,19801966.00
2013-02-04,7.46,7.46,7.10,7.18,1322276,19912458.00
2013-02-05,7.09,7.32,7.03,7.22,904723,13562504.00
2013-02-06,7.22,7.39,7.09,7.27,1394180,20983912.00
2013-02-07,7.23,7.66,7.23,7.58,1515814,23517560.00
2013-02-08,7.57,7.72,7.52,7.62,1285506,20298618.00
2013-02-18,7.62,7.69,7.48,7.52,758593,11928640.00
2013-02-19,7.53,7.69,7.45,7.57,918370,14360608.00
2013-02-20,7.54,8.00,7.48,8.00,2492266,40404832.00
2013-02-21,7.92,8.11,7.70,7.99,1726582,28409644.00
2013-02-22,7.87,8.02,7.74,7.75,730710,11905028.00
2013-02-25,7.75,8.12,7.75,8.00,745087,12308689.00
2013-02-26,8.62,8.83,8.25,8.82,7861537,140754464.00
2013-02-27,8.52,8.65,8.16,8.24,4149354,71712672.00
2013-02-28,8.21,8.31,8.01,8.30,2873545,48485012.00
2013-03-01,8.31,8.49,8.26,8.45,2334731,40433036.00
2013-03-04,8.37,8.40,8.02,8.10,1984189,33679336.00
2013-03-05,8.26,8.87,8.17,8.61,3862339,68281632.00
2013-03-06,8.62,9.47,8.56,9.25,3845280,71802760.00
2013-03-07,9.27,9.67,8.87,9.02,4722381,89662608.00
2013-03-08,8.83,9.11,8.76,8.88,2051645,37602040.00
2013-03-11,8.90,9.21,8.90,9.05,2543485,47594472.00
2013-03-12,9.03,9.09,8.28,8.41,4009454,70941040.00
2013-03-13,8.36,8.55,8.31,8.40,1818978,31616898.00
2013-03-14,8.44,8.53,8.23,8.28,2720116,47079892.00
2013-03-15,8.42,8.70,8.30,8.56,4721534,83290480.00
2013-03-18,8.47,8.80,8.46,8.58,2122628,37796588.00
2013-03-19,8.53,8.60,8.07,8.19,3382974,57926148.00
2013-03-20,8.18,8.41,8.18,8.39,2959948,50892516.00
2013-03-21,8.42,8.78,8.35,8.72,4046081,71969752.00
2013-03-22,8.72,8.82,8.60,8.79,2945318,52988728.00
2013-03-25,8.75,8.92,8.64,8.76,2337758,42135284.00
2013-03-26,8.82,8.94,8.60,8.77,2442290,44047024.00
2013-03-27,8.72,9.03,8.70,8.92,5367404,98651648.00
2013-03-28,8.82,8.93,8.47,8.54,3611193,64682212.00
2013-03-29,8.51,8.72,8.43,8.55,2572243,45501156.00
2013-04-01,8.55,8.75,8.51,8.57,2123678,37616260.00
2013-04-02,8.52,8.52,7.91,7.95,4465483,75376288.00
2013-04-03,7.93,8.05,7.68,7.82,2107356,34180996.00
2013-04-08,7.72,8.14,7.68,8.07,1698161,27946158.00
2013-04-09,8.15,8.15,7.98,8.09,1600472,26692514.00
2013-04-10,8.07,8.12,7.83,7.94,1694694,27905276.00
2013-04-11,8.02,8.02,7.71,7.77,1354389,21824560.00
2013-04-12,7.77,7.88,7.71,7.88,898731,14561560.00
2013-04-15,7.88,7.93,7.75,7.77,924006,14928923.00
2013-04-16,7.77,7.93,7.52,7.81,1697693,13452748.00
2013-04-17,7.81,8.11,7.72,8.08,3279434,26820814.00
2013-04-18,8.02,8.11,7.92,8.01,2708181,22189132.00
2013-04-19,8.02,8.14,7.89,8.08,6939841,56977168.00
2013-04-22,8.02,8.29,7.98,8.23,5806434,48646416.00
2013-04-23,8.15,8.38,7.75,7.84,8019399,65599160.00
2013-04-24,7.82,7.97,7.71,7.95,4951522,39566884.00
2013-04-25,7.92,7.92,7.56,7.67,5094181,40277240.00
2013-04-26,7.63,7.71,7.30,7.33,4182193,31834806.00
2013-05-02,7.32,7.49,7.24,7.45,1694797,12847127.00
2013-05-03,7.43,7.57,7.32,7.53,4500852,34462540.00
2013-05-06,7.57,7.68,7.47,7.62,3631727,28272288.00
2013-05-07,7.59,7.64,7.42,7.55,3728493,28647186.00
2013-05-08,7.53,7.82,7.53,7.77,5161221,40776412.00
2013-05-09,7.77,7.97,7.70,7.94,5119015,41092732.00
2013-05-10,7.92,7.93,7.65,7.77,3739534,29807124.00
2013-05-13,7.79,7.85,7.66,7.80,2085318,16605942.00
2013-05-14,7.76,7.83,7.62,7.67,2175681,17157524.00
2013-05-15,7.67,7.86,7.64,7.85,2731341,21668490.00
2013-05-16,7.85,7.92,7.62,7.68,5052424,40203028.00
2013-05-17,7.68,7.75,7.60,7.70,4572004,35995480.00
2013-05-20,7.73,7.80,7.34,7.50,11065198,84593856.00
2013-05-21,7.45,7.55,7.41,7.51,5812467,44409632.00
2013-05-22,7.53,7.56,7.44,7.46,4764251,36585772.00
2013-05-23,7.44,7.54,7.42,7.47,3823270,29294868.00
2013-05-24,7.50,7.89,7.44,7.87,9159572,72012576.00
2013-05-27,7.86,8.63,7.86,8.59,18113319,152814896.00
2013-05-28,8.60,8.61,8.15,8.27,11451795,97704120.00
2013-05-29,8.22,8.40,8.06,8.28,5750744,48269476.00
2013-05-30,8.22,8.55,8.12,8.34,10163223,87378504.00
2013-05-31,8.35,8.42,8.14,8.21,5922318,49986812.00
2013-06-03,8.20,8.37,7.90,7.94,6099031,50588236.00
2013-06-04,7.90,7.96,7.43,7.62,8456310,65977708.00
2013-06-05,7.57,7.70,7.47,7.69,3306456,25761360.00
2013-06-06,7.63,7.65,7.41,7.51,3272588,25235522.00
2013-06-07,7.52,7.59,7.38,7.40,3181264,24301470.00
2013-06-13,7.39,7.39,6.97,7.13,2980714,21707416.00
2013-06-14,7.18,7.64,7.15,7.57,4667043,35584468.00
2013-06-17,7.58,7.68,7.40,7.46,2765242,21312110.00
2013-06-18,7.46,7.54,7.30,7.41,1614283,12242475.00
2013-06-19,7.33,7.46,7.28,7.38,1449618,10934721.00
2013-06-20,7.35,7.40,7.14,7.16,2118363,15747852.00
2013-06-21,7.02,7.19,6.89,7.06,2027698,14673879.00
2013-06-24,6.94,7.10,6.64,6.78,3170616,22355098.00
2013-06-25,6.68,6.92,6.08,6.84,3879561,25953654.00
2013-06-26,6.82,7.01,6.66,7.01,2968786,20988690.00
2013-06-27,7.00,7.07,6.68,6.73,3213219,22848478.00
2013-06-28,6.72,6.89,6.61,6.67,1662459,11457455.00
2013-07-01,6.63,6.91,6.63,6.88,1730448,12076389.00
2013-07-02,6.88,7.19,6.84,7.12,3836072,27810820.00
2013-07-03,7.11,7.19,6.91,7.12,2984353,21645614.00
2013-07-04,7.05,7.23,6.93,7.08,3355529,24362116.00
2013-07-05,7.08,7.16,6.95,6.98,1778280,12858288.00
2013-07-08,6.87,6.90,6.50,6.53,2680405,18432100.00
2013-07-09,6.52,6.59,6.43,6.51,1418405,9502729.00
2013-07-10,6.51,6.69,6.51,6.67,1682002,11438710.00
2013-07-11,6.66,6.94,6.66,6.90,3122621,21876538.00
2013-07-12,6.72,6.95,6.72,6.84,4414504,30962166.00
2013-07-15,6.83,7.02,6.81,7.00,3591703,25547660.00
2013-07-16,7.01,7.07,6.91,7.00,2689007,19226008.00
2013-07-17,6.98,7.09,6.94,6.98,3314090,23854350.00
2013-07-18,6.93,7.04,6.93,6.98,2041912,14619216.00
2013-07-19,6.98,7.07,6.73,6.73,3862588,27479654.00
2013-07-22,6.70,6.78,6.63,6.76,3013504,20758164.00
2013-07-23,6.80,7.05,6.76,7.05,4133422,29515154.00
2013-07-24,7.06,7.60,6.99,7.48,9883945,75004088.00
2013-07-25,7.35,7.77,7.35,7.49,9633374,75071840.00
2013-07-26,7.48,7.71,7.36,7.52,4596300,35448804.00
2013-07-29,7.52,7.72,7.40,7.67,5501363,42814352.00
2013-07-30,7.72,8.22,7.71,8.15,13844706,113471208.00
2013-07-31,8.02,8.98,7.97,8.52,19177104,166707504.00
2013-08-01,8.32,8.61,8.23,8.61,13800357,118664176.00
2013-08-02,8.60,8.79,8.43,8.48,11247337,98429376.00
2013-08-05,8.43,8.67,8.42,8.51,8252046,71965120.00
2013-08-06,8.53,8.58,8.15,8.37,9691945,82779496.00
2013-08-07,8.37,8.40,7.90,7.92,8717366,72428320.00
2013-08-08,7.87,8.37,7.83,8.18,8913693,74724272.00
2013-08-09,8.17,8.29,7.93,8.02,6210391,51125832.00
2013-08-12,8.02,8.30,8.01,8.10,5990298,49897320.00
2013-08-13,8.11,8.25,8.01,8.17,6178745,51301420.00
2013-08-14,8.18,8.25,8.12,8.25,6609558,55358012.00
2013-08-15,8.31,8.33,7.85,7.88,11979748,97970848.00
2013-08-16,7.78,7.97,7.62,7.62,5976803,47521012.00
2013-08-19,7.57,7.83,7.53,7.82,3070145,24330602.00
2013-08-20,7.82,7.94,7.77,7.90,3291236,26497622.00
2013-08-21,7.92,7.94,7.79,7.84,2990048,23971030.00
2013-08-22,7.82,7.91,7.79,7.88,2673154,21508982.00
2013-08-23,7.85,7.95,7.64,7.79,4143180,33198718.00
2013-08-26,7.79,7.92,7.79,7.92,3819701,30757670.00
2013-08-27,7.95,8.40,7.92,8.36,13922518,117447616.00
2013-08-28,8.32,8.32,7.98,7.99,17959101,149370176.00
2013-08-29,7.92,8.07,7.69,7.76,6939768,55692664.00
2013-08-30,7.70,7.76,7.43,7.49,6255293,48837700.00
2013-09-02,7.43,7.79,7.33,7.64,3507015,27179350.00
2013-09-03,7.63,7.76,7.57,7.64,3248816,25465130.00
2013-09-04,7.70,7.70,7.55,7.57,3005344,23369890.00
2013-09-05,7.57,7.68,7.51,7.65,4189453,32584810.00
2013-09-06,7.66,7.83,7.65,7.82,4858599,38517112.00
2013-09-09,7.82,7.90,7.68,7.75,3717013,29554136.00
2013-09-10,7.73,7.78,7.60,7.67,3327901,26124656.00
2013-09-11,7.67,7.67,7.45,7.51,3829260,29465044.00
2013-09-12,7.52,7.65,7.47,7.54,2425610,18768648.00
2013-09-13,7.52,7.61,7.34,7.53,4475053,34284000.00
2013-09-16,7.53,7.61,7.46,7.57,2701942,20876482.00
2013-09-17,7.57,7.76,7.57,7.65,4858745,38203824.00
2013-09-18,7.66,7.71,7.53,7.61,2116550,16488559.00
2013-09-23,7.67,8.05,7.67,8.02,9098109,73838392.00
2013-09-24,8.00,8.07,7.84,8.04,6096240,49786260.00
2013-09-25,8.02,8.02,7.85,7.86,3889923,31498858.00
2013-09-26,7.87,8.04,7.86,7.91,4570439,37123344.00
2013-09-27,7.92,8.04,7.91,7.96,4404347,35992836.00
2013-09-30,7.97,8.03,7.82,7.91,4186679,33734576.00
2013-10-08,7.85,7.92,7.76,7.90,3629712,29133462.00
2013-10-09,7.90,8.21,7.86,8.20,8083621,66788492.00
2013-10-10,8.17,8.19,7.96,8.00,6726462,55317280.00
2013-10-11,8.04,8.07,7.85,7.95,5018345,40775924.00
2013-10-14,7.91,8.03,7.90,7.98,4416578,36013696.00
2013-10-15,8.05,8.30,8.05,8.16,7371907,61524564.00
2013-10-16,8.13,8.15,7.82,7.86,5621524,45445612.00
2013-10-17,7.89,8.02,7.87,7.88,3414555,27706076.00
2013-10-18,7.87,7.97,7.83,7.94,2531223,20502090.00
2013-10-21,7.93,8.17,7.92,8.15,6867974,56669384.00
2013-10-22,8.17,8.19,7.99,8.03,5753902,47391336.00
2013-10-23,8.03,8.04,7.72,7.72,5585481,44805252.00
2013-10-24,7.73,7.81,7.69,7.73,2096073,16612022.00
2013-10-25,7.77,7.80,7.44,7.54,3674437,28500074.00
2013-10-28,7.33,7.52,7.02,7.19,5770006,42466300.00
2013-10-29,7.18,7.18,6.63,6.85,4447281,31446176.00
2013-10-30,6.84,6.99,6.77,6.96,1916958,13615612.00
2013-10-31,6.97,7.06,6.94,6.96,1848234,13265491.00
2013-11-01,6.94,7.00,6.83,6.94,1449038,10270075.00
2013-11-04,7.00,7.01,6.92,6.96,1448058,10323064.00
2013-11-05,6.94,7.02,6.87,7.01,1423505,10136396.00
2013-11-06,7.00,7.07,6.94,6.95,1565933,11251645.00
2013-11-07,6.94,6.96,6.84,6.85,1335348,9448274.00
2013-11-08,6.80,6.89,6.62,6.70,1528100,10569900.00
2013-11-11,6.65,6.90,6.65,6.87,1298722,9090249.00
2013-11-12,6.83,6.96,6.83,6.96,1564222,11089838.00
2013-11-13,6.95,6.96,6.80,6.86,1806532,12738803.00
2013-11-14,6.89,7.02,6.82,6.99,2582564,18430396.00
2013-11-15,6.99,7.12,6.97,7.06,3587331,25995558.00
2013-11-18,7.12,7.17,7.03,7.12,3881755,28237496.00
2013-11-19,7.15,7.30,7.10,7.22,3883720,28695050.00
2013-11-20,7.22,7.35,7.15,7.22,2929947,21695000.00
2013-11-21,7.19,7.20,7.05,7.10,3045178,22186620.00
2013-11-22,7.07,7.14,6.99,7.00,2392700,17316014.00
2013-11-25,7.06,7.72,7.01,7.72,8802136,67861232.00
2013-11-26,7.89,7.90,7.57,7.66,12752382,100658704.00
2013-11-27,7.59,7.78,7.58,7.71,5901879,46315624.00
2013-11-28,7.66,7.85,7.61,7.71,5040001,39913920.00
2013-11-29,7.63,7.77,7.63,7.76,3719080,29340344.00
2013-12-02,7.32,7.72,7.07,7.13,5518861,41743472.00
2013-12-03,7.02,7.36,6.97,7.23,3441276,25376454.00
2013-12-04,7.23,7.61,7.21,7.43,4479030,34246052.00
2013-12-05,7.50,7.81,7.38,7.67,5042105,39256584.00
2013-12-06,7.63,7.71,7.59,7.62,2644115,20709734.00
2013-12-09,7.74,7.81,7.62,7.77,3161442,25076498.00
2013-12-10,7.67,7.78,7.66,7.70,1613485,12728593.00
2013-12-11,7.70,7.77,7.56,7.63,1949634,15288615.00
2013-12-12,7.62,7.67,7.57,7.60,1832107,14287852.00
2013-12-13,7.58,7.81,7.56,7.70,2088347,16466333.00
2013-12-16,7.68,7.74,7.47,7.48,1994400,15481246.00
2013-12-17,7.57,7.57,7.39,7.41,1401573,10707525.00
2013-12-18,7.40,7.56,7.36,7.51,1714826,13166342.00
2013-12-19,7.52,7.59,7.44,7.44,1340546,10291580.00
2013-12-20,7.41,7.50,7.20,7.22,1581876,11872516.00
2013-12-23,7.32,7.96,7.17,7.66,8958826,70417320.00
2013-12-24,7.67,7.68,7.38,7.44,9664594,74594208.00
2013-12-25,7.49,7.49,7.22,7.40,5170827,39019248.00
2013-12-26,7.43,7.70,7.32,7.63,7574875,58664120.00
2013-12-27,7.61,7.89,7.54,7.75,7112277,56578808.00
2013-12-30,7.84,8.04,7.78,7.90,7698299,62460700.00
2013-12-31,7.89,8.41,7.82,8.05,13774627,115187936.00
2014-01-02,8.10,8.58,8.05,8.56,13366792,114954696.00
2014-01-03,8.52,8.71,8.35,8.60,14349919,125335736.00
2014-01-06,8.61,8.62,8.08,8.35,9542612,81116576.00
2014-01-07,8.20,8.54,8.03,8.45,6306289,53727772.00
2014-01-08,8.41,8.90,8.41,8.82,11085761,99193296.00
2014-01-09,8.82,8.82,8.11,8.22,8648039,75638008.00
2014-01-10,8.22,8.42,7.92,8.01,6890192,57365372.00
2014-01-13,8.07,8.59,7.97,8.47,11505736,98909632.00
2014-01-14,8.40,8.79,8.37,8.72,7985114,70049896.00
2014-01-15,8.64,8.82,8.53,8.66,6164286,54566136.00
2014-01-16,8.66,9.22,8.53,9.02,13525549,123115472.00
2014-01-17,8.91,9.25,8.84,8.95,8395677,77327504.00
2014-01-20,8.93,8.99,8.32,8.48,8674572,76205360.00
2014-01-21,8.48,8.72,8.38,8.72,7358427,64101404.00
2014-01-22,8.65,8.87,8.55,8.84,8547639,76051224.00
2014-01-23,8.90,8.95,8.70,8.87,7625312,68588016.00
2014-01-24,8.82,9.17,8.75,9.01,9692369,89008096.00
2014-01-27,8.91,9.93,8.91,9.72,20238507,198728080.00
2014-01-28,9.71,10.01,9.53,9.73,10971222,109195240.00
2014-01-29,9.72,10.59,9.61,10.39,9068528,93487632.00
2014-01-30,10.39,10.96,10.21,10.62,9138323,99519392.00
2014-02-07,10.63,10.92,10.27,10.77,11056415,118787352.00
2014-02-10,10.72,10.89,10.44,10.70,11347851,122718432.00
2014-02-11,10.62,10.72,10.18,10.22,9810020,103437552.00
2014-02-12,10.30,10.42,10.14,10.37,6290209,65916804.00
2014-02-13,10.32,10.32,9.84,9.93,7326317,75260008.00
2014-02-14,9.91,10.39,9.75,10.38,6223341,63745828.00
2014-02-17,10.29,10.77,10.25,10.62,8859843,95404600.00
2014-02-18,10.62,10.62,10.10,10.52,6508907,68934824.00
2014-02-19,10.31,10.69,10.18,10.20,9444701,99248016.00
2014-02-20,10.22,10.40,9.77,9.95,6009293,61330820.00
2014-02-21,9.97,10.19,9.85,10.03,3507430,35668156.00
2014-02-24,10.03,10.34,9.95,10.32,7451715,77209608.00
2014-02-25,10.32,11.37,10.32,10.66,20967145,234159856.00
2014-02-26,10.36,11.20,9.62,11.13,16225607,176987792.00
2014-02-27,11.14,12.00,10.62,10.82,15615025,179448160.00
2014-02-28,10.95,11.17,10.42,10.67,12841210,139787296.00
2014-03-03,10.63,11.72,10.57,11.72,14841303,168387520.00
2014-03-04,11.57,11.92,11.30,11.72,8773559,103724680.00
2014-03-05,11.86,11.86,11.09,11.14,7973817,92026856.00
2014-03-06,11.15,11.62,11.14,11.20,9130363,106014248.00
2014-03-07,11.15,12.23,11.15,12.12,14760425,177527488.00
2014-03-10,11.82,12.80,11.72,11.92,11169977,139045008.00
2014-03-11,11.82,12.21,11.33,11.70,6347224,75473848.00
2014-03-12,11.53,11.91,10.51,10.52,10944325,122100976.00
2014-03-13,10.52,10.62,10.17,10.45,9294844,98124280.00
2014-03-14,10.45,11.05,10.38,10.82,7569890,83158784.00
2014-03-17,10.72,11.24,10.68,11.19,5950486,66665984.00
2014-03-18,11.17,11.70,11.13,11.49,6788673,79126504.00
2014-03-19,11.43,11.76,11.30,11.60,5326749,62210148.00
2014-03-20,11.67,11.67,10.82,11.01,5008715,57667320.00
2014-03-21,10.82,11.08,10.53,10.92,5453964,59719260.00
2014-03-24,10.88,11.22,10.58,10.96,4349942,48340900.00
2014-03-25,10.89,11.47,10.87,11.45,6877034,78301264.00
2014-03-26,11.45,11.87,11.32,11.52,7337675,86717488.00
2014-03-27,11.47,11.62,11.07,11.08,3896123,44669836.00
2014-03-28,11.08,11.18,10.00,10.26,9430584,100564664.00
2014-03-31,10.27,10.33,9.22,9.27,9353708,92112056.00
2014-04-01,9.18,9.62,9.18,9.58,5075478,48882688.00
2014-04-02,9.49,9.99,9.40,9.60,6848453,67561736.00
2014-04-03,9.63,9.67,9.42,9.56,2469656,24043438.00
2014-04-04,9.56,9.65,9.42,9.60,3389505,32894522.00
2014-04-08,9.54,9.74,9.08,9.73,6175753,59542496.00
2014-04-09,9.74,10.00,9.67,9.87,4864453,48799260.00
2014-04-10,9.89,10.38,9.87,10.12,8537665,88568808.00
2014-04-11,10.07,10.24,9.95,10.21,2959887,30422670.00
2014-04-14,10.13,10.27,9.80,10.12,4190056,42623288.00
2014-04-15,10.07,10.09,9.87,10.05,2282862,23164770.00
2014-04-16,10.01,10.01,9.78,9.94,4133477,41553728.00
2014-04-17,9.99,10.01,9.87,9.90,2008220,20308920.00
2014-04-18,9.96,10.30,9.93,10.20,5623638,58114616.00
2014-04-21,10.19,10.26,9.91,10.02,2936906,30273024.00
2014-04-22,9.97,10.03,9.18,9.81,7432452,72090880.00
2014-04-23,9.57,9.76,9.47,9.58,1884088,18371764.00
2014-04-24,9.62,9.63,9.34,9.46,1612010,15605766.00
2014-04-25,9.47,9.51,8.86,8.98,3735694,34887032.00
2014-04-28,8.97,8.97,8.38,8.55,3700827,32354242.00
2014-04-29,8.52,8.92,8.50,8.82,2258485,20139364.00
2014-04-30,8.82,9.17,8.71,9.11,2312049,21303592.00
2014-05-05,9.11,9.23,8.97,9.20,1579823,14704276.00
2014-05-06,9.13,9.39,9.10,9.21,1986723,18769912.00
2014-05-07,9.13,9.14,8.72,8.88,2828948,25641494.00
2014-05-08,8.90,9.03,8.83,8.86,1226515,11070800.00
2014-05-09,8.85,8.92,8.53,8.67,1942027,16993538.00
2014-05-12,8.75,8.94,8.60,8.90,2247466,19901076.00
2014-05-13,8.96,9.01,8.80,8.92,1904456,17093964.00
2014-05-14,9.01,9.18,8.92,9.13,2772577,25312098.00
2014-05-15,9.17,9.25,8.88,9.13,2388322,21777206.00
2014-05-16,9.05,9.12,8.74,9.00,2020560,18128072.00
2014-05-19,8.99,9.08,8.76,8.92,1327254,11901681.00
2014-05-20,8.97,9.16,8.97,9.01,1749100,15995826.00
2014-05-21,9.01,9.13,8.84,9.09,1201044,10953079.00
2014-05-22,9.12,9.26,9.05,9.05,2412104,22331452.00
2014-05-23,9.00,9.24,9.00,9.21,1640189,15161053.00
2014-05-26,9.21,9.57,9.21,9.53,3540755,33713192.00
2014-05-27,9.53,9.53,9.39,9.49,1782454,16976478.00
2014-05-28,9.43,9.55,9.40,9.54,2208340,21120740.00
2014-05-29,9.54,9.89,9.42,9.69,5935764,58224528.00
2014-05-30,9.63,9.76,9.51,9.76,1956976,19027056.00
2014-06-03,9.72,9.90,9.43,9.57,5593862,53739412.00
2014-06-04,9.50,9.54,9.05,9.30,4415464,41074952.00
2014-06-05,9.32,9.39,9.17,9.38,2125705,19883430.00
2014-06-06,9.33,9.51,9.29,9.42,1825001,17293450.00
2014-06-09,9.41,9.41,9.11,9.27,1450153,13525911.00
2014-06-10,9.22,9.46,9.15,9.39,1385528,13058247.00
2014-06-11,9.35,9.83,9.32,9.67,5797446,56672912.00
2014-06-12,9.67,10.00,9.62,9.93,5160158,51245388.00
2014-06-13,9.93,10.23,9.85,10.23,5578604,56626608.00
2014-06-16,10.22,10.69,10.12,10.57,6736949,71546800.00
2014-06-17,10.71,10.71,10.26,10.43,3917118,40957816.00
2014-06-18,10.55,10.55,10.32,10.40,3255770,34196816.00
2014-06-19,10.38,10.70,10.22,10.38,5677728,60015152.00
2014-06-20,10.32,11.19,10.22,11.17,6537986,71776392.00
2014-06-23,11.17,11.55,11.02,11.11,3931219,44624836.00
2014-06-24,11.17,11.52,11.12,11.26,3859897,43935624.00
2014-06-25,11.22,11.27,10.97,11.06,2246665,25060552.00
2014-06-26,11.04,11.73,10.98,11.54,5755564,66519980.00
2014-06-27,11.52,11.82,11.38,11.68,3578001,41759052.00
2014-06-30,12.12,12.86,12.10,12.36,10289230,129276992.00
2014-07-01,12.42,12.67,12.22,12.57,5604976,70359520.00
2014-07-02,12.27,12.99,12.27,12.94,5102689,64764068.00
2014-07-03,12.86,14.05,12.80,13.47,8797615,120385992.00
2014-07-04,13.54,13.71,13.21,13.37,5227938,70629360.00
2014-07-07,13.41,13.72,13.22,13.52,4726484,63807656.00
2014-07-08,13.53,13.65,13.03,13.52,3863852,51821992.00
2014-07-09,13.53,13.53,12.91,12.91,3570067,47331348.00
2014-07-10,12.89,13.21,12.58,12.93,4561738,58969896.00
2014-07-11,13.09,13.42,12.79,13.16,3871502,51409336.00
2014-07-14,13.22,13.82,12.96,13.75,4737098,63912040.00
2014-07-15,13.77,14.25,13.18,13.27,6158302,85182624.00
2014-07-16,13.35,13.43,12.82,13.14,3532510,46668924.00
2014-07-17,13.14,13.18,12.61,13.02,4391572,56780180.00
2014-07-18,12.97,13.02,12.68,12.96,2381034,30799716.00
2014-07-21,12.82,13.09,12.59,12.95,2852803,36829968.00
2014-07-22,12.97,13.46,12.84,13.43,3025432,40349260.00
2014-07-23,13.33,13.69,12.82,12.91,3417252,45437028.00
2014-07-24,12.77,12.96,12.33,12.79,5584069,70478056.00
2014-07-25,12.72,13.40,12.60,13.17,2952504,38958244.00
2014-07-28,13.18,13.82,13.00,13.47,4081885,55466636.00
2014-07-29,13.47,13.54,13.24,13.52,2559003,34478732.00
2014-07-30,13.51,13.84,13.35,13.64,1921609,26256880.00
2014-07-31,13.62,13.92,13.48,13.92,3470237,47920788.00
2014-08-01,13.73,14.37,13.58,13.77,3478091,48754964.00
2014-08-04,13.81,14.07,13.62,13.64,2815719,39163096.00
2014-08-05,13.62,13.70,13.22,13.32,4464451,60046532.00
2014-08-06,13.36,13.80,13.26,13.63,3015354,41093420.00
2014-08-07,13.63,13.71,13.39,13.49,1835749,25002312.00
2014-08-08,13.52,14.44,13.49,14.28,5919855,83973480.00
2014-08-11,14.32,14.42,14.11,14.42,2198281,31638024.00
2014-08-12,14.50,14.80,14.12,14.25,2613258,37930560.00
2014-08-13,14.28,14.32,13.72,13.88,2485136,34959116.00
2014-08-14,13.82,14.17,13.82,13.92,1582173,22308178.00
2014-08-15,13.92,14.24,13.87,14.05,2857525,40158856.00
2014-08-18,14.07,14.35,13.83,14.22,3998809,56394556.00
2014-08-19,14.20,14.24,13.77,13.91,5640918,78700472.00
2014-08-20,13.96,14.00,13.70,13.92,3691856,51293652.00
2014-08-21,13.91,14.20,13.79,14.20,3702643,52106012.00
2014-08-22,14.74,15.42,14.62,14.90,14509141,217790032.00
2014-08-25,14.52,15.69,14.42,15.55,11385624,173320624.00
2014-08-26,15.56,15.65,14.97,15.12,6785540,104166344.00
2014-09-25,16.64,16.64,16.64,16.64,708901,11852825.00
2014-09-26,17.52,18.31,16.72,17.72,18337303,326175392.00
2014-09-29,17.67,18.29,17.24,17.41,7952555,141687856.00
2014-09-30,17.41,17.52,16.83,17.03,5917186,101271904.00
2014-10-08,17.10,18.74,16.93,18.44,8522630,152810304.00
2014-10-09,18.32,18.44,17.62,17.92,6200285,111764528.00
2014-10-10,18.01,18.60,17.75,17.91,5300807,96321560.00
2014-10-13,17.76,17.76,16.96,17.05,7015104,121040080.00
2014-10-14,17.18,17.46,16.98,17.06,4812878,83206352.00
2014-10-15,17.08,17.48,16.96,17.35,5251923,91192856.00
2014-10-16,17.19,17.72,16.72,16.85,5696513,98963000.00
2014-10-17,16.77,16.90,15.89,16.37,7286906,118819392.00
2014-10-20,16.37,16.85,16.27,16.85,3671093,61253812.00
2014-10-21,16.80,17.25,16.62,16.82,2908370,49604764.00
2014-10-22,16.69,16.89,16.09,16.25,4512213,74474360.00
2014-10-23,15.72,16.35,15.48,15.92,4907860,78040648.00
2014-10-24,15.82,16.36,15.73,16.27,2526582,40963524.00
2014-10-27,15.97,16.83,15.97,16.77,2882996,47959612.00
2014-10-28,16.80,17.56,16.80,17.47,6874282,119754488.00
2014-10-29,17.51,17.79,17.41,17.64,4706654,83360376.00
2014-10-30,17.51,18.02,17.32,17.41,4388772,78178248.00
2014-10-31,17.45,17.68,16.80,17.27,3383306,58439048.00
2014-11-03,17.22,17.50,17.03,17.18,2547742,44198536.00
2014-11-04,17.13,17.48,16.88,17.13,2837506,48957780.00
2014-11-05,17.12,17.29,16.88,17.02,1988019,33925744.00
2014-11-06,16.97,17.94,16.96,17.87,5541617,98325904.00
2014-11-07,17.96,18.02,17.24,17.28,3587742,63571280.00
2014-11-10,17.22,17.22,16.32,16.42,4396085,73459896.00
2014-11-11,16.49,16.51,15.40,16.18,5177457,82084936.00
2014-11-12,15.91,16.32,15.63,16.24,3290841,52731552.00
2014-11-13,16.21,16.24,15.52,16.02,2622829,41586860.00
2014-11-14,15.84,15.99,15.68,15.82,1410471,22375420.00
2014-11-17,15.88,16.40,15.69,16.36,2642580,43015980.00
2014-11-18,16.29,16.29,16.02,16.22,690319,11211550.00
2014-11-19,15.85,16.34,15.85,16.05,1027516,16642178.00
2014-11-20,15.93,16.21,15.72,15.84,1756472,27942784.00
2014-11-21,15.83,16.16,15.82,16.02,1390761,22421896.00
2014-11-24,16.10,16.10,15.52,15.69,3848359,60892572.00
2014-11-25,15.68,16.58,15.07,16.58,8246106,128838552.00
2014-11-26,16.22,16.51,16.18,16.40,2794561,45962132.00
2014-11-27,16.36,16.67,16.07,16.52,4211685,69147872.00
2014-11-28,16.38,16.92,16.28,16.92,4670254,78428880.00
2014-12-01,16.95,17.42,16.74,16.74,4572438,78782000.00
2014-12-02,16.72,17.62,16.62,17.59,5210997,90547352.00
2014-12-03,17.58,18.00,17.04,17.72,4607502,80601296.00
2014-12-04,17.59,18.20,17.57,18.20,5831768,104667200.00
2014-12-05,18.17,18.17,17.02,17.12,5022836,87637424.00
2014-12-08,17.17,17.17,15.82,16.12,5706578,93117888.00
2014-12-09,15.72,16.30,14.50,15.52,6812370,106980824.00
2014-12-10,15.18,16.22,14.93,16.22,3203015,51252084.00
2014-12-11,16.07,16.22,15.82,16.21,1702827,27388714.00
2014-12-12,16.00,16.30,15.77,16.12,2174883,35001872.00
2014-12-15,16.12,16.74,15.84,16.72,3777147,61719912.00
2014-12-16,16.72,16.72,16.22,16.28,1886984,31060908.00
2014-12-17,16.28,16.28,15.83,15.96,2032183,32676974.00
2014-12-18,15.96,16.08,15.18,16.02,1425078,22846822.00
2014-12-19,16.02,16.02,15.12,15.57,3534160,55020412.00
2014-12-22,15.13,15.52,14.01,15.32,4989740,73234504.00
2014-12-23,14.94,15.22,14.42,14.82,2430699,36352928.00
2014-12-24,14.92,15.18,14.66,15.12,3401847,51105820.00
2014-12-25,15.12,15.21,14.91,15.12,1527337,23115544.00
2014-12-26,15.18,15.33,15.03,15.07,1444473,22002168.00
2014-12-29,15.08,15.08,14.30,14.77,3038009,44530652.00
2014-12-30,14.72,14.87,14.02,14.47,3032706,44119180.00
2014-12-31,14.22,14.84,14.07,14.77,2204674,32292132.00
2015-01-05,14.77,14.97,13.83,13.97,3994588,56642456.00
2015-01-06,14.02,14.28,13.73,14.06,5109420,71850336.00
2015-01-07,14.08,14.14,13.92,13.97,2785459,39232204.00
2015-01-08,13.92,14.43,13.89,14.42,3185090,45504156.00
2015-01-09,14.23,14.57,14.17,14.17,1753301,25281968.00
2015-01-12,13.99,14.34,13.77,14.21,2659507,37815096.00
2015-01-13,14.00,15.64,14.00,15.64,5419967,82761864.00
2015-01-14,16.12,17.21,16.12,16.62,10436404,175508304.00
2015-01-15,16.37,16.67,15.90,16.08,4057771,66053116.00
2015-01-16,16.30,16.74,15.96,16.63,4391941,72373760.00
2015-01-19,16.40,17.88,16.03,16.87,8246463,141907056.00
2015-01-20,16.95,17.84,16.95,17.62,5347648,94235832.00
2015-01-21,17.62,18.08,17.31,17.47,5977342,105998120.00
2015-01-22,17.61,17.61,16.76,17.11,5790259,99183496.00
2015-01-23,17.15,17.22,16.77,16.82,2663830,45232388.00
2015-01-26,17.19,17.19,16.61,16.96,3072796,52216544.00
2015-01-27,17.00,17.17,16.83,17.05,2294262,39181284.00
2015-01-28,17.07,17.32,16.69,16.71,2456083,42094776.00
2015-01-29,16.72,16.84,16.25,16.32,2243190,37151244.00
2015-01-30,16.40,16.48,15.91,15.91,1491200,24218344.00
2015-02-02,15.87,16.26,15.54,16.00,3947204,62766828.00
2015-02-03,15.98,16.92,15.91,16.92,3169857,52728452.00
2015-02-04,16.81,17.08,16.67,16.77,1575026,26659868.00
2015-02-05,16.85,17.42,16.58,16.98,2415317,41489452.00
2015-02-06,17.04,17.22,16.52,16.77,2564947,43317524.00
2015-02-09,16.69,16.85,16.17,16.22,1166374,19197396.00
2015-02-10,16.22,16.38,15.92,16.12,2721706,44293388.00
2015-02-11,16.12,17.14,16.00,17.02,2715864,45147704.00
2015-02-12,17.15,17.39,16.92,17.33,2743884,47304520.00
2015-02-13,17.32,18.08,17.32,17.90,4224958,75730272.00
2015-02-16,17.88,18.85,17.74,18.61,3995984,73707184.00
2015-02-17,18.60,20.22,18.52,19.77,6254258,123509608.00
2015-02-25,19.99,21.10,18.80,18.92,6955713,138184560.00
2015-02-26,19.10,19.89,18.28,19.88,4253741,81590160.00
2015-02-27,19.77,20.20,19.43,19.72,3188529,63565412.00
2015-03-02,19.58,21.70,18.92,21.70,7851315,166008272.00
2015-03-03,21.92,23.60,21.72,22.67,8602758,195580496.00
2015-03-04,22.32,24.95,22.23,24.95,15008225,369334720.00
2015-03-05,25.03,26.42,24.25,25.22,12449519,315902144.00
2015-03-06,25.23,25.77,23.90,23.92,8432975,211444016.00
2015-03-09,23.76,26.32,23.60,25.52,7485427,189220816.00
2015-03-10,25.28,27.90,24.92,27.12,6575273,173575568.00
2015-03-11,26.92,26.92,25.18,25.72,4938468,128527408.00
2015-03-12,25.62,25.87,23.76,24.85,5101791,125336728.00
2015-03-13,24.77,24.92,23.52,24.72,7613355,185579088.00
2015-03-16,24.92,27.20,24.84,27.20,12626580,339821792.00
2015-03-17,27.38,27.38,25.97,26.69,8027011,213262032.00
2015-03-18,26.61,27.42,26.13,26.70,6321356,170242928.00
2015-03-19,26.83,26.91,25.60,25.82,5412091,141354048.00
2015-03-20,25.81,26.05,24.97,25.85,5557312,142373936.00
2015-03-23,25.79,25.79,24.92,25.57,9691912,246342944.00
2015-03-24,25.54,25.55,23.78,24.90,10566064,263095744.00
2015-03-25,24.82,25.84,24.22,25.51,9676457,243996048.00
2015-03-26,25.17,25.17,23.12,23.58,8935581,217675472.00
2015-03-27,23.78,24.71,23.72,24.16,5171831,126173672.00
2015-03-30,24.37,24.87,23.92,24.59,4378206,107127184.00
2015-03-31,24.67,25.95,24.03,25.12,10826015,272652384.00
2015-04-01,25.53,27.41,25.43,26.85,11889671,316482240.00
2015-04-02,26.92,28.26,26.62,27.37,7914211,219348688.00
2015-04-03,27.23,28.42,26.61,28.38,7642883,211471408.00
2015-04-07,28.06,31.23,27.58,29.47,10928113,322402976.00
2015-04-08,29.45,29.92,27.32,28.16,7738847,221528960.00
2015-04-09,28.20,28.92,25.92,27.25,7781867,214734320.00
2015-04-10,27.12,29.98,27.12,29.98,6837715,199273744.00
2015-04-13,31.52,32.99,31.47,32.99,11744596,384996768.00
2015-04-14,33.92,35.40,32.01,34.91,13729754,466617056.00
2015-04-15,33.90,37.90,31.92,34.21,11646571,397619584.00
2015-04-16,33.82,37.64,33.12,35.58,11485756,419839200.00
2015-04-17,35.52,35.52,32.01,32.03,17499396,582005184.00
2015-04-20,31.30,31.62,28.82,29.97,13763900,416892928.00
2015-04-21,29.73,31.40,29.42,31.28,12554359,384616576.00
2015-04-22,30.90,32.67,30.72,31.42,11700389,368908608.00
2015-04-23,31.21,33.52,30.29,32.58,14917462,479648192.00
2015-04-24,31.97,35.52,31.87,34.81,16348280,551160640.00
2015-04-27,35.20,36.54,33.04,33.42,11237843,386761920.00
2015-04-28,33.80,33.92,31.10,31.74,7320819,237472144.00
2015-04-29,31.74,32.79,31.24,32.00,6829372,221333152.00
2015-04-30,32.22,34.98,32.01,34.06,11806535,396634816.00
2015-05-04,34.05,34.10,32.42,33.72,6520067,218437248.00
2015-05-05,33.70,33.72,30.72,31.87,7075421,227230608.00
2015-05-06,31.87,34.90,31.15,33.47,10058094,336846528.00
2015-05-07,33.85,36.83,33.16,36.17,12042943,427955264.00
2015-05-08,36.91,39.80,35.22,39.80,15543760,589850816.00
2015-05-11,39.32,43.47,37.90,42.02,21807895,899375488.00
2015-05-12,41.23,45.93,41.02,45.14,11257111,497642880.00
2015-05-13,42.92,48.55,42.82,47.71,7427753,348503008.00
2015-05-14,47.80,48.69,42.93,42.93,15506007,695158016.00
2015-05-15,42.91,46.00,40.97,44.42,13404831,589719296.00
2015-05-18,44.31,48.87,44.31,48.87,6573156,315106528.00
2015-05-19,50.92,53.77,47.92,52.12,12075607,627445440.00
2015-05-20,52.72,57.34,52.72,57.34,6389325,361604288.00
2015-05-21,57.34,63.02,55.61,59.47,12845692,761522752.00
2015-05-22,58.50,60.92,54.46,55.92,11982693,674426240.00
2015-05-25,53.74,54.47,51.33,53.68,9524267,503762464.00
2015-05-26,52.59,58.98,52.59,58.77,11078526,612351616.00
2015-05-27,58.98,59.53,55.43,56.88,7487539,426985376.00
2015-05-28,57.99,60.98,54.45,55.25,11140585,643691328.00
2015-05-29,54.18,59.23,49.72,57.56,10573852,597115008.00
2015-06-01,58.98,62.98,57.63,61.19,6753570,412812032.00
2015-06-02,60.87,66.56,60.48,65.47,5811091,370871360.00
2015-06-03,64.32,65.94,58.98,62.30,6351730,393414016.00
2015-06-04,59.98,62.48,56.48,60.49,5197023,311405344.00
2015-06-05,60.68,64.42,59.69,60.58,7179834,443623552.00
2015-06-08,57.16,59.99,54.52,54.52,7541999,424323872.00
2015-06-09,54.53,56.16,49.98,52.58,8304261,433570880.00
2015-06-10,52.91,56.22,52.08,54.96,5752368,314387072.00
2015-06-11,54.98,57.58,54.42,56.96,4984809,281699488.00
2015-06-12,56.88,57.53,55.63,56.98,6860549,385943840.00
2015-06-15,56.08,56.53,51.68,53.00,6827114,363702688.00
2015-06-16,51.88,52.58,48.28,48.99,6861409,346007808.00
2015-06-17,48.08,51.34,44.09,50.48,9959459,463764992.00
2015-06-18,48.88,49.82,45.43,45.43,6456308,305103200.00
2015-06-19,43.58,49.59,42.29,46.66,6848207,321320864.00
2015-06-23,47.99,50.98,47.48,49.41,5249555,258704144.00
2015-06-24,49.79,52.73,48.79,51.76,6342230,324391360.00
2015-06-25,51.58,52.98,46.58,48.32,3972006,198251264.00
2015-06-26,46.58,46.58,43.49,43.49,6519777,289613696.00
2015-06-29,44.88,44.89,39.14,39.14,5754528,228230960.00
2015-06-30,35.22,42.98,35.22,42.69,6919012,267390880.00
2015-07-01,41.83,44.42,38.42,38.42,4835517,201400288.00
2015-07-02,36.58,39.97,34.58,34.58,7462713,262858688.00
2015-07-03,32.76,35.33,31.12,31.12,4902299,157522432.00
2015-07-06,34.22,34.22,28.01,28.01,6838697,206091728.00
2015-07-20,30.81,30.81,30.81,30.81,77140,2378226.25
2015-07-21,33.89,33.89,33.89,33.89,217454,7373865.00
2015-07-22,37.28,37.28,37.28,37.28,894020,33346946.00
2015-07-23,40.97,40.97,38.28,39.86,16485740,653754816.00
2015-07-24,39.18,43.85,39.18,43.01,15288944,634504256.00
2015-07-27,40.98,43.49,38.71,38.71,11169275,464053632.00
2015-07-28,35.88,38.18,34.84,34.84,9806898,346859712.00
2015-07-29,35.48,36.19,31.35,35.17,19337930,628855232.00
2015-07-30,33.78,34.78,31.65,31.65,12474345,418463712.00
2015-07-31,29.57,30.97,28.48,28.53,11886556,348408448.00
2015-08-03,27.48,27.48,25.68,25.68,7983317,208862176.00
2015-08-04,25.58,28.25,23.48,28.25,20620346,537526528.00
2015-08-05,28.25,30.83,27.94,29.79,19349929,567588480.00
2015-08-06,28.38,30.66,28.06,29.12,11195599,331508544.00
2015-08-07,29.53,31.92,28.79,31.83,15006753,454238592.00
2015-08-10,31.93,34.43,31.93,34.18,13048683,437680608.00
2015-08-11,33.80,34.48,32.78,33.01,11995612,402236192.00
2015-08-12,33.23,34.08,31.38,31.38,6721381,221353648.00
2015-08-13,31.00,32.63,30.24,32.48,8610035,272012800.00
2015-08-14,32.60,33.36,31.10,31.42,7940648,255087056.00
2015-08-17,30.88,30.98,28.87,29.87,9741513,289660192.00
2015-08-18,30.18,31.38,26.88,26.98,10874325,322472384.00
2015-08-19,25.64,28.88,25.03,28.55,8816436,236472112.00
2015-08-20,27.98,28.74,26.78,27.11,6202297,172607024.00
2015-08-21,26.23,27.10,24.58,24.63,6109804,157803936.00
2015-08-24,22.98,23.54,22.17,22.17,5893394,131865112.00
2015-08-25,19.98,21.19,19.95,19.95,9109867,185528960.00
2015-08-26,19.99,21.63,18.38,19.73,11278442,227564080.00
2015-08-27,20.36,20.98,19.79,20.96,6963985,143157296.00
2015-08-28,21.47,22.98,21.43,22.97,7560443,165956192.00
2015-08-31,22.47,22.72,21.11,21.15,7724682,170554768.00
2015-09-01,20.88,20.88,19.03,19.03,5971049,116953640.00
2015-09-02,17.83,19.88,17.53,17.81,5365712,99457040.00
2015-09-07,18.49,19.59,18.46,19.25,7357898,141176384.00
2015-09-08,19.16,21.18,18.73,21.18,7583055,153546096.00
2015-09-09,22.38,23.30,21.98,23.30,7861894,181850768.00
2015-09-10,23.30,24.14,22.98,23.33,10369480,244342800.00
2015-09-11,23.04,23.96,22.48,23.42,9461647,220410608.00
2015-09-14,23.37,23.38,21.08,21.08,8190982,179370608.00
2015-09-15,20.19,20.78,18.97,19.25,8795959,174200144.00
2015-09-16,19.55,21.18,19.18,21.18,11284361,226756080.00
2015-09-17,21.30,23.30,21.23,22.50,15965536,364564000.00
2015-09-18,23.07,23.98,22.74,23.46,12436751,289898400.00
2015-09-21,22.98,25.81,22.79,25.81,8528199,212539424.00
2015-09-22,28.39,28.39,27.99,28.39,8277518,235126576.00
2015-09-23,28.32,29.98,27.69,28.28,29409534,843291328.00
2015-09-24,28.18,28.84,26.83,27.49,19164793,532597728.00
2015-09-25,27.40,28.28,24.74,25.83,21143055,557894976.00
2015-09-28,26.48,28.42,25.48,28.42,23992426,661531584.00
2015-09-29,27.68,28.38,26.49,27.33,18422585,506706624.00
2015-09-30,26.98,28.23,25.78,26.73,11145554,300562688.00
2015-10-08,27.98,29.33,27.53,28.19,17995433,512087136.00
2015-10-09,27.75,28.08,26.80,27.65,16005148,439434976.00
2015-10-12,27.83,30.37,27.69,29.36,18910656,550456640.00
2015-10-13,28.92,31.58,28.51,31.17,17503101,532948768.00
2015-10-14,30.49,31.14,29.44,30.16,13525778,409732128.00
2015-10-15,29.78,31.58,29.54,31.20,12216075,374027680.00
2015-10-16,31.23,32.45,29.89,30.59,14957355,459613344.00
2015-10-19,30.22,30.39,29.08,29.72,14430614,427807616.00
2015-10-20,29.88,30.88,29.48,30.41,12870050,389607520.00
2015-10-21,30.39,32.98,28.80,29.38,22197124,694521472.00
2015-10-22,29.99,32.32,29.49,32.32,22759932,718105280.00
2015-10-23,34.48,35.55,33.64,34.10,25240498,878507456.00
2015-10-26,34.12,34.35,31.83,32.98,17905944,584636096.00
2015-10-27,32.38,34.52,31.18,33.83,14182133,470169056.00
2015-10-28,33.26,33.85,31.68,31.98,11176597,364009216.00
2015-10-29,31.97,32.38,31.11,31.69,7903552,252262112.00
2015-10-30,32.32,32.46,30.31,30.88,9854884,307653952.00
2015-11-02,29.34,30.31,27.92,28.14,16277772,474288960.00
2015-11-03,28.26,29.84,27.64,29.16,12651564,363077856.00
2015-11-04,29.24,31.33,29.24,31.28,11503939,352765824.00
2015-11-05,31.40,31.97,30.38,30.83,10046655,312152960.00
2015-11-06,31.18,33.56,30.84,32.76,14501875,473623328.00
2015-11-09,32.48,36.04,32.48,36.04,19695193,681379072.00
2015-11-10,36.07,37.88,34.78,36.45,18962445,687396544.00
2015-11-11,35.73,40.10,35.58,40.10,17259028,667604736.00
2015-11-12,40.40,44.11,39.74,42.88,17759966,747058432.00
2015-11-13,41.88,42.57,39.58,39.97,10694660,435846304.00
2015-12-18,41.98,41.98,37.88,39.32,27354026,1095444736.00
2015-12-21,40.30,43.18,39.43,39.63,19113021,781090880.00
2015-12-22,39.00,41.76,38.51,41.37,13977402,563392256.00
2015-12-23,40.72,41.13,37.23,37.78,13434139,527679840.00
2015-12-24,37.20,38.41,36.69,37.98,8229980,309707488.00
2015-12-25,38.47,38.78,36.38,36.94,13048193,486707584.00
2015-12-28,36.98,37.83,36.38,36.41,16808704,625197824.00
2015-12-29,36.28,36.88,34.93,35.65,13710646,486408576.00
2015-12-30,35.88,37.27,35.83,37.23,15940315,582122240.00
2015-12-31,37.71,37.76,35.43,35.49,11207600,406608768.00
2016-01-04,34.98,34.98,31.94,31.94,10687874,348463616.00
2016-01-05,29.24,31.05,28.74,29.40,12834216,382525152.00
2016-01-06,29.58,30.23,28.10,29.67,12951571,377434784.00
2016-01-07,28.68,28.68,26.70,26.70,3124875,85365616.00
2016-01-08,26.98,27.90,24.16,26.16,13510788,355647200.00
2016-01-11,25.03,26.01,23.54,23.54,10411337,257149648.00
2016-01-12,23.49,25.44,22.83,24.98,13857016,336650176.00
2016-01-13,24.98,25.70,23.62,23.88,10133300,252395904.00
2016-01-14,22.51,26.27,22.49,26.27,13581164,346533632.00
2016-01-15,27.56,28.39,26.98,27.54,24263795,672102080.00
2016-01-18,27.08,29.58,27.04,28.17,17701400,502682528.00
2016-01-19,27.76,28.98,27.18,28.80,16670912,470536960.00
2016-01-20,28.21,28.68,27.48,28.16,13604490,382864224.00
2016-01-21,27.75,29.28,27.17,27.48,21907198,625826304.00
2016-01-22,27.48,28.13,25.88,27.51,14488429,392360480.00
2016-01-25,27.85,28.64,26.68,27.31,13367009,370684512.00
2016-01-26,26.98,26.98,24.58,24.58,11954514,304670400.00
2016-01-27,24.48,24.57,22.13,23.88,12101233,281536416.00
2016-01-28,23.34,23.98,22.58,23.08,8966005,209577472.00
2016-01-29,22.23,24.50,22.22,24.05,11877905,279408352.00
2016-02-01,23.74,24.32,22.86,23.21,8805998,207359216.00
2016-02-02,23.46,25.18,23.18,24.52,9394420,229574016.00
2016-02-03,24.16,24.88,23.78,24.68,6954482,169173616.00
2016-02-04,24.88,26.63,24.76,26.08,10475050,267611696.00
2016-02-05,26.15,26.15,25.28,25.28,7110571,182086864.00
2016-02-15,24.56,27.31,24.19,26.64,10118922,265454576.00
2016-02-16,26.67,28.95,26.49,27.97,11108551,310384608.00
2016-02-17,27.98,28.26,27.18,27.93,9031648,250463616.00
2016-02-18,28.46,28.54,27.18,27.28,11327172,312704480.00
2016-02-19,26.99,27.48,26.53,27.05,9594526,259270576.00
2016-02-22,27.59,27.88,26.90,27.42,11450636,313125760.00
2016-02-23,27.68,28.94,27.04,28.94,19735244,553607360.00
2016-02-24,28.56,28.80,27.31,28.07,13422118,376626528.00
2016-02-25,27.87,27.87,25.26,25.26,11037235,291198624.00
2016-02-26,25.08,25.58,23.78,24.02,10785827,264119568.00
2016-02-29,23.88,23.88,21.62,21.62,8895708,195521296.00
2016-03-01,21.63,22.24,19.90,21.65,13807749,289865824.00
2016-03-02,21.45,23.04,21.08,22.84,12764366,282146880.00
2016-03-03,22.79,23.84,22.33,22.51,11509630,266105440.00
2016-03-04,22.36,22.46,20.38,20.46,11466676,244050352.00
2016-03-07,20.88,21.81,20.68,20.89,10872775,229549888.00
2016-03-08,20.61,21.22,19.38,20.98,12926529,263145760.00
2016-03-09,20.40,22.95,20.01,21.39,14576810,314638464.00
2016-03-10,21.39,21.68,20.49,20.66,9306161,195492576.00
2016-03-11,20.39,21.13,20.20,20.83,6172900,128187424.00
2016-03-14,21.38,22.48,21.16,21.92,12647686,277761824.00
2016-03-15,21.78,22.84,21.78,22.08,13663180,306183840.00
2016-03-16,22.54,22.87,21.30,21.44,8939055,195913216.00
2016-03-17,21.49,23.30,21.32,23.19,22376487,502888320.00
2016-03-18,23.16,24.96,22.99,24.63,19670702,475099808.00
2016-03-21,25.16,25.61,24.30,25.38,24682629,610306560.00
2016-03-22,24.78,25.38,24.64,24.66,13500938,337330080.00
2016-03-23,24.58,25.22,24.48,25.06,11465959,285202208.00
2016-03-24,24.82,25.08,24.01,24.05,13354760,327945344.00
2016-03-25,23.85,24.40,23.51,23.99,11697521,280025536.00
2016-03-28,24.23,24.67,22.89,22.98,13053029,310728736.00
2016-03-29,22.98,23.19,21.78,22.17,13374667,300839168.00
2016-03-30,22.48,23.65,22.21,23.63,13116803,299772352.00
2016-03-31,23.78,24.07,23.05,23.27,12693205,299587136.00
2016-04-01,23.05,23.23,21.90,22.60,16889151,377785664.00
2016-04-05,22.64,24.55,22.40,24.53,22470248,530602816.00
2016-04-06,24.13,24.53,23.77,24.18,16544907,399812352.00
2016-04-07,24.39,24.63,23.29,23.34,19235224,457334688.00
2016-04-08,23.08,23.08,22.38,22.97,13344587,304087200.00
2016-04-11,23.48,25.27,23.34,25.27,26377875,646400320.00
2016-04-12,26.28,26.76,25.29,25.97,50958545,1330704640.00
2016-04-13,25.98,27.35,25.49,26.84,39316468,1044539584.00
2016-04-14,26.48,26.90,26.18,26.67,19940774,529639744.00
2016-04-15,26.56,27.44,26.18,26.45,16453370,440689408.00
2016-04-18,25.87,25.87,25.16,25.38,14364298,365905056.00
2016-04-19,25.68,25.93,25.18,25.59,11103796,283526048.00
2016-04-20,25.57,25.68,23.03,23.03,29454679,701453952.00
2016-04-21,22.78,23.18,22.33,22.47,13907101,317902496.00
2016-04-22,22.23,23.62,22.09,23.15,13197818,304451392.00
2016-04-25,22.88,22.96,22.17,22.86,9366081,212264464.00
2016-04-26,22.77,23.13,22.36,23.06,11790821,268179040.00
2016-04-27,23.07,23.10,22.53,22.55,11253766,256824992.00
2016-04-28,22.70,22.70,21.63,22.56,13522775,300384928.00
2016-04-29,22.28,22.58,22.10,22.18,8447824,188527344.00
2016-05-03,21.13,22.83,21.08,22.79,21452205,468036800.00
2016-05-04,22.47,22.73,22.16,22.22,14733624,330260384.00
2016-05-05,21.68,22.17,21.49,21.92,16271633,354942912.00
2016-05-06,21.97,22.34,20.29,20.45,19022301,408546112.00
2016-05-09,19.90,20.20,19.09,19.25,12643088,247882800.00
2016-05-10,19.25,19.64,19.18,19.41,8145264,158471376.00
2016-05-11,19.48,19.63,19.15,19.41,9172059,178422224.00
2016-05-12,19.03,19.56,18.68,19.50,8839315,169921264.00
2016-05-13,19.39,19.77,19.07,19.19,6730030,130326496.00
2016-05-16,19.19,19.55,18.99,19.55,5987716,115719232.00
2016-05-17,19.58,20.54,19.18,19.93,13079324,259645408.00
2016-05-18,19.59,19.66,18.77,19.09,9331136,179092896.00
2016-05-19,19.23,20.18,19.23,19.67,15113782,300224032.00
2016-05-20,19.47,20.23,19.28,20.18,10365933,206342912.00
2016-05-23,20.20,20.53,20.00,20.37,9050010,184014736.00
2016-05-24,20.39,20.40,19.80,19.93,5813537,116397560.00
2016-05-25,20.13,20.36,19.58,19.64,6844697,136529936.00
2016-05-26,19.60,20.06,19.28,20.00,7541368,148368256.00
2016-05-27,20.07,20.07,19.71,19.76,4651128,92504568.00
2016-05-30,19.58,20.12,19.39,19.81,4663623,92643472.00
2016-05-31,19.86,20.85,19.86,20.82,11018122,226406016.00
2016-06-01,21.26,21.97,21.13,21.14,13678023,294111392.00
2016-06-02,20.86,21.28,20.73,21.21,9858848,207700224.00
2016-06-03,21.24,21.73,20.96,21.51,12525368,267337456.00
2016-06-06,21.65,21.65,21.06,21.20,7760876,165202464.00
2016-06-07,21.31,21.31,20.96,21.08,5753873,121449048.00
2016-06-08,21.09,21.25,20.98,21.05,6053448,128099048.00
2016-06-13,20.98,20.98,19.23,19.48,7847525,160081440.00
2016-06-14,19.38,19.57,19.23,19.43,6024373,116839032.00
2016-06-15,19.18,20.17,19.17,19.95,5943289,118124800.00
2016-06-16,19.88,19.95,19.36,19.42,8975483,176176864.00
2016-06-17,19.58,21.36,19.58,21.36,11068497,233607744.00
2016-06-20,21.83,21.83,21.01,21.07,16253647,346868320.00
2016-06-21,21.45,21.45,20.53,20.78,13410820,280585472.00
2016-06-22,20.73,21.73,20.73,21.70,17741661,379268768.00
2016-06-23,21.68,21.68,21.00,21.23,11178348,238375680.00
2016-06-24,21.27,21.48,20.28,20.95,12357490,260503856.00
2016-06-27,20.72,21.99,20.69,21.97,14638135,315315808.00
2016-06-28,22.00,23.30,21.96,22.50,21266932,484454560.00
2016-06-29,22.60,23.15,22.21,22.38,12015775,271809760.00
2016-06-30,22.38,23.14,22.14,22.85,12168244,276128544.00
2016-07-01,22.75,22.96,22.31,22.41,6778315,153124928.00
2016-07-04,22.06,22.97,22.01,22.92,8844418,200568448.00
2016-07-05,22.92,22.96,22.48,22.73,8070920,182704320.00
2016-07-06,22.60,22.69,22.35,22.50,6556347,147500784.00
2016-07-07,22.50,23.15,22.49,22.76,12721067,290148576.00
2016-07-08,22.80,23.39,22.59,23.17,12884729,296914944.00
2016-07-11,23.16,23.17,22.28,22.31,13649704,310222368.00
2016-07-12,22.20,22.90,21.98,22.90,10215160,229148848.00
2016-07-13,23.01,23.77,22.91,23.39,14019107,326874144.00
2016-07-14,23.16,23.35,22.90,23.12,8146413,188015344.00
2016-07-15,23.03,23.15,22.62,22.83,5956414,136112064.00
2016-07-18,22.67,23.24,22.44,22.95,6314999,143934384.00
2016-07-19,22.82,23.10,22.66,23.08,5503552,125917576.00
2016-07-20,23.20,23.38,22.87,23.29,7641469,176603136.00
2016-07-21,22.99,23.27,22.66,22.87,6661181,153258832.00
2016-07-22,22.72,22.98,22.70,22.76,5162635,117776240.00
2016-07-25,22.65,22.79,22.40,22.47,4995169,112566936.00
2016-07-26,22.40,22.78,22.40,22.69,4374914,98990064.00
2016-07-27,22.70,22.78,20.42,20.42,15146584,322911456.00
2016-07-28,20.46,20.59,18.96,19.88,14393742,285275072.00
2016-07-29,19.70,20.23,19.48,19.91,10680556,211852528.00
2016-08-01,19.70,20.05,19.32,19.68,5700512,111936280.00
2016-08-02,19.68,19.94,19.62,19.80,4019908,79457864.00
2016-08-03,19.74,19.88,19.50,19.64,4068609,80258584.00
2016-08-04,19.64,19.84,19.46,19.77,5155022,101436528.00
2016-08-05,19.84,19.84,19.47,19.48,5439243,106425128.00
2016-08-08,19.48,19.84,19.35,19.79,4643389,91184144.00
2016-08-09,19.99,20.76,19.99,20.69,11369726,232947616.00
2016-08-10,20.52,20.83,20.25,20.34,8137856,166921904.00
2016-08-11,20.30,20.38,19.88,19.88,5311647,106730400.00
2016-08-12,19.61,20.12,19.61,20.10,4943389,98443240.00
2016-08-15,20.10,21.10,19.80,20.92,10091093,207348080.00
2016-08-16,20.82,21.14,20.76,20.90,6108856,127972496.00
2016-08-17,20.90,21.08,20.64,20.84,5883037,122463336.00
2016-08-18,20.81,21.29,20.71,21.20,7620371,160089728.00
2016-08-19,21.10,21.20,20.80,20.96,4873499,102126816.00
2016-08-22,20.96,21.07,20.36,20.36,7072233,145941040.00
2016-08-23,20.41,20.66,20.29,20.51,5228492,107136472.00
2016-08-24,20.60,20.78,20.45,20.52,4002126,82486392.00
2016-08-25,20.45,20.59,20.07,20.45,4710660,95593232.00
2016-08-26,20.46,21.29,20.40,20.81,9301525,195161648.00
2016-08-29,20.98,21.12,20.51,20.76,7300562,151072640.00
2016-08-30,20.80,20.89,20.60,20.69,3775417,78250016.00
2016-08-31,20.69,20.74,20.43,20.65,3871605,79633952.00
2016-09-01,20.66,20.68,20.30,20.30,5323354,109118048.00
2016-09-02,20.27,20.38,20.03,20.14,3691660,74595136.00
2016-09-05,20.35,20.39,20.00,20.06,4214041,84970224.00
2016-09-06,20.12,20.41,19.88,20.40,5940561,119946224.00
2016-09-07,20.42,20.67,20.33,20.62,6731253,138103824.00
2016-09-08,20.40,20.62,20.36,20.61,4541537,93122472.00
2016-09-09,20.65,20.88,20.34,20.34,5007434,103123000.00
2016-09-12,19.90,19.97,19.50,19.50,6279460,124278840.00
2016-09-13,19.60,19.72,19.45,19.58,4353622,85202168.00
2016-09-14,19.58,19.81,19.46,19.55,3666380,71886296.00
2016-09-19,19.56,19.74,19.56,19.71,3185080,62627160.00
2016-09-20,19.78,19.82,19.58,19.71,3420123,67381608.00
2016-09-21,19.70,19.86,19.65,19.75,2476237,48885596.00
2016-09-22,19.88,19.98,19.78,19.90,3897860,77540552.00
2016-09-23,20.00,20.03,19.69,19.71,2807101,55700764.00
2016-09-26,19.64,19.78,19.36,19.38,3325200,65077176.00
2016-09-27,19.40,20.14,19.40,20.05,7231969,143761616.00
2016-09-28,19.92,20.09,19.80,19.96,3026425,60383116.00
2016-09-29,20.06,20.12,19.91,20.03,4054950,81184040.00
2016-09-30,20.17,20.45,20.01,20.41,6185136,125340856.00
2016-10-10,20.40,20.97,20.24,20.80,9995575,206352992.00
2016-10-11,20.69,20.80,20.51,20.61,4970154,102343216.00
2016-10-12,20.57,20.69,20.36,20.46,3889081,79738624.00
2016-10-13,20.46,20.77,20.33,20.47,6025892,123571064.00
2016-10-14,20.47,20.58,20.22,20.40,3748594,76336856.00
2016-10-17,20.35,20.48,20.05,20.07,3708690,75139672.00
2016-10-18,20.02,20.46,20.02,20.40,3950349,79969440.00
2016-10-19,20.39,20.39,20.07,20.16,5685084,114853768.00
2016-10-20,20.22,20.28,20.07,20.26,3656638,73845800.00
2016-10-21,20.27,20.31,19.91,20.11,5206696,104661456.00
2016-10-24,20.00,20.30,19.99,20.20,5088747,102616712.00
2016-10-25,20.22,20.44,20.15,20.43,5388115,109434208.00
2016-10-26,20.46,20.65,20.13,20.19,7528914,153036096.00
2016-10-27,20.16,20.35,20.07,20.30,3796030,76761968.00
2016-10-28,20.30,20.40,20.11,20.12,3763000,76069648.00
2016-10-31,20.01,20.11,19.90,20.00,2588100,51732504.00
2016-11-01,20.00,20.36,20.00,20.21,3505105,70863168.00
2016-11-02,20.21,20.55,20.15,20.26,6356863,129482200.00
2016-11-03,20.30,20.52,20.15,20.35,6039184,122963496.00
2016-11-04,20.35,20.47,20.05,20.09,5862658,118534112.00
2016-11-07,20.07,20.14,19.99,20.10,3004301,60294988.00
2016-11-08,20.18,20.33,20.10,20.33,4727918,95796216.00
2016-11-09,20.46,20.46,19.75,19.98,5623215,112892400.00
2016-11-10,20.16,20.34,20.12,20.30,4489603,90800616.00
2016-11-11,20.33,20.56,20.11,20.52,6340122,128926904.00
2016-11-14,20.53,20.84,20.43,20.55,6835915,140952352.00
2016-11-15,20.55,20.85,20.37,20.85,8028047,165698480.00
2016-11-16,21.03,21.17,20.66,20.71,8403179,175716736.00
2016-11-17,20.63,20.70,20.44,20.56,4687195,96308440.00
2016-11-18,20.56,20.68,20.43,20.45,3859227,79205344.00
2016-11-21,20.45,20.72,20.39,20.60,5152755,105827136.00
2016-11-22,20.68,20.79,20.47,20.76,5799522,119689928.00
2016-11-23,20.81,21.48,20.81,20.85,14554973,306949344.00
2016-11-24,20.85,20.93,20.47,20.54,6924716,143458528.00
2016-11-25,20.60,21.07,20.16,21.05,8577797,176799552.00
2016-11-28,21.15,21.88,21.12,21.61,11706200,252523184.00
数据来源:通达信
