300245 天玑科技 日线 前复权
      日期	    开盘	    最高	    最低	    收盘	    成交量	    成交额
2011-10-10,6.32,6.44,6.19,6.25,369847,9411265.00
2011-10-11,6.40,6.53,6.16,6.28,395601,10222480.00
2011-10-12,6.18,6.60,6.16,6.56,482348,12615865.00
2011-10-13,6.56,7.02,6.45,6.90,1117239,30931734.00
2011-10-14,6.90,7.06,6.82,7.03,640106,18034826.00
2011-10-17,6.92,7.21,6.84,7.17,589110,16762704.00
2011-10-18,7.09,7.39,7.00,7.03,1164857,33948548.00
2011-10-19,7.17,7.17,6.41,6.67,1167052,31978424.00
2011-10-20,6.54,6.59,6.33,6.36,761910,19892316.00
2011-10-21,6.31,6.46,6.18,6.18,497556,12673928.00
2011-10-24,6.18,6.38,5.98,6.38,487044,12300071.00
2011-10-25,6.36,6.72,6.24,6.69,1003566,26690838.00
2011-10-26,6.80,7.05,6.73,6.84,1257276,34801120.00
2011-10-27,6.84,6.94,6.71,6.76,708459,19525750.00
2011-10-28,6.91,7.14,6.82,7.12,957529,27047940.00
2011-10-31,7.18,7.48,7.18,7.24,1116325,32901134.00
2011-11-01,7.20,7.40,7.07,7.39,1271415,36999008.00
2011-11-02,7.22,7.79,7.22,7.69,1412032,43080676.00
2011-11-03,7.77,8.16,7.59,7.66,1792713,56991476.00
2011-11-04,7.77,7.86,7.61,7.70,849817,26504840.00
2011-11-07,7.69,7.82,7.54,7.59,570505,17551662.00
2011-11-08,7.58,7.66,7.36,7.39,658834,19928318.00
2011-11-09,7.42,7.71,7.34,7.71,1052968,31854914.00
2011-11-10,7.64,7.82,7.49,7.50,1062191,32892822.00
2011-11-11,7.47,7.56,7.31,7.40,730028,21808428.00
2011-11-14,7.46,7.92,7.46,7.87,1040691,32484074.00
2011-11-15,7.82,8.01,7.81,7.86,965235,30635016.00
2011-11-16,7.91,8.05,7.41,7.54,1358567,42429044.00
2011-11-17,7.54,8.00,7.54,7.88,1659320,52149048.00
2011-11-18,7.81,7.82,7.44,7.48,1638502,50314440.00
2011-11-21,7.47,7.59,7.18,7.34,1251187,37045444.00
2011-11-22,7.23,7.48,7.18,7.48,687266,20362122.00
2011-11-23,7.51,7.79,7.44,7.59,1304823,40338496.00
2011-11-24,7.44,7.77,7.44,7.72,867351,26811912.00
2011-11-25,7.66,7.82,7.51,7.52,930102,28757634.00
2011-11-28,7.50,7.73,7.45,7.72,668597,20456146.00
2011-11-29,7.72,7.87,7.65,7.85,1033115,32306262.00
2011-11-30,7.82,7.82,7.08,7.42,1160588,35020308.00
2011-12-01,7.66,7.99,7.58,7.75,1602906,50369168.00
2011-12-02,7.68,8.03,7.62,7.94,1716493,54330736.00
2011-12-05,7.86,8.00,7.18,7.26,1384711,42429680.00
2011-12-06,7.18,7.45,6.95,7.34,862718,25243038.00
2011-12-07,7.33,7.46,7.13,7.18,715629,20973492.00
2011-12-08,7.15,7.36,6.84,7.18,990826,28298956.00
2011-12-09,7.05,7.22,6.96,7.01,496040,14194127.00
2011-12-12,7.01,7.11,6.89,6.98,286145,8109055.50
2011-12-13,7.04,7.04,6.59,6.67,627246,17160182.00
2011-12-14,6.68,6.74,6.49,6.59,318619,8553509.00
2011-12-15,6.53,6.77,6.51,6.62,387646,10458924.00
2011-12-16,6.66,6.92,6.59,6.92,567432,15502080.00
2011-12-19,6.87,7.21,6.81,7.21,891727,25257216.00
2011-12-20,7.16,7.32,7.07,7.08,606520,17586704.00
2011-12-21,7.18,7.23,6.87,6.87,429432,12221209.00
2011-12-22,6.74,7.15,6.59,6.97,614835,17127114.00
2011-12-23,6.96,7.20,6.90,7.11,455988,13034519.00
2011-12-26,7.16,7.32,7.04,7.17,552796,16055590.00
2011-12-27,7.17,7.17,6.72,6.80,561678,15694817.00
2011-12-28,6.78,6.80,6.10,6.57,1005113,26001606.00
2011-12-29,6.41,6.61,6.36,6.58,432310,11402415.00
2011-12-30,6.63,6.82,6.59,6.77,439065,11977967.00
2012-01-04,6.80,6.97,6.62,6.62,555795,15364075.00
2012-01-05,6.54,6.59,6.20,6.31,301273,7838588.00
2012-01-06,6.37,6.45,6.16,6.41,482167,12368387.00
2012-01-09,6.40,6.78,6.24,6.69,410539,10871934.00
2012-01-10,6.63,6.98,6.63,6.92,914129,25372886.00
2012-01-11,6.88,7.12,6.88,6.95,578689,16359407.00
2012-01-12,6.92,7.00,6.80,6.87,323313,9006111.00
2012-01-13,6.87,6.90,6.46,6.65,583024,15691246.00
2012-01-16,6.56,6.62,6.05,6.05,569377,14631918.00
2012-01-17,5.90,6.41,5.90,6.35,542841,13791410.00
2012-01-18,6.35,6.46,5.69,5.69,832641,20209256.00
2012-01-19,5.67,5.84,5.50,5.68,624224,14428648.00
2012-01-20,5.71,5.77,5.63,5.66,560194,13011325.00
2012-01-30,5.69,5.90,5.66,5.77,682525,16059257.00
2012-01-31,5.76,5.77,5.61,5.67,563555,13018224.00
2012-02-01,5.67,5.84,5.67,5.74,701664,16458918.00
2012-02-02,5.76,5.86,5.69,5.84,586333,13777316.00
2012-02-03,5.84,6.04,5.83,6.00,590607,14292300.00
2012-02-06,6.00,6.14,5.97,6.03,642528,15826161.00
2012-02-07,5.98,6.02,5.77,5.80,510948,12250586.00
2012-02-08,5.82,6.03,5.82,6.02,502830,12163219.00
2012-02-09,6.04,6.27,6.00,6.12,829143,20641632.00
2012-02-10,6.10,6.18,6.02,6.08,543040,13457007.00
2012-02-13,6.04,6.27,5.98,6.20,619702,15536065.00
2012-02-14,6.16,6.36,6.16,6.28,796953,20281422.00
2012-02-15,6.29,6.35,6.25,6.31,791886,20257702.00
2012-02-16,6.28,6.48,6.28,6.34,927416,23968278.00
2012-02-17,6.39,6.39,6.14,6.23,647024,16381353.00
2012-02-20,6.33,6.43,6.22,6.25,830595,21352708.00
2012-02-21,6.23,6.48,6.20,6.48,1270391,32669302.00
2012-02-22,6.46,6.98,6.42,6.81,2212689,59908636.00
2012-02-23,6.75,6.87,6.62,6.71,1025656,27911004.00
2012-02-24,6.71,6.79,6.55,6.69,1211482,32748488.00
2012-02-27,6.71,7.00,6.69,6.82,1959952,54278880.00
2012-02-28,6.82,7.21,6.82,7.21,2481629,70631040.00
2012-02-29,7.05,7.08,6.54,6.58,2496069,68329544.00
2012-03-01,6.60,6.72,6.57,6.61,1101639,29581330.00
2012-03-02,6.61,6.76,6.61,6.73,1112093,30221266.00
2012-03-05,6.74,6.76,6.58,6.58,1514241,40666956.00
2012-03-06,6.63,6.63,6.38,6.46,1116281,29360622.00
2012-03-07,6.82,7.14,6.73,7.14,3524913,99907720.00
2012-03-08,7.13,7.15,6.97,7.05,3566259,101727928.00
2012-03-09,7.06,7.37,7.01,7.15,3272491,95283800.00
2012-03-12,7.13,7.27,7.10,7.24,1792979,52070816.00
2012-03-13,7.24,7.28,7.11,7.27,1629111,47371660.00
2012-03-14,7.27,7.54,6.80,6.89,3365514,97945064.00
2012-03-15,6.87,7.11,6.87,6.98,1668672,47071172.00
2012-03-16,7.01,7.17,6.97,7.13,1467221,42009580.00
2012-03-19,7.13,7.25,7.08,7.20,1208713,34998204.00
2012-03-20,7.17,7.20,6.89,6.90,1157809,32699894.00
2012-03-21,6.97,6.98,6.72,6.81,925227,25541150.00
2012-03-22,6.78,6.87,6.72,6.85,543563,14968325.00
2012-03-23,6.82,6.85,6.58,6.62,692730,18789632.00
2012-03-26,6.62,6.71,6.59,6.64,291716,7842144.00
2012-03-27,6.74,6.75,6.64,6.66,332354,9006841.00
2012-03-28,6.59,6.62,6.23,6.24,814325,21036032.00
2012-03-29,6.18,6.31,6.06,6.15,523382,13184417.00
2012-03-30,6.11,6.21,5.93,5.96,533658,13114758.00
2012-04-05,5.66,5.84,5.55,5.81,1322427,30720196.00
2012-04-06,5.80,5.88,5.73,5.83,748454,17714272.00
2012-04-09,5.89,5.97,5.77,5.84,694915,16640431.00
2012-04-10,5.78,5.92,5.55,5.92,728075,16997068.00
2012-04-11,5.86,5.92,5.77,5.84,644710,15310065.00
2012-04-12,5.81,5.96,5.81,5.95,812160,19420928.00
2012-04-13,5.95,6.04,5.93,5.98,713996,17362526.00
2012-04-16,5.95,5.95,5.85,5.88,407941,9785082.00
2012-04-17,5.87,5.90,5.74,5.76,467758,11029110.00
2012-04-18,5.79,5.88,5.72,5.86,490879,11610661.00
2012-04-19,5.85,5.95,5.78,5.92,954093,22724638.00
2012-04-20,5.88,5.95,5.87,5.93,607589,14624110.00
2012-04-23,5.94,6.02,5.57,5.57,1095123,25295686.00
2012-04-24,5.42,5.64,5.13,5.37,637320,14143104.00
2012-04-25,5.35,5.46,5.28,5.35,344299,7560331.00
2012-04-26,5.36,5.42,5.25,5.25,405660,8792968.00
2012-04-27,5.25,5.37,5.18,5.33,260460,5649632.50
2012-05-02,5.39,5.46,5.34,5.42,325936,7189516.00
2012-05-03,5.39,5.44,5.34,5.39,337775,7416344.50
2012-05-04,5.39,5.59,5.39,5.58,526446,11868148.00
2012-05-07,5.49,5.78,5.49,5.78,774524,17987922.00
2012-05-08,5.82,5.82,5.68,5.71,367205,8567081.00
2012-05-09,5.69,5.69,5.51,5.54,337883,7688772.50
2012-05-10,5.64,5.82,5.54,5.67,459833,10713989.00
2012-05-11,5.67,5.72,5.57,5.65,340066,7848261.50
2012-05-14,5.66,5.70,5.54,5.60,313469,7155852.00
2012-05-15,5.57,5.57,5.40,5.47,315300,7015734.50
2012-05-16,5.47,5.49,5.39,5.39,211561,4700468.50
2012-05-17,5.34,5.53,5.28,5.48,283000,6309634.50
2012-05-18,5.46,5.47,5.26,5.26,397500,8672623.00
2012-05-21,5.31,5.34,5.26,5.28,393320,8507538.00
2012-05-22,5.32,5.41,5.30,5.37,181697,3978609.00
2012-05-23,5.36,5.46,5.21,5.46,469166,10235712.00
2012-05-24,5.44,5.51,5.41,5.51,336869,7532222.00
2012-05-25,5.50,5.51,5.34,5.37,277285,6115269.50
2012-05-28,5.35,5.41,5.19,5.39,468983,10179514.00
2012-05-29,5.38,5.46,5.34,5.45,338865,7499005.00
2012-05-30,5.42,5.50,5.41,5.45,251765,5610633.00
2012-05-31,5.45,5.62,5.41,5.57,535984,12117474.00
2012-06-01,5.62,5.89,5.59,5.72,1184036,27867540.00
2012-06-04,5.59,5.64,5.52,5.52,566288,12897232.00
2012-06-05,5.52,5.61,5.49,5.50,299827,6758809.00
2012-06-06,5.57,5.57,5.47,5.54,240478,5401958.50
2012-06-07,5.58,5.61,5.49,5.55,403768,9172023.00
2012-06-08,5.57,5.62,5.48,5.52,303528,6856108.50
2012-06-11,5.53,5.71,5.45,5.70,437297,10015375.00
2012-06-12,5.68,5.71,5.61,5.63,255424,5885070.50
2012-06-13,5.62,5.72,5.62,5.64,579123,13353189.00
2012-06-14,5.62,5.67,5.57,5.57,607247,13948184.00
2012-06-15,5.60,5.63,5.52,5.59,322948,7353341.00
2012-06-18,5.59,5.75,5.54,5.75,1102628,25561092.00
2012-06-19,5.68,5.77,5.67,5.77,688932,16053585.00
2012-06-20,5.76,6.01,5.75,5.86,1338695,32113774.00
2012-06-21,5.83,5.95,5.70,5.81,823648,19463614.00
2012-06-25,5.80,5.80,5.61,5.62,521068,12048244.00
2012-06-26,5.54,5.65,5.48,5.59,393422,8941937.00
2012-06-27,5.58,5.69,5.55,5.61,560040,12863022.00
2012-06-28,5.62,5.63,5.38,5.39,425131,9562684.00
2012-06-29,5.35,5.37,5.23,5.32,764452,16533200.00
2012-07-02,5.34,5.46,5.33,5.39,547440,12064663.00
2012-07-03,5.39,5.50,5.34,5.43,476477,10557720.00
2012-07-04,5.45,5.48,5.31,5.36,401210,8835800.00
2012-07-05,5.32,5.34,5.18,5.19,526064,11247202.00
2012-07-06,5.21,5.21,4.96,5.08,1048990,21694194.00
2012-07-09,5.04,5.07,4.82,4.85,653700,13263579.00
2012-07-10,4.85,4.85,4.66,4.67,491914,9558033.00
2012-07-11,4.65,4.71,4.63,4.69,279739,5385905.00
2012-07-12,4.68,4.78,4.59,4.77,431948,8307491.50
2012-07-13,4.71,4.76,4.54,4.54,560526,10637205.00
2012-07-16,4.45,4.49,4.37,4.47,541646,9918475.00
2012-07-17,4.55,4.94,4.52,4.92,2320247,46171124.00
2012-07-18,4.79,4.87,4.72,4.87,1341988,26512432.00
2012-07-19,4.85,4.98,4.81,4.95,1145747,23058952.00
2012-07-20,4.94,5.00,4.82,4.87,962669,19285524.00
2012-07-23,4.84,4.84,4.36,4.52,1049852,19637302.00
2012-07-24,4.39,4.49,4.32,4.44,1227209,11036092.00
2012-07-25,4.42,4.50,4.28,4.29,1348542,12066048.00
2012-07-26,4.31,4.34,4.11,4.11,1671037,14278649.00
2012-07-27,4.12,4.16,3.97,4.05,1501273,12443385.00
2012-07-30,4.04,4.08,3.92,3.92,724952,5939450.00
2012-07-31,3.90,3.93,3.78,3.85,775786,6108221.50
2012-08-01,3.87,3.97,3.83,3.92,710283,5699261.50
2012-08-02,3.91,3.96,3.87,3.94,608001,4899151.50
2012-08-03,3.95,4.01,3.90,4.01,764307,6212768.00
2012-08-06,3.97,4.13,3.96,4.09,1028523,8516488.00
2012-08-07,4.09,4.17,4.06,4.13,1007281,8500914.00
2012-08-08,4.14,4.57,4.11,4.57,3791744,33655100.00
2012-08-09,4.56,4.77,4.43,4.69,5210591,48609564.00
2012-08-10,4.61,4.67,4.51,4.51,2696572,25086740.00
2012-08-13,4.52,4.56,4.31,4.31,1681754,15171034.00
2012-08-14,4.25,4.48,4.25,4.45,2212768,19811842.00
2012-08-15,4.41,4.43,4.27,4.30,1443299,12765975.00
2012-08-16,4.26,4.30,4.06,4.09,1207426,10332534.00
2012-08-17,4.09,4.21,4.06,4.15,956127,8115836.00
2012-08-20,4.10,4.32,4.06,4.26,1186541,10153969.00
2012-08-21,4.23,4.45,4.18,4.39,2051809,18274882.00
2012-08-22,4.37,4.46,4.22,4.29,2028152,17990670.00
2012-08-23,4.26,4.55,4.26,4.52,3067023,27674762.00
2012-08-24,4.50,4.54,4.34,4.34,2294676,20714762.00
2012-08-27,4.30,4.30,4.06,4.08,1616077,13616150.00
2012-08-28,4.04,4.19,4.03,4.11,1026945,8666900.00
2012-08-29,4.14,4.23,4.07,4.14,1340424,11439520.00
2012-08-30,4.20,4.20,3.90,4.01,1369376,11351061.00
2012-08-31,3.98,4.05,3.95,4.03,753725,6190067.50
2012-09-03,3.99,4.18,3.98,4.18,1059601,8913161.00
2012-09-04,4.17,4.47,4.15,4.34,2966633,26277894.00
2012-09-05,4.33,4.79,4.29,4.79,7691382,73811520.00
2012-09-06,4.99,5.29,4.87,5.29,14871634,153428432.00
2012-09-07,5.47,5.79,5.41,5.46,18822720,210963568.00
2012-09-10,5.30,5.99,5.27,5.66,17803495,200558320.00
2012-09-11,5.48,5.53,5.31,5.41,10614807,115827264.00
2012-09-12,5.41,5.43,5.21,5.34,8483275,91131496.00
2012-09-13,5.34,5.35,5.08,5.08,5672458,60104824.00
2012-09-14,5.12,5.18,4.98,5.10,5215136,53783600.00
2012-09-17,5.08,5.15,4.89,4.90,3413617,34766052.00
2012-09-18,4.92,5.05,4.90,5.01,3528890,35724164.00
2012-09-19,4.98,5.09,4.90,5.01,4336114,44129192.00
2012-09-20,5.01,5.01,4.48,4.56,5632060,54277684.00
2012-09-21,4.49,4.51,4.31,4.33,4626217,41741460.00
2012-09-24,4.23,4.46,4.23,4.42,2054472,18405222.00
2012-09-25,4.38,4.45,4.28,4.34,1958406,17452710.00
2012-09-26,4.24,4.36,4.18,4.22,1478242,12858760.00
2012-09-27,4.22,4.50,4.22,4.39,2843901,25364026.00
2012-09-28,4.35,4.49,4.34,4.46,2812636,25410844.00
2012-10-08,4.46,4.46,4.34,4.42,1841533,16497593.00
2012-10-09,4.41,4.71,4.41,4.66,4227557,39547392.00
2012-10-10,4.61,4.88,4.60,4.87,5998655,58096772.00
2012-10-11,4.80,4.80,4.47,4.50,5266644,49456500.00
2012-10-12,4.48,4.58,4.32,4.44,3045438,27555806.00
2012-10-15,4.41,4.41,4.27,4.38,1461530,12878010.00
2012-10-16,4.35,4.47,4.33,4.42,1331525,11980334.00
2012-10-17,4.39,4.45,4.31,4.39,950440,8500926.00
2012-10-18,4.44,4.56,4.37,4.53,1717858,15733560.00
2012-10-19,4.52,4.60,4.51,4.55,2421866,22507466.00
2012-10-22,4.44,4.51,4.34,4.47,2139271,19302582.00
2012-10-23,4.47,4.69,4.44,4.56,4177364,38985084.00
2012-10-24,4.51,4.58,4.42,4.51,1822998,16648912.00
2012-10-25,4.48,4.63,4.48,4.49,2343812,21707476.00
2012-10-26,4.46,4.47,4.21,4.32,2459843,21701740.00
2012-10-29,4.27,4.30,4.12,4.18,1538903,13283574.00
2012-10-30,4.18,4.23,4.09,4.12,1645121,13942831.00
2012-10-31,4.13,4.20,4.12,4.18,893563,7606317.00
2012-11-01,4.21,4.28,4.19,4.28,1601968,13907707.00
2012-11-02,4.31,4.31,4.22,4.28,1216808,10604696.00
2012-11-05,4.28,4.39,4.28,4.29,1832368,16144257.00
2012-11-06,4.29,4.32,4.08,4.19,1568147,13367914.00
2012-11-07,4.18,4.31,4.18,4.23,1208158,10491118.00
2012-11-08,4.22,4.30,4.11,4.15,2048715,17573124.00
2012-11-09,4.22,4.59,4.16,4.59,7856090,71359952.00
2012-11-12,4.72,5.06,4.70,4.81,15026636,148103072.00
2012-11-13,4.76,4.79,4.54,4.69,9338092,88411568.00
2012-11-14,4.63,4.72,4.43,4.61,7472501,69535136.00
2012-11-15,4.51,4.55,4.13,4.19,6660812,59235884.00
2012-11-16,4.19,4.28,4.11,4.26,4395039,37671148.00
2012-11-19,4.26,4.35,4.16,4.30,3355436,29135946.00
2012-11-20,4.29,4.75,4.29,4.75,4885182,46122664.00
2012-11-21,4.85,4.91,4.63,4.83,12351863,120344960.00
2012-11-22,4.75,4.78,4.63,4.73,6283732,60157908.00
2012-11-23,4.71,5.05,4.61,4.63,10845788,106737624.00
2012-11-26,4.51,4.54,4.30,4.36,6600933,59204092.00
2012-11-27,4.30,4.60,4.26,4.39,6712501,60919048.00
2012-11-28,4.21,4.21,3.93,3.94,6406470,52163836.00
2012-11-29,3.88,4.01,3.83,3.86,3506458,28256698.00
2012-11-30,3.84,3.99,3.84,3.94,2707711,21867734.00
2012-12-03,3.95,3.97,3.85,3.87,2262821,18120604.00
2012-12-04,3.81,3.95,3.61,3.93,3632305,28024832.00
2012-12-05,3.87,4.22,3.85,4.12,4862364,40718916.00
2012-12-06,4.09,4.28,4.05,4.15,4259849,36257704.00
2012-12-07,4.15,4.27,4.10,4.26,4763835,40892304.00
2012-12-10,4.26,4.70,4.21,4.70,11973950,112366504.00
2012-12-11,4.62,4.75,4.53,4.54,9101776,85540832.00
2012-12-12,4.54,4.66,4.47,4.63,5416604,50532304.00
2012-12-13,4.59,4.59,4.44,4.44,3643060,33377350.00
2012-12-14,4.45,4.75,4.45,4.67,6469572,60817672.00
2012-12-17,4.62,4.75,4.48,4.69,6004948,56317652.00
2012-12-18,4.67,4.91,4.56,4.62,6640984,63600060.00
2012-12-19,4.56,4.90,4.52,4.71,6944070,66855820.00
2012-12-20,4.70,4.79,4.58,4.71,4434273,42216564.00
2012-12-21,4.75,4.89,4.59,4.75,7122863,68874088.00
2012-12-24,4.76,5.01,4.68,4.95,8110886,80258120.00
2012-12-25,4.90,5.07,4.83,5.00,7864151,79340088.00
2012-12-26,4.97,5.22,4.88,5.21,10023360,103038064.00
2012-12-27,5.17,5.22,4.86,4.86,7796618,79601544.00
2012-12-28,4.83,5.32,4.80,5.13,9090604,93817064.00
2012-12-31,5.08,5.21,4.99,5.01,4804501,49451956.00
2013-01-04,5.05,5.05,4.87,4.89,3908239,39167784.00
2013-01-07,4.89,5.00,4.87,4.98,3272281,32832548.00
2013-01-08,4.97,5.20,4.95,5.08,6243571,64387256.00
2013-01-09,5.06,5.09,4.88,4.99,4643434,47086404.00
2013-01-10,4.95,5.32,4.95,5.29,9779847,102469296.00
2013-01-11,5.23,5.24,4.98,4.99,6864826,71307936.00
2013-01-14,4.94,5.27,4.94,5.19,6436742,66825488.00
2013-01-15,5.20,5.59,5.15,5.39,10595754,115395336.00
2013-01-16,5.35,5.39,5.14,5.25,6712167,71330880.00
2013-01-17,5.25,5.31,5.12,5.17,3548678,37444880.00
2013-01-18,5.20,5.31,5.15,5.27,3800890,40300536.00
2013-01-21,5.28,5.29,5.12,5.18,3946088,41551380.00
2013-01-22,5.18,5.22,4.90,4.94,4608018,47169968.00
2013-01-23,4.91,5.00,4.77,4.88,3137190,31093642.00
2013-01-24,4.88,4.98,4.67,4.71,3746976,36767528.00
2013-01-25,4.72,4.78,4.68,4.77,1725519,16653665.00
2013-01-28,4.77,4.92,4.75,4.92,1945652,19261828.00
2013-01-29,4.91,4.98,4.88,4.97,2004297,20061130.00
2013-01-30,4.94,4.94,4.72,4.80,3853012,37644096.00
2013-01-31,4.71,4.79,4.67,4.71,2010697,19256310.00
2013-02-01,4.71,4.78,4.67,4.77,1865548,17998446.00
2013-02-04,4.78,4.82,4.64,4.64,2054742,19638288.00
2013-02-05,4.64,4.76,4.62,4.72,1497184,14325396.00
2013-02-06,4.74,4.95,4.72,4.87,3595128,35475048.00
2013-02-07,4.85,4.91,4.82,4.88,2246126,22223778.00
2013-02-08,4.85,5.01,4.85,4.95,2564915,25762538.00
2013-02-18,4.94,5.08,4.86,5.08,3974534,40251736.00
2013-02-19,5.07,5.17,4.92,4.98,3885070,39622976.00
2013-02-20,4.98,5.11,4.92,5.09,3097940,31629842.00
2013-02-21,5.05,5.18,4.98,5.01,4156792,42669308.00
2013-02-22,5.00,5.07,4.94,4.96,2534263,25733820.00
2013-02-25,4.97,5.10,4.94,5.04,2247491,22858988.00
2013-02-26,5.02,5.08,4.94,4.94,2632952,26820314.00
2013-02-27,4.94,5.00,4.77,4.80,2324454,22967862.00
2013-02-28,4.83,5.08,4.80,5.04,3695094,37305380.00
2013-03-01,5.07,5.25,5.01,5.18,6927093,72196232.00
2013-03-04,5.12,5.19,5.01,5.04,3673763,37877780.00
2013-03-05,5.03,5.57,4.99,5.52,15427503,170309792.00
2013-03-06,5.38,5.74,5.36,5.67,13498014,151627280.00
2013-03-07,5.54,5.57,5.30,5.37,7925874,87434624.00
2013-03-08,5.34,5.48,5.21,5.22,3675413,39718188.00
2013-03-11,5.21,5.35,5.20,5.28,2677470,28669340.00
2013-03-12,5.26,5.37,4.95,5.10,3839613,40048688.00
2013-03-13,5.06,5.09,4.97,5.04,1840493,18735958.00
2013-03-14,5.02,5.11,4.99,5.02,1761045,18079034.00
2013-03-15,5.06,5.21,4.93,5.07,2559998,26414780.00
2013-03-18,5.04,5.05,4.85,4.85,2591587,26025088.00
2013-03-19,4.83,4.91,4.72,4.91,1774964,17452454.00
2013-03-20,4.88,5.08,4.88,5.07,1886351,19156984.00
2013-03-21,5.05,5.34,5.05,5.28,4772710,49889352.00
2013-03-22,5.19,5.26,5.12,5.21,2810569,29580594.00
2013-03-25,5.22,5.31,5.18,5.25,1998467,21197534.00
2013-03-26,5.21,5.24,5.04,5.11,2152021,22241186.00
2013-03-27,5.12,5.21,5.04,5.10,1918249,19880964.00
2013-03-28,5.03,5.03,4.79,4.81,2233075,22167450.00
2013-03-29,4.86,4.87,4.79,4.80,1068392,10488150.00
2013-04-01,4.79,4.90,4.75,4.81,1059242,10391105.00
2013-04-02,4.81,4.89,4.52,4.60,1775775,17103910.00
2013-04-03,4.65,4.66,4.56,4.60,1134739,10656959.00
2013-04-08,4.52,4.68,4.45,4.67,1280184,11916557.00
2013-04-09,4.67,4.77,4.67,4.74,1302880,12540626.00
2013-04-10,4.74,4.74,4.58,4.65,1117762,10596170.00
2013-04-11,4.70,4.74,4.64,4.66,865515,8251561.00
2013-04-12,4.64,4.67,4.54,4.55,863483,8069399.50
2013-04-15,4.57,4.57,4.41,4.46,913851,8334725.50
2013-04-16,4.43,4.54,4.38,4.51,1023030,9324744.00
2013-04-17,4.51,4.59,4.50,4.58,992695,9203497.00
2013-04-18,4.56,4.64,4.54,4.63,1124816,10540317.00
2013-04-19,4.62,4.76,4.46,4.71,1993062,19011674.00
2013-04-22,4.66,4.83,4.66,4.82,2027198,19643418.00
2013-04-23,4.85,4.85,4.57,4.58,1882074,18054614.00
2013-04-24,4.58,4.82,4.57,4.78,2236181,21577688.00
2013-04-25,4.76,5.01,4.75,4.81,3993619,39745004.00
2013-04-26,4.78,4.89,4.67,4.70,1690878,16420319.00
2013-05-02,4.68,4.85,4.63,4.84,1358569,13213189.00
2013-05-03,4.84,5.10,4.83,5.01,2820194,28569622.00
2013-05-06,5.06,5.25,4.98,5.14,3476910,36269280.00
2013-05-07,5.10,5.18,5.01,5.08,2316346,23798820.00
2013-05-08,5.07,5.31,5.02,5.26,4475483,47004556.00
2013-05-09,5.23,5.28,5.08,5.25,3670098,38622556.00
2013-05-10,5.21,5.23,5.02,5.17,3559077,36964708.00
2013-05-13,5.21,5.70,5.18,5.70,10434463,117849648.00
2013-05-14,5.96,6.29,5.89,6.19,27649740,341703744.00
2013-05-15,5.96,6.51,5.81,6.43,22278430,274804896.00
2013-05-16,6.26,6.78,6.12,6.21,19743516,254289312.00
2013-05-17,6.14,6.36,6.02,6.17,12022389,149916176.00
2013-05-20,6.81,6.81,6.57,6.81,18535233,252075168.00
2013-05-21,6.82,7.41,6.72,7.11,23413950,332775360.00
2013-05-22,6.98,7.12,6.54,6.72,17119444,235747584.00
2013-05-23,6.58,6.97,6.51,6.57,12230415,165148576.00
2013-05-24,6.56,6.86,6.56,6.82,7716837,104328144.00
2013-05-27,6.98,7.10,6.74,6.77,9564678,132415312.00
2013-05-28,6.72,6.72,6.13,6.34,9511363,122200112.00
2013-05-29,6.34,6.50,6.31,6.45,5461757,70408136.00
2013-05-30,6.40,6.66,6.32,6.41,7282679,95556632.00
2013-05-31,6.40,6.82,6.39,6.61,9371394,125058952.00
2013-06-03,6.63,6.76,6.39,6.41,6077675,80229512.00
2013-06-04,6.35,6.37,5.96,6.18,5532173,68280712.00
2013-06-05,6.15,6.26,6.04,6.17,3368756,41722120.00
2013-06-06,6.15,6.29,6.06,6.08,3892702,48649940.00
2013-06-07,6.07,6.19,5.81,5.87,3920717,47233884.00
2013-06-13,5.75,5.79,5.48,5.76,3050591,34784264.00
2013-06-14,5.73,6.19,5.72,6.09,5491131,66396468.00
2013-06-17,6.20,6.40,6.11,6.14,6778989,85396312.00
2013-06-18,6.12,6.45,5.99,6.44,7510692,94547424.00
2013-06-19,6.28,6.40,6.23,6.37,4828612,61353752.00
2013-06-20,6.29,6.42,5.87,5.93,5003278,62508528.00
2013-06-21,5.67,6.15,5.62,6.05,4199025,50069828.00
2013-06-24,5.99,6.54,5.95,6.22,10035389,126937080.00
2013-06-25,6.00,6.76,5.58,6.71,11523332,144705952.00
2013-06-26,6.59,7.23,6.46,7.05,16506147,230680816.00
2013-06-27,6.91,7.22,6.72,7.03,12411821,173644240.00
2013-06-28,6.90,6.96,6.30,6.35,9397966,125422944.00
2013-07-01,6.23,6.92,6.04,6.90,8073262,106408880.00
2013-07-02,6.78,7.10,6.76,6.82,9777368,135493920.00
2013-07-03,6.74,7.13,6.41,7.09,11336175,155688288.00
2013-07-04,6.95,7.07,6.76,6.79,7746076,107277120.00
2013-07-05,6.75,7.49,6.75,7.26,19668536,289015424.00
2013-07-08,7.13,7.68,7.03,7.44,18750529,278946816.00
2013-07-09,7.09,7.76,7.01,7.39,14643024,217595104.00
2013-07-10,7.27,7.49,7.19,7.29,10022835,147045808.00
2013-07-11,7.31,7.44,6.98,7.20,9517917,137239568.00
2013-07-12,7.17,7.85,7.08,7.45,13493855,203554976.00
2013-07-15,7.65,8.00,7.49,7.90,11290033,176537104.00
2013-07-16,7.82,7.89,7.60,7.78,8809844,136539136.00
2013-07-17,7.64,7.92,7.42,7.52,10114642,155455232.00
2013-07-18,7.55,8.18,7.53,8.06,12586741,199958256.00
2013-07-19,8.15,8.20,7.68,7.68,12164965,194058144.00
2013-07-22,7.57,8.05,7.39,8.02,8266523,129397120.00
2013-07-23,7.99,8.26,7.72,8.20,10624129,170133408.00
2013-07-24,8.11,8.33,7.99,8.12,9146063,148866016.00
2013-07-25,8.09,8.15,7.38,7.43,8143964,125723360.00
2013-07-26,7.42,7.83,7.40,7.68,6240911,95575680.00
2013-07-29,7.57,7.61,7.18,7.21,5769695,84369000.00
2013-07-30,7.18,7.31,6.75,6.99,4778258,66426516.00
2013-07-31,6.99,7.27,6.94,7.06,3567993,50639500.00
2013-08-01,7.09,7.55,7.08,7.49,5888310,86366408.00
2013-08-02,7.54,7.79,7.40,7.41,6989508,105933216.00
2013-08-05,7.41,7.58,7.37,7.55,3639297,54322568.00
2013-08-06,7.53,7.77,7.47,7.68,4884022,74228376.00
2013-08-07,7.64,7.65,7.14,7.18,5935304,86364032.00
2013-08-08,7.13,7.33,7.10,7.16,3442253,49459532.00
2013-08-09,7.21,7.26,6.92,7.08,3401031,47924640.00
2013-08-12,7.23,7.23,6.83,7.09,2998006,41993796.00
2013-08-13,7.08,7.26,6.95,7.21,3846310,54824476.00
2013-08-14,7.16,7.34,7.01,7.26,5062488,72689296.00
2013-08-15,7.32,7.62,7.28,7.42,7231231,107344760.00
2013-08-16,7.39,7.66,7.09,7.13,6159347,90935424.00
2013-08-19,7.10,7.69,7.03,7.69,7182669,107051672.00
2013-08-20,7.69,7.94,7.54,7.92,9373996,143912464.00
2013-08-21,7.80,7.95,7.67,7.78,7221924,112110688.00
2013-08-22,8.03,8.33,7.69,7.76,9765113,154384144.00
2013-08-23,7.83,7.91,7.28,7.51,8355781,125829304.00
2013-08-26,7.52,7.87,7.52,7.85,9292183,143661680.00
2013-08-27,7.66,7.76,7.47,7.72,9041598,137387504.00
2013-08-28,7.57,7.72,7.41,7.41,6504503,97970296.00
2013-08-29,7.40,7.61,7.35,7.48,4849077,72112320.00
2013-08-30,7.48,7.48,6.72,6.74,8373124,117421768.00
2013-09-02,6.71,6.90,6.64,6.85,3217662,43738356.00
2013-09-03,6.80,6.98,6.78,6.96,2749166,37810432.00
2013-09-04,6.96,6.96,6.77,6.80,3289991,44858744.00
2013-09-05,6.80,7.08,6.79,6.97,3541605,49166200.00
2013-09-06,6.92,7.15,6.87,7.07,3728712,52228568.00
2013-09-09,7.08,7.18,6.83,7.00,3455121,48082412.00
2013-09-10,6.98,7.13,6.95,7.02,3529245,49478556.00
2013-09-11,7.01,7.03,6.52,6.56,4999257,66429164.00
2013-09-12,6.51,6.98,6.48,6.71,3286389,44392656.00
2013-09-13,6.67,6.85,6.57,6.82,2785500,37554412.00
2013-09-16,6.78,6.90,6.72,6.76,3078926,41881992.00
2013-09-17,6.78,6.87,6.58,6.58,2350290,31403526.00
2013-09-18,6.58,6.70,6.54,6.66,1553699,20582240.00
2013-09-23,6.71,7.35,6.71,7.35,10110119,144363760.00
2013-09-24,7.26,7.31,7.09,7.24,8314818,119218768.00
2013-09-25,7.21,7.33,7.10,7.16,4391312,63052880.00
2013-09-26,7.18,7.43,7.00,7.01,4700368,67666136.00
2013-09-27,7.00,7.35,6.98,7.25,5011151,72227064.00
2013-09-30,7.27,7.48,7.22,7.37,4933946,72457248.00
2013-10-08,7.37,7.62,7.36,7.61,6220498,93022288.00
2013-10-09,7.54,7.64,7.46,7.55,5021342,75282832.00
2013-10-10,7.54,7.90,7.45,7.77,9420098,143638752.00
2013-10-11,7.84,7.89,7.57,7.74,7916050,121927328.00
2013-10-14,7.75,7.81,7.57,7.64,4841601,73601712.00
2013-10-15,7.66,7.88,7.58,7.88,8057672,124077528.00
2013-10-16,7.85,7.86,7.17,7.28,6489010,95985024.00
2013-10-17,7.36,7.63,7.24,7.29,4550857,67620392.00
2013-10-18,7.31,8.03,7.25,8.03,10425118,162481536.00
2013-10-21,8.56,8.85,8.56,8.85,5289555,92473640.00
2013-10-22,9.34,9.59,8.85,9.20,24089535,441807680.00
2013-10-23,8.57,8.72,8.26,8.26,7541400,124904184.00
2013-10-24,7.95,8.21,7.75,7.98,13174301,207587728.00
2013-10-25,7.93,8.03,7.50,7.67,8780392,134624992.00
2013-10-28,7.63,7.77,7.42,7.71,6601009,99727848.00
2013-10-29,7.65,7.72,6.93,7.02,10469718,149396800.00
2013-10-30,6.97,7.14,6.78,7.12,5703454,79661992.00
2013-10-31,7.04,7.27,6.86,7.20,6004065,84296784.00
2013-11-01,7.16,7.16,6.89,6.96,4430337,61796708.00
2013-11-04,6.98,7.07,6.90,6.99,3033124,42285136.00
2013-11-05,6.94,7.19,6.88,7.17,4142482,58447988.00
2013-11-06,7.12,7.43,7.10,7.18,7120105,103039048.00
2013-11-07,7.10,7.13,6.90,6.91,4521094,62956388.00
2013-11-08,6.80,6.86,6.57,6.58,3965038,52862480.00
2013-11-11,6.56,6.84,6.56,6.73,2564910,34365408.00
2013-11-12,6.74,6.84,6.68,6.81,2996855,40475824.00
2013-11-13,6.87,7.16,6.81,6.83,5718847,79523336.00
2013-11-14,6.69,7.13,6.68,7.08,4706296,65347024.00
2013-11-15,7.21,7.81,7.19,7.81,6718206,101636872.00
2013-11-18,8.05,8.16,7.64,7.80,10989438,170779184.00
2013-11-19,7.75,7.92,7.67,7.89,7240717,112760024.00
2013-11-20,7.85,8.11,7.85,8.03,6800474,107567760.00
2013-11-21,7.97,8.04,7.68,7.71,5939577,92568792.00
2013-11-22,7.74,7.83,7.62,7.64,3733758,57365756.00
2013-11-25,7.62,7.85,7.56,7.66,3622929,55793632.00
2013-11-26,7.64,8.21,7.59,8.03,9205198,145754960.00
2013-11-27,8.07,8.24,7.90,8.23,8227197,132477456.00
2013-11-28,8.40,8.54,8.08,8.14,9529228,157601296.00
2013-11-29,8.14,8.51,8.10,8.43,8152386,134630384.00
2013-12-02,7.64,7.94,7.57,7.57,5592538,85417992.00
2013-12-03,7.09,7.38,6.80,7.21,7498727,105249736.00
2013-12-04,7.14,7.39,7.03,7.06,5417722,78105776.00
2013-12-05,7.06,7.20,6.87,6.89,4344871,60379076.00
2013-12-06,6.91,7.03,6.86,6.93,2505897,34698520.00
2013-12-09,7.01,7.21,6.98,7.20,3091446,43977288.00
2013-12-10,7.23,7.26,7.05,7.15,2404207,34105192.00
2013-12-11,7.16,7.30,7.05,7.12,2859663,40997940.00
2013-12-12,7.10,7.34,7.10,7.25,2986767,43195120.00
2013-12-13,7.19,7.32,7.14,7.26,2240831,32287362.00
2013-12-16,7.26,7.31,7.04,7.07,2385187,34054388.00
2013-12-17,7.11,7.11,6.91,7.00,1749689,24338384.00
2013-12-18,7.00,7.06,6.90,6.99,1190078,16570490.00
2013-12-19,7.01,7.17,7.00,7.03,2061136,29079686.00
2013-12-20,7.03,7.12,6.75,6.82,2375067,32659150.00
2013-12-23,6.82,6.85,6.57,6.70,1415051,18924336.00
2013-12-24,6.69,6.97,6.65,6.86,2096756,28709772.00
2013-12-25,6.92,7.33,6.86,7.30,5148402,73699912.00
2013-12-26,7.34,7.34,7.10,7.11,3358554,48200228.00
2013-12-27,6.98,7.46,6.98,7.43,5000866,72646912.00
2013-12-30,7.43,7.54,7.35,7.39,3227436,47681632.00
2013-12-31,7.37,7.38,7.11,7.22,2980582,42791708.00
2014-01-02,7.18,7.62,7.18,7.62,5001290,74357160.00
2014-01-03,7.55,8.02,7.54,7.85,9933511,154830496.00
2014-01-06,7.75,7.76,7.46,7.64,5382587,81470192.00
2014-01-07,7.55,7.83,7.54,7.80,4965641,76282272.00
2014-01-08,7.85,8.13,7.80,7.95,8184727,129453264.00
2014-01-09,7.87,8.21,7.70,7.79,7894190,124344096.00
2014-01-10,7.66,8.10,7.51,7.69,5789595,90110480.00
2014-01-13,7.59,7.83,7.33,7.44,4708381,70752072.00
2014-01-14,7.55,7.87,7.38,7.87,6698598,101384064.00
2014-01-15,7.81,8.12,7.80,8.07,8059410,127313464.00
2014-01-16,8.46,8.86,7.94,7.98,10818419,177425744.00
2014-01-17,7.81,8.24,7.81,8.05,7153233,114343192.00
2014-01-20,8.05,8.20,7.75,7.95,5578386,88635792.00
2014-01-21,7.84,8.35,7.81,8.31,6397917,103673464.00
2014-01-22,8.34,8.69,8.21,8.64,10098926,169372128.00
2014-01-23,8.67,9.40,8.58,9.03,15734093,280106880.00
2014-01-24,9.08,9.36,8.88,9.03,10913829,197697136.00
2014-01-27,8.92,9.51,8.85,9.38,9650995,176904448.00
2014-01-28,9.46,9.75,9.20,9.70,8318882,155755520.00
2014-01-29,9.63,10.69,9.63,10.69,10764273,221964096.00
2014-01-30,10.77,11.76,10.77,11.34,12059384,268538368.00
2014-02-07,11.21,11.71,10.98,11.58,7263020,162495040.00
2014-02-10,11.59,12.76,11.31,12.76,10222465,243877696.00
2014-02-11,12.77,14.05,12.67,14.05,13873347,372003008.00
2014-02-12,14.21,14.29,13.23,13.59,9572404,257188880.00
2014-02-13,13.59,14.55,12.43,13.07,9205032,248696976.00
2014-02-14,12.82,13.47,12.70,13.32,5330973,137503536.00
2014-02-17,13.20,14.09,13.03,13.79,7720514,205334608.00
2014-02-18,13.85,14.20,13.62,13.76,4693051,128575152.00
2014-02-19,13.59,14.81,13.46,13.95,6080301,167703200.00
2014-02-20,13.63,14.42,13.63,14.17,4472976,123596896.00
2014-02-21,14.20,15.49,14.16,15.49,6227995,182620480.00
2014-02-24,15.43,16.76,14.82,16.36,7222224,225693840.00
2014-02-25,16.39,16.85,14.71,14.80,8797520,268597472.00
2014-02-26,14.40,15.10,13.35,14.90,5238111,148959792.00
2014-02-27,14.77,15.54,13.40,13.40,4583522,130748872.00
2014-02-28,13.09,13.93,12.67,13.61,5124966,132948104.00
2014-03-03,13.35,14.98,13.35,14.98,5253242,147648976.00
2014-03-04,14.80,15.19,14.12,14.51,2856177,82121104.00
2014-03-05,14.50,15.11,14.31,14.95,2769707,80332120.00
2014-03-06,14.72,15.03,14.53,14.80,2159207,62919964.00
2014-03-07,14.76,15.39,14.72,15.39,3201388,94995400.00
2014-03-10,15.34,15.97,13.89,14.94,4862767,144548288.00
2014-03-11,14.52,14.72,13.70,13.98,2525923,70919264.00
2014-03-12,13.89,13.89,13.11,13.38,2073050,55183952.00
2014-03-13,13.42,13.77,13.18,13.70,1290164,34398064.00
2014-03-14,13.73,14.20,13.62,13.82,1975070,53969588.00
2014-03-17,13.75,14.34,13.19,14.33,2694366,74298616.00
2014-03-18,14.41,15.78,14.21,15.78,6693486,203148144.00
2014-03-19,15.80,16.41,15.59,16.27,4344820,136447520.00
2014-03-20,16.05,16.41,15.46,15.46,3358341,105212824.00
2014-03-21,15.20,17.03,14.83,17.03,5416557,172455968.00
2014-03-24,16.68,17.34,15.31,15.31,6361073,208411200.00
2014-03-25,14.55,15.68,14.16,14.72,5707841,166772608.00
2014-03-26,14.47,16.21,14.47,16.21,6795461,211882304.00
2014-03-27,16.21,17.63,16.05,16.77,7618710,252235088.00
2014-03-28,16.38,16.76,15.23,15.86,5387325,168752544.00
2014-03-31,15.96,16.19,14.26,14.36,6291536,183454832.00
2014-04-01,14.21,15.58,14.10,15.34,3887610,115360080.00
2014-04-02,15.13,16.89,14.41,16.89,6259404,194919152.00
2014-04-03,17.26,17.26,16.57,17.16,4933369,164146800.00
2014-04-04,17.08,17.99,16.80,17.22,4457783,153448896.00
2014-04-08,16.87,17.91,16.26,16.58,5424364,182143632.00
2014-04-09,16.51,17.38,16.51,16.87,4753063,158017184.00
2014-04-10,16.72,18.56,16.58,17.09,8294006,285450304.00
2014-04-11,16.87,17.78,16.57,16.73,5597019,188687424.00
2014-04-14,16.56,17.03,16.22,16.47,3793751,123516688.00
2014-04-15,16.55,16.71,15.59,16.05,4819613,152176384.00
2014-04-16,16.05,16.15,15.16,15.36,3884901,119269520.00
2014-04-17,15.21,15.74,15.21,15.66,2480614,75934376.00
2014-04-18,15.53,15.66,15.03,15.08,2322594,69932984.00
2014-04-21,14.82,14.85,14.15,14.26,4062711,115960776.00
2014-04-22,14.20,14.65,13.74,14.18,2766665,77897448.00
2014-04-23,14.28,14.45,13.57,13.65,2273447,62832344.00
2014-04-24,13.65,13.84,12.53,13.08,4346338,111346512.00
2014-04-25,12.98,13.58,12.78,13.37,4073592,106296064.00
2014-04-28,13.44,13.44,12.09,12.54,2752028,68240576.00
2014-04-29,12.46,12.80,12.17,12.78,1882423,46670696.00
2014-04-30,12.75,13.12,12.61,12.77,1913362,48682268.00
2014-05-05,12.68,13.02,12.66,13.01,1352465,34432856.00
2014-05-06,12.94,13.78,12.82,13.61,2554061,67687264.00
2014-05-07,13.49,13.49,13.03,13.13,1788287,46703252.00
2014-05-08,13.05,13.30,12.64,12.67,1414636,36217404.00
2014-05-09,12.67,12.83,11.94,11.94,2363021,56821176.00
2014-05-12,12.07,12.20,11.58,12.19,2274929,53926116.00
2014-05-13,12.14,12.35,11.87,11.95,1414281,33781808.00
2014-05-14,11.88,12.07,11.85,11.95,836697,19728946.00
2014-05-15,11.87,12.03,11.29,11.30,2371061,54203912.00
2014-05-16,11.30,11.43,10.75,10.89,4873445,106182296.00
2014-05-19,10.90,11.23,10.79,11.22,1733212,37736544.00
2014-05-20,11.21,11.89,11.21,11.50,4452339,101885504.00
2014-05-21,11.49,11.70,11.28,11.67,2954727,66877632.00
2014-05-22,11.64,12.85,11.60,12.85,3873462,94590712.00
2014-05-23,13.18,14.12,12.57,13.70,9201750,240790096.00
2014-05-26,13.54,14.26,13.34,13.92,6916755,188847936.00
2014-05-27,13.69,14.57,13.67,14.23,5675710,157712160.00
2014-05-28,14.17,14.98,13.99,14.72,7956807,227560448.00
2014-05-29,15.13,15.46,14.15,14.38,9052890,263360240.00
2014-05-30,14.03,14.38,13.77,14.25,6624808,183226560.00
2014-06-03,14.12,14.12,13.64,13.95,3683992,100704392.00
2014-06-04,13.94,14.13,13.76,14.07,3078611,84774200.00
2014-06-05,14.06,14.25,13.90,14.15,2798787,77587120.00
2014-06-06,14.19,14.79,14.00,14.19,5321964,151005072.00
2014-06-09,13.82,13.98,13.24,13.54,3707336,99191560.00
2014-06-10,13.54,14.03,13.39,13.96,2772924,75622448.00
2014-06-11,13.95,14.11,13.43,13.64,2530787,68673200.00
2014-06-12,13.52,13.71,13.43,13.66,2146589,57300320.00
2014-06-13,13.69,14.62,13.69,14.41,5545985,155504032.00
2014-06-16,14.44,14.70,14.26,14.68,4792714,137246000.00
2014-06-17,14.43,14.61,14.23,14.29,2672762,75739224.00
2014-06-18,14.37,14.44,13.80,13.85,2264395,62765652.00
2014-06-19,13.76,13.76,12.45,12.47,5904486,114853456.00
2014-06-20,12.47,12.63,12.24,12.61,2867747,54071616.00
2014-06-23,12.60,13.29,12.56,13.03,4336815,85515416.00
2014-06-24,12.94,13.22,12.83,13.03,2135065,42114552.00
2014-06-25,12.90,13.00,12.49,12.57,2708430,51661324.00
2014-06-26,12.66,13.41,12.45,13.31,4796028,95507040.00
2014-06-27,13.31,14.20,13.17,13.81,4897203,101732680.00
2014-06-30,13.65,14.17,13.41,14.17,5145769,108175976.00
2014-07-01,14.15,15.59,14.10,15.59,13104924,302006208.00
2014-07-02,15.61,15.89,15.25,15.75,7277571,171388512.00
2014-07-03,15.57,15.83,15.31,15.39,5026145,117754992.00
2014-07-04,15.56,15.75,15.31,15.67,6166767,144896944.00
2014-07-07,15.41,15.74,14.94,15.29,4425692,102030104.00
2014-07-08,15.36,16.83,15.15,16.61,9598231,235248896.00
2014-07-09,16.40,16.75,15.55,15.57,7011242,170493840.00
2014-07-10,15.66,17.13,15.66,16.17,9277395,230115872.00
2014-07-11,16.15,17.13,15.90,16.63,7949694,200025648.00
2014-07-14,16.63,17.55,16.40,17.18,6031616,154912208.00
2014-07-15,17.09,17.30,16.21,16.82,5194583,130339816.00
2014-07-16,16.67,16.69,15.40,15.81,4445616,107856304.00
2014-07-17,15.76,16.47,15.61,16.10,3517182,85034256.00
2014-07-18,15.87,16.47,15.50,15.91,3135741,75821976.00
2014-07-21,16.00,16.37,15.82,16.23,3082886,74979512.00
2014-07-22,16.27,16.73,15.91,16.43,2649736,65575152.00
2014-07-23,16.37,17.35,16.34,17.00,6609976,169635536.00
2014-07-24,16.69,16.97,16.11,16.65,3153564,78448480.00
2014-07-25,16.63,17.17,16.10,16.21,3485297,87102912.00
2014-07-28,16.39,17.84,15.90,17.84,8630081,224045568.00
2014-07-29,18.41,18.53,17.95,18.03,6698490,184026512.00
2014-07-30,18.17,19.83,17.77,19.28,8068581,227917888.00
2014-07-31,18.89,19.33,18.81,19.05,3475773,99675208.00
2014-08-01,18.97,19.69,18.57,18.57,2980158,85416648.00
2014-08-04,18.67,18.89,18.24,18.73,2801599,78547096.00
2014-08-05,18.57,19.96,18.57,19.51,5113078,150158064.00
2014-08-06,19.49,19.89,19.24,19.51,2799981,82508608.00
2014-08-07,19.51,20.49,19.51,19.71,3633231,109381480.00
2014-08-08,20.02,20.02,19.16,19.54,3111583,91292880.00
2014-08-11,19.23,19.50,19.13,19.32,2810723,81519920.00
2014-08-12,19.43,19.43,18.70,18.80,3623338,103646440.00
2014-08-13,18.87,18.87,18.07,18.64,4580532,127114672.00
2014-08-14,18.51,19.03,18.31,18.57,3089522,87131200.00
2014-08-15,18.50,19.43,18.43,19.23,3736177,108075608.00
2014-08-18,19.23,19.87,19.10,19.73,2986257,87722384.00
2014-08-19,19.76,20.44,19.50,19.70,3669396,110265880.00
2014-08-20,19.49,19.75,18.85,18.93,4878499,140340976.00
2014-08-21,18.83,19.03,18.42,18.82,2787452,78398120.00
2014-08-22,18.67,19.16,18.67,19.04,2097192,60038028.00
2014-08-25,19.01,19.01,17.98,18.07,4046568,112145328.00
2014-08-26,18.08,18.08,16.90,17.30,4404956,115661208.00
2014-08-27,17.30,17.78,17.19,17.33,2376669,62775876.00
2014-08-28,17.36,17.83,17.24,17.43,1877633,49684108.00
2014-08-29,17.43,17.87,17.38,17.77,1536085,41023164.00
2014-09-01,18.08,18.53,17.91,18.37,2560918,70804480.00
2014-09-02,18.49,18.75,18.32,18.48,3060536,85805288.00
2014-09-03,18.37,18.92,18.37,18.50,3103600,87239264.00
2014-09-04,18.40,18.92,18.38,18.89,4487314,126265992.00
2014-09-05,18.88,19.15,18.68,19.05,4152684,118790328.00
2014-09-09,19.01,19.87,19.01,19.72,5020385,148191344.00
2014-09-10,19.72,20.09,19.33,19.75,3114988,92281776.00
2014-09-11,19.70,20.08,19.45,19.60,2922963,87045568.00
2014-09-12,19.60,19.68,19.13,19.26,2897564,84349200.00
2014-09-15,19.26,19.35,18.24,18.51,5501579,154383888.00
2014-09-16,18.62,18.73,17.80,17.89,4465550,123348488.00
2014-09-17,17.91,18.09,17.49,18.09,3058902,81997728.00
2014-09-18,18.03,18.15,17.41,17.53,4578638,122734360.00
2014-09-19,17.53,17.65,16.87,17.13,8440760,218238592.00
2014-09-22,17.12,18.08,16.97,17.87,7356970,194440448.00
2014-09-23,17.75,17.87,17.19,17.61,5129010,135821696.00
2014-09-24,17.49,17.50,17.07,17.39,6604865,172248880.00
2014-09-25,17.55,17.85,17.37,17.61,5706980,151459248.00
2014-09-26,17.63,17.64,17.16,17.28,4597341,120680512.00
2014-09-29,17.29,17.43,17.27,17.35,3301023,86284672.00
2014-09-30,17.35,17.99,17.35,17.91,5869286,157377184.00
2014-10-08,17.91,18.19,17.61,18.16,5141673,139083776.00
2014-10-09,18.20,18.20,17.43,17.75,5724855,153612048.00
2014-10-10,17.63,17.65,17.29,17.35,3854382,101405168.00
2014-10-13,17.29,17.29,16.15,16.33,8343249,205968976.00
2014-10-14,16.30,16.51,16.15,16.35,5425158,133636472.00
2014-10-15,16.27,16.40,16.08,16.21,4108556,100601176.00
2014-10-16,16.21,16.21,15.84,15.84,4286081,103689328.00
2014-10-17,15.82,16.13,15.57,16.03,3928502,94343392.00
2014-10-20,16.11,16.67,16.11,16.50,5577729,138778288.00
2014-10-21,16.43,16.61,15.92,16.17,4168566,102642160.00
2014-10-22,16.15,16.41,15.98,16.01,2396042,58555256.00
2014-10-23,16.05,16.12,15.30,15.35,3998664,94116024.00
2014-10-24,15.40,15.59,15.11,15.25,2424694,56244236.00
2014-10-27,15.25,15.43,14.77,15.14,2837295,65073384.00
2014-10-28,15.15,16.17,15.15,16.15,4874919,116407520.00
2014-10-29,16.15,16.84,16.10,16.36,7456686,185953952.00
2014-10-30,16.49,16.80,16.29,16.37,4007907,99649696.00
2014-10-31,16.33,16.37,15.92,16.07,2886367,70252456.00
2014-11-03,16.03,16.35,16.03,16.15,2229561,54430788.00
2014-11-04,16.27,16.69,16.27,16.41,4234321,105283168.00
2014-11-05,16.39,16.42,16.01,16.01,2661632,64818472.00
2014-11-06,16.03,16.33,15.82,16.30,3261574,79249800.00
2014-11-07,16.30,16.63,16.23,16.53,5384647,133594560.00
2014-11-10,16.43,17.13,16.43,16.70,7204680,182567184.00
2014-11-11,16.70,16.81,15.62,15.63,5437041,132320368.00
2014-11-12,15.57,16.04,15.43,15.93,2552112,60713296.00
2014-11-13,15.93,15.93,14.48,14.78,7729780,174058112.00
2014-11-14,14.73,14.77,14.42,14.51,3738609,82070816.00
2014-11-17,14.64,15.03,14.37,14.70,4178207,93263824.00
2014-11-18,14.71,14.97,14.57,14.75,2184815,48777472.00
2014-11-19,14.82,15.61,14.49,15.34,6757883,153835552.00
2014-11-20,15.13,15.20,14.85,14.96,3362309,75996728.00
2014-11-21,14.96,15.35,14.91,15.11,3424829,78395936.00
2014-11-24,15.30,15.30,14.97,15.04,3400326,77514504.00
2014-11-25,15.03,15.61,14.98,15.54,4389723,102116280.00
2014-11-26,15.54,15.67,15.22,15.35,3984997,92763064.00
2014-11-27,15.40,15.69,15.33,15.43,4029119,94084024.00
2014-11-28,15.46,15.67,15.20,15.58,5607758,131065240.00
2014-12-01,15.62,15.63,14.79,14.91,5666623,129408152.00
2014-12-02,14.90,15.35,14.84,14.91,4287495,97563024.00
2014-12-03,14.93,15.15,14.37,15.13,6498502,144145424.00
2014-12-04,15.07,16.65,15.04,16.20,11711866,281455712.00
2014-12-05,16.03,16.03,14.97,15.45,7276819,170862704.00
2014-12-08,15.30,15.30,14.69,14.71,6637621,149488016.00
2014-12-09,14.62,14.72,13.23,13.54,6769788,145054624.00
2014-12-10,13.44,14.46,13.43,14.34,5152925,109871904.00
2014-12-11,14.23,14.49,13.90,14.10,3681212,78653112.00
2014-12-12,14.23,14.50,14.08,14.43,3680718,79317752.00
2014-12-15,14.42,14.88,14.23,14.80,5036541,111072984.00
2014-12-16,14.91,14.99,14.37,14.45,4208639,92498976.00
2014-12-17,14.33,14.33,13.90,14.03,4390601,93277808.00
2014-12-18,14.02,14.35,13.77,14.31,4629060,98957368.00
2014-12-19,14.17,14.27,13.57,13.71,3785514,79061888.00
2014-12-22,13.56,13.57,12.33,12.37,4643185,89095448.00
2014-12-23,12.39,12.79,11.91,12.28,2667547,50062076.00
2014-12-24,12.34,12.56,12.30,12.47,5366651,100725416.00
2014-12-25,12.29,12.30,11.71,12.05,8807303,160257856.00
2014-12-26,11.97,12.19,11.83,11.92,4375183,79082640.00
2014-12-29,11.97,11.97,11.17,11.24,5806645,99899376.00
2014-12-30,11.21,11.46,11.17,11.29,3111630,53199828.00
2014-12-31,11.23,11.55,10.95,11.55,5826287,99576456.00
2015-01-05,11.38,11.53,11.09,11.35,4734579,80836512.00
2015-01-06,11.36,12.06,11.30,11.98,8108217,143754576.00
2015-01-07,11.97,12.03,11.66,11.79,5038043,89794752.00
2015-01-08,11.72,12.33,11.61,12.03,6848408,124736224.00
2015-01-09,11.91,12.35,11.85,11.88,5941541,108856208.00
2015-01-12,11.25,12.23,11.25,12.16,6991383,126640320.00
2015-01-13,12.23,13.39,12.23,13.39,9243551,180752192.00
2015-01-14,14.73,14.73,14.17,14.63,30054670,663471808.00
2015-01-15,14.37,14.68,13.85,13.89,13862793,298860672.00
2015-01-16,13.73,15.23,13.62,15.07,16933706,373531072.00
2015-01-19,14.57,15.63,14.35,14.67,16071113,367230976.00
2015-01-20,14.70,15.63,14.70,15.49,14377086,331762624.00
2015-01-21,15.29,15.72,14.93,15.21,13335555,307536992.00
2015-01-22,15.17,15.46,14.97,15.34,8873939,204335760.00
2015-01-23,15.29,15.30,14.57,14.75,7622745,170548640.00
2015-01-26,14.83,15.54,14.83,15.33,8997041,207479280.00
2015-01-27,15.37,16.09,15.13,16.03,12205028,286468736.00
2015-01-28,15.87,16.87,15.77,15.78,14349983,351849856.00
2015-01-29,15.50,16.19,15.25,15.41,6816119,162155888.00
2015-01-30,15.53,15.67,14.65,14.67,6246119,141656704.00
2015-02-02,14.58,15.21,14.50,15.07,4462917,101196944.00
2015-02-03,15.01,16.41,14.97,15.97,10737968,256646496.00
2015-02-04,15.89,16.29,15.82,15.91,7201465,174125168.00
2015-02-05,15.77,17.15,15.64,16.73,14949127,374241920.00
2015-02-06,16.60,16.78,15.84,16.02,7755275,189751488.00
2015-02-09,16.02,16.49,15.81,15.90,6614441,161457232.00
2015-02-10,15.77,16.08,14.98,16.03,7966273,186649648.00
2015-02-11,16.03,16.52,15.93,16.17,6279640,153343072.00
2015-02-12,16.15,16.75,16.04,16.23,7289552,180310176.00
2015-02-13,16.42,17.30,16.20,17.14,12801235,322773472.00
2015-02-16,17.14,17.69,16.91,17.37,11438398,298281024.00
2015-02-17,18.01,19.09,17.57,18.48,15888147,439171904.00
2015-02-25,18.29,18.48,17.41,17.41,9083647,246753408.00
2015-02-26,17.43,17.76,16.57,17.47,7714033,199889232.00
2015-02-27,17.57,18.38,17.43,18.37,7965407,216670704.00
2015-03-02,18.57,19.97,18.10,19.77,13306529,386826624.00
2015-03-03,19.53,20.09,18.70,18.85,10003396,292753408.00
2015-03-04,18.70,20.75,18.67,20.37,13092702,397267776.00
2015-03-05,20.07,20.52,19.62,20.43,6594124,198885456.00
2015-03-06,20.40,20.40,18.93,19.08,7198368,210741680.00
2015-03-09,18.73,19.87,18.40,19.73,8103610,232639008.00
2015-03-10,19.77,20.03,19.50,19.77,5329000,158540208.00
2015-03-11,20.30,21.19,20.17,20.47,9779833,303955968.00
2015-03-12,20.57,20.77,19.62,20.11,6229059,189566288.00
2015-03-13,20.14,22.03,20.11,21.46,8232309,261217760.00
2015-03-16,22.03,23.61,22.03,23.61,12095530,424844512.00
2015-03-17,23.61,25.70,23.61,24.17,10449352,385290336.00
2015-03-18,23.92,25.10,23.22,24.63,6303002,229392304.00
2015-03-19,24.11,24.90,23.77,24.70,6142141,223188416.00
2015-03-20,24.70,26.45,24.30,25.76,5915539,227506608.00
2015-03-23,25.57,27.00,25.10,26.33,6335317,248555600.00
2015-03-24,26.35,26.49,24.40,25.47,8070556,309773408.00
2015-03-25,25.35,26.05,24.57,24.67,8616750,324448672.00
2015-03-26,24.69,24.69,22.19,23.39,8827711,311697504.00
2015-03-27,23.15,24.31,22.89,23.57,4068255,143792256.00
2015-03-30,23.43,23.65,22.35,22.77,6068674,207712048.00
2015-03-31,22.76,24.12,22.43,23.97,7800282,274691840.00
2015-04-01,23.56,24.26,23.56,24.03,5682000,205041072.00
2015-04-02,24.15,24.80,23.30,23.70,9215304,333258368.00
2015-04-03,23.81,23.81,22.91,23.43,11596679,408292608.00
2015-04-07,23.43,24.17,22.97,24.04,15080253,533291648.00
2015-04-08,24.07,24.93,23.29,24.93,16625476,610029760.00
2015-04-09,24.93,24.93,22.43,23.70,10429303,370882720.00
2015-04-10,23.41,24.16,22.97,23.52,7197221,257595200.00
2015-04-13,23.53,24.02,22.57,23.71,9595937,339225696.00
2015-04-14,23.63,25.93,23.10,25.49,17023856,636461952.00
2015-04-15,24.97,25.13,22.93,22.93,10324628,371983968.00
2015-04-16,21.90,22.77,20.90,22.06,8105706,270131456.00
2015-04-17,22.07,22.43,21.57,22.15,6369751,211251744.00
2015-04-20,22.17,22.21,20.23,20.57,7606932,242606000.00
2015-04-21,20.57,21.90,20.56,21.83,9653895,308032480.00
2015-04-22,22.01,22.90,21.91,22.30,9740229,329226816.00
2015-04-23,22.55,23.06,22.06,22.99,8116949,277252864.00
2015-04-24,22.55,22.99,22.30,22.66,8150763,277583648.00
2015-04-27,23.17,23.73,22.67,22.81,7272375,253776672.00
2015-04-28,22.77,22.81,20.90,21.25,9412931,305111104.00
2015-04-29,21.21,22.23,21.10,21.90,6728560,221165120.00
2015-04-30,22.10,22.89,21.97,22.30,8675263,293994240.00
2015-05-04,22.10,22.30,21.24,21.91,6406352,210022192.00
2015-05-05,21.74,22.09,21.17,21.47,7231745,235487856.00
2015-05-06,21.47,23.37,21.47,22.33,12094258,410615616.00
2015-05-07,21.67,23.35,21.67,22.94,11470422,394075648.00
2015-05-08,23.67,25.20,23.42,24.83,16192260,593470848.00
2015-05-11,25.37,26.28,24.81,25.77,16007300,616998720.00
2015-05-12,25.63,27.90,24.53,27.24,20049131,781784128.00
2015-05-13,26.63,28.55,25.35,26.57,16669366,674201664.00
2015-05-14,26.18,27.53,25.63,25.83,13137118,525754048.00
2015-05-15,25.23,26.88,24.61,26.27,12139279,472092480.00
2015-05-18,26.55,28.91,26.53,28.91,8584485,364546848.00
2015-05-19,31.53,31.81,29.90,30.69,22556848,1061669696.00
2015-05-20,31.50,33.14,30.89,31.86,14643803,710325184.00
2015-05-21,32.57,35.05,31.90,35.05,14270300,732583296.00
2015-05-22,36.43,36.55,32.57,33.90,14499217,749818816.00
2015-05-25,32.15,34.47,31.38,33.30,10385498,512176704.00
2015-05-26,33.43,36.57,33.43,36.55,9067108,482245184.00
2015-05-27,37.57,38.82,35.10,37.53,11431060,645685696.00
2015-05-28,37.97,40.25,35.84,35.97,22040610,842060096.00
2015-05-29,35.23,37.75,33.27,36.53,18213211,654691840.00
2015-06-01,36.02,38.55,36.02,38.00,14973772,562495040.00
2015-06-02,38.53,41.63,37.62,41.48,17185671,686587264.00
2015-06-03,42.82,43.77,38.75,40.68,21291390,880823296.00
2015-06-04,39.97,40.57,36.61,38.02,21020526,797988288.00
2015-06-05,38.77,39.32,35.98,36.67,17273322,652008512.00
2015-06-08,35.97,35.97,33.77,34.01,16692635,575306560.00
2015-06-09,33.97,36.56,33.97,35.80,16456487,583539648.00
2015-06-10,34.97,36.93,34.67,36.40,13276515,479754592.00
2015-06-11,36.33,36.49,34.96,35.63,11384188,405993568.00
2015-06-12,35.87,38.97,35.87,37.78,17778665,663149568.00
2015-06-15,37.80,40.58,37.23,39.60,23447710,906539392.00
2015-06-16,39.47,39.47,35.76,36.62,17117729,640983488.00
2015-06-17,36.00,38.47,33.47,38.44,16628548,607190272.00
2015-06-18,38.47,39.12,35.97,36.07,15024685,567803328.00
2015-06-19,33.77,34.67,32.46,32.46,10349867,345398048.00
2015-06-23,31.96,32.76,29.21,31.11,11442030,352505632.00
2015-06-24,31.97,32.29,29.77,30.52,12535591,386597184.00
2015-06-25,31.18,31.46,27.67,28.61,10806659,327970848.00
2015-06-26,27.47,27.51,25.75,25.75,8982175,236022416.00
2015-06-29,25.95,26.27,23.17,23.17,11422253,270788320.00
2015-06-30,21.77,24.77,20.85,24.18,15960162,363411136.00
2015-07-01,23.47,25.59,21.76,21.76,15636851,376995072.00
2015-07-02,21.46,21.91,19.58,19.58,14435289,296164992.00
2015-07-03,18.66,20.30,17.62,17.62,13916094,254228944.00
2015-07-06,19.39,19.39,15.86,15.86,15429161,267790352.00
2015-07-07,14.47,14.97,14.27,14.27,6686221,96251432.00
2015-07-08,12.84,14.19,12.84,13.60,36079395,472659456.00
2015-07-17,14.96,14.96,14.96,14.96,559837,8391957.00
2015-07-20,16.46,16.46,16.46,16.46,110550,1822969.50
2015-07-21,18.11,18.11,18.11,18.11,512864,9303353.00
2015-07-22,19.92,19.92,19.92,19.92,4634578,92459832.00
2015-07-23,21.87,21.92,21.19,21.92,26305359,574241856.00
2015-07-24,23.65,24.12,22.48,24.12,49571511,1173350016.00
2015-07-27,22.97,24.15,21.71,21.71,32308704,743109248.00
2015-07-28,19.54,22.22,19.54,19.54,25777399,520565632.00
2015-07-29,20.27,21.50,19.03,21.50,22603703,460173536.00
2015-07-30,21.97,23.47,21.62,21.70,27067562,609504448.00
2015-07-31,20.47,22.39,20.47,21.26,17627869,373967584.00
2015-08-03,20.67,20.67,19.13,19.14,13570386,264528592.00
2015-08-04,18.98,21.06,18.87,21.06,19640651,396876224.00
2015-08-05,20.97,21.44,19.47,20.16,19461927,402248096.00
2015-08-06,19.27,20.12,19.07,19.56,11665737,229120064.00
2015-08-07,19.92,21.52,19.72,21.52,24905398,526224160.00
2015-08-10,21.87,23.39,21.36,23.03,26459041,593125504.00
2015-08-11,22.68,23.74,22.19,22.96,23367863,535335168.00
2015-08-12,22.48,23.11,21.94,22.02,14305162,322647968.00
2015-08-13,21.87,23.37,21.75,23.37,15674267,355095296.00
2015-08-14,23.67,23.83,22.70,22.85,16424322,382229344.00
2015-08-17,22.40,25.14,22.37,25.14,27889039,672004224.00
2015-08-18,25.75,27.27,22.62,23.31,43661494,1109823872.00
2015-08-19,21.97,25.64,21.86,25.64,31188060,755762112.00
2015-08-20,26.87,28.21,26.37,27.77,52629684,1459600384.00
2015-08-21,26.27,27.07,24.99,24.99,39381112,1000373248.00
2015-08-24,22.50,22.87,22.49,22.49,4700600,105992752.00
2015-08-25,20.24,20.24,20.24,20.24,1385000,28073950.00
2015-08-26,18.22,20.66,18.21,18.21,29365089,551719488.00
2015-08-27,18.47,18.97,16.39,17.32,26024759,456313184.00
2015-08-28,17.95,19.06,17.00,19.06,24720423,449898752.00
2015-08-31,18.97,18.97,17.15,17.15,24655063,447127616.00
2015-09-01,16.27,16.35,15.43,15.43,15357615,239385440.00
2015-09-02,13.89,16.47,13.88,14.00,21768739,321309888.00
2015-09-07,14.87,15.40,14.63,15.40,8524998,130414896.00
2015-09-08,15.85,16.94,15.63,16.94,33339722,554974464.00
2015-09-09,17.97,18.64,17.58,18.64,29232985,536364576.00
2015-09-10,18.47,19.30,18.02,18.27,39449038,736617728.00
2015-09-11,18.77,20.10,18.77,20.10,48461078,965510208.00
2015-09-14,19.47,19.77,18.09,18.09,37828512,710016192.00
2015-09-15,16.76,18.76,16.41,17.38,33485202,589487552.00
2015-09-16,17.72,19.12,17.69,19.12,38519811,723734976.00
2015-09-17,20.34,21.04,19.82,20.47,47902322,994871808.00
2015-09-18,21.02,21.86,19.85,21.25,50145152,1048949760.00
2015-09-21,20.16,22.94,19.98,22.41,40264756,868516224.00
2015-09-22,22.18,22.76,21.17,21.87,35136896,776467840.00
2015-09-23,21.12,23.96,20.97,22.86,39043204,893353088.00
2015-09-24,22.60,23.22,22.19,22.53,27747410,631883072.00
2015-09-25,22.37,22.62,20.27,20.47,26703267,565183680.00
2015-09-28,20.78,22.52,20.66,22.52,27864398,614864704.00
2015-09-29,22.92,24.47,22.58,23.38,42802503,1002453888.00
2015-09-30,23.13,23.52,22.09,22.62,23399736,532678048.00
2015-10-08,23.67,24.89,23.18,24.10,31085978,753659456.00
2015-10-09,23.48,24.47,23.17,24.06,26712300,637393024.00
2015-10-12,24.19,25.85,24.19,24.54,37810213,944734400.00
2015-10-13,24.07,26.22,23.97,26.13,36393069,932564480.00
2015-10-14,25.77,25.96,24.97,25.24,26017799,662978048.00
2015-10-15,24.58,26.16,24.47,26.04,28050629,720044864.00
2015-10-16,26.07,26.46,25.07,25.81,27461968,706017280.00
2015-10-19,25.57,25.80,24.77,25.24,21272236,537864704.00
2015-10-20,25.17,27.46,25.17,26.23,31960425,849719104.00
2015-10-21,26.02,26.06,23.60,23.60,32486727,807414848.00
2015-10-22,23.15,24.57,22.92,24.36,25102472,601729088.00
2015-10-23,24.21,25.81,24.18,25.44,27291442,682237696.00
2015-10-26,25.74,26.77,24.38,25.97,28423525,729043776.00
2015-10-27,25.02,26.93,24.18,26.57,29515013,759611264.00
2015-10-28,26.37,27.93,25.77,25.83,33306768,898567360.00
2015-10-29,26.12,26.47,24.68,25.35,20841802,530105216.00
2015-10-30,26.98,27.89,26.49,27.89,42080263,1158595584.00
2015-11-02,26.82,28.45,25.87,25.97,43523325,1181070208.00
2015-11-03,25.57,26.56,24.97,25.29,24781476,637765696.00
2015-11-04,25.57,27.27,25.48,26.98,25123827,664761280.00
2015-11-05,26.87,29.12,26.67,27.87,36237392,1012467968.00
2015-11-06,28.07,30.10,27.87,29.26,35238929,1027931392.00
2015-11-09,28.87,30.05,27.72,29.15,32051850,928402560.00
2015-11-10,28.67,30.62,28.57,29.39,27463567,816152384.00
2015-11-11,29.17,30.83,28.99,30.47,27862213,833063488.00
2015-11-12,30.14,30.35,28.79,29.45,27088119,798827392.00
2015-11-13,28.73,28.95,27.42,27.66,20615007,582193728.00
2015-11-16,27.07,29.08,26.96,29.08,17882362,510048608.00
2015-11-17,29.51,30.17,28.59,28.75,24766810,723123328.00
2015-11-18,29.12,30.45,28.48,28.97,25560185,756857024.00
2015-11-19,28.69,30.27,28.47,30.12,25376510,748489024.00
2015-11-20,29.84,32.18,29.53,31.57,32287671,996981312.00
2015-11-23,30.97,31.72,29.57,29.77,21647331,663558144.00
2015-11-24,29.98,31.10,29.47,30.43,17233087,521069728.00
2015-11-25,30.42,31.69,30.12,31.10,19115509,596167296.00
2015-11-26,31.47,32.66,30.75,31.51,23063720,732552064.00
2015-11-27,30.97,31.51,28.37,28.39,18992054,567665472.00
2015-11-30,28.39,28.82,25.87,28.24,14916910,415771808.00
2015-12-01,27.97,28.32,26.97,27.39,11039995,305587776.00
2015-12-02,27.42,27.69,25.27,26.58,9523064,252698048.00
2015-12-03,26.79,28.76,26.79,28.64,15113822,422976576.00
2015-12-04,28.43,29.42,28.02,28.18,15237934,439207616.00
2015-12-07,28.51,29.47,28.09,29.13,11184206,324211424.00
2015-12-08,29.37,31.77,29.07,30.48,25230454,770759360.00
2015-12-09,30.73,33.37,29.77,32.35,28252454,896143360.00
2015-12-10,31.97,34.18,31.30,31.38,24196706,795794432.00
2015-12-11,31.05,33.58,31.05,32.50,21628985,705286016.00
2015-12-14,31.88,32.42,30.17,31.89,14857249,464583808.00
2015-12-15,31.67,34.07,31.47,33.45,16308545,539662208.00
2015-12-16,33.13,33.83,32.45,32.53,14402133,476495104.00
2015-12-17,32.62,35.79,32.62,35.19,28401205,989808896.00
2015-12-18,34.77,35.45,33.57,34.33,17752413,610593856.00
2015-12-21,34.03,35.94,34.03,34.57,14123632,494150144.00
2015-12-22,34.26,35.17,33.37,34.96,12775652,438012928.00
2015-12-23,35.87,38.46,35.59,35.89,21914803,816215616.00
2015-12-24,34.97,37.39,34.28,37.39,14892890,536643616.00
2015-12-25,36.97,38.08,36.25,37.07,9475187,351124000.00
2015-12-28,38.08,40.78,37.67,40.06,25688151,1015542720.00
2015-12-29,39.19,41.11,38.75,40.62,14371174,572012800.00
2015-12-30,40.57,44.66,40.15,42.97,18026357,775010944.00
2015-12-31,42.55,43.54,41.52,42.00,12661433,537191360.00
2016-01-04,41.57,41.95,37.80,37.80,12444187,478981856.00
2016-01-05,34.17,37.63,34.02,34.02,18989193,662104128.00
2016-01-06,34.56,35.12,31.97,34.99,19667564,665391680.00
2016-01-07,33.07,33.72,31.49,31.49,3277651,105240656.00
2016-01-08,32.47,33.07,28.47,31.65,15097060,473753152.00
2016-01-11,29.37,30.97,28.48,28.48,12096661,355551744.00
2016-01-12,27.97,29.85,27.03,28.32,14375306,413072896.00
2016-01-13,28.37,29.25,26.18,26.18,11271900,316863328.00
2016-01-14,24.31,28.67,24.30,28.67,14024153,377553888.00
2016-01-15,28.04,29.67,27.53,28.10,15211091,437574784.00
2016-01-18,27.17,30.25,27.17,29.07,14298087,414649792.00
2016-01-19,29.27,30.77,28.63,30.60,13875840,412074560.00
2016-01-20,30.09,30.97,29.37,29.55,13272405,399139264.00
2016-01-21,28.80,30.39,27.63,27.72,12063283,356206208.00
2016-01-22,28.48,28.72,26.65,28.09,11148897,309494528.00
2016-01-25,28.59,28.64,27.68,28.21,7735235,218561056.00
2016-01-26,26.61,27.25,25.39,25.39,12944111,338409664.00
2016-01-27,24.82,25.20,22.85,24.08,10708174,253541008.00
2016-01-28,23.47,23.68,21.67,21.67,10285418,230830608.00
2016-01-29,21.32,23.49,21.13,22.97,13220269,297637280.00
2016-02-01,22.67,22.87,20.67,21.17,11894263,259239264.00
2016-02-02,21.27,23.29,21.27,23.29,14654550,337280384.00
2016-02-03,23.47,24.46,22.98,24.15,21924360,518378368.00
2016-02-04,23.72,24.72,23.72,24.45,18753446,456343712.00
2016-02-05,24.22,24.32,22.97,23.08,17498087,412558944.00
2016-02-15,21.62,22.96,21.15,22.55,10733842,238267600.00
2016-02-16,22.95,24.65,22.62,24.47,15288106,366189184.00
2016-02-17,24.42,24.95,23.78,24.86,18063150,440714496.00
2016-02-18,24.89,25.23,24.27,24.42,15526755,383933632.00
2016-02-19,24.17,25.95,24.17,25.32,20721012,520246656.00
2016-02-22,25.77,25.92,25.02,25.62,19568149,497428128.00
2016-02-23,25.57,25.62,24.41,24.89,13785111,345025504.00
2016-02-24,24.76,25.07,22.74,23.97,20082719,480000832.00
2016-02-25,23.67,23.77,21.57,21.57,14977744,337044800.00
2016-02-26,21.72,22.07,20.48,20.97,11091128,236166976.00
2016-02-29,20.77,20.83,18.87,18.87,9716840,186125344.00
2016-03-01,18.49,19.34,17.48,18.97,21206791,396328544.00
2016-03-02,18.63,19.94,18.47,19.85,22878798,441985216.00
2016-03-03,19.86,21.07,19.75,19.87,24224565,494621568.00
2016-03-04,19.58,19.77,17.97,18.04,19884219,372895552.00
2016-03-07,18.23,19.77,18.15,18.93,15285218,290951360.00
2016-03-08,18.67,20.05,17.56,19.93,23182935,440180640.00
2016-03-09,19.42,21.29,19.07,20.05,27384687,557605888.00
2016-03-10,20.32,20.52,19.52,19.59,18268581,365006720.00
2016-03-11,18.97,19.56,18.57,19.20,14860321,283833120.00
2016-03-14,19.72,21.12,19.57,21.12,19910886,407909536.00
2016-03-15,21.12,21.12,20.27,20.41,22321919,461808896.00
2016-03-16,20.77,22.45,20.28,21.52,35255065,753160640.00
2016-03-17,21.46,23.52,21.17,23.42,41986570,942361088.00
2016-03-18,23.17,24.84,22.97,24.32,40605993,974319424.00
2016-03-21,24.86,24.94,23.88,24.87,33849929,828858112.00
2016-03-22,24.52,25.57,24.20,24.42,24745406,612487424.00
2016-03-23,24.18,24.89,24.07,24.81,22260316,545460928.00
2016-03-24,24.37,24.50,23.57,23.57,22648847,546100672.00
2016-03-25,23.32,24.17,23.30,24.17,16146795,384574592.00
2016-03-28,24.47,24.93,23.48,23.59,18419502,447643104.00
2016-03-29,23.27,23.81,22.49,22.89,14646505,338843104.00
2016-03-30,23.24,25.07,23.17,24.75,24796581,599815424.00
2016-03-31,24.97,25.56,24.48,24.66,24234970,606631744.00
2016-04-01,24.57,24.57,23.35,23.92,16688389,398321120.00
2016-04-05,23.87,25.12,23.55,25.02,19123860,471080128.00
2016-04-06,24.85,25.37,24.63,24.97,21327227,533042784.00
2016-04-07,25.28,25.32,23.85,23.90,18898767,461031680.00
2016-04-08,23.57,23.57,22.77,23.21,14722562,341543904.00
2016-04-11,23.52,24.20,23.52,23.75,11999116,287031136.00
2016-04-12,23.48,23.85,22.87,23.54,11008395,256963984.00
2016-04-13,23.82,25.06,23.82,24.48,23905837,586077952.00
2016-04-14,24.87,25.05,23.97,24.72,17442384,428575904.00
2016-04-15,24.86,25.46,24.53,24.92,23377259,585376128.00
2016-04-18,24.47,24.47,23.77,24.03,14029649,337187136.00
2016-04-19,24.12,24.31,23.52,23.99,13024841,311567072.00
2016-04-20,24.64,25.17,21.97,22.98,27109908,648466752.00
2016-04-21,22.45,22.67,21.67,21.73,15453587,344231392.00
2016-04-22,21.28,22.06,21.27,22.02,10032763,218711616.00
2016-04-25,22.11,22.11,21.28,21.61,8195892,177840256.00
2016-04-26,21.75,22.17,21.37,22.16,9108314,198691520.00
2016-04-27,22.17,22.22,21.54,21.57,9791515,214963872.00
2016-04-28,21.63,22.25,21.13,22.19,10830485,235009600.00
2016-04-29,21.97,22.47,21.87,21.91,9913457,219902352.00
2016-05-03,21.96,22.86,21.82,22.80,12583678,283099968.00
2016-05-04,22.69,22.86,22.45,22.60,11464598,260086880.00
2016-05-05,22.57,22.82,22.45,22.82,9030534,205109920.00
2016-05-06,22.93,23.27,21.47,21.47,15690080,351870432.00
2016-05-09,21.17,21.18,19.75,20.00,11863209,240557600.00
2016-05-10,19.90,20.27,19.90,20.10,5614329,113096984.00
2016-05-11,20.27,20.41,19.32,19.54,6406132,127087264.00
2016-05-12,18.97,19.47,18.68,19.43,6287889,120384824.00
2016-05-13,19.43,19.72,18.91,19.12,5807518,112586608.00
2016-05-16,18.99,19.62,18.88,19.58,5608866,108710920.00
2016-05-17,19.62,20.42,19.31,20.07,10544595,209789728.00
2016-05-18,19.83,19.84,18.73,19.06,7361018,141902848.00
2016-05-19,19.12,19.92,19.12,19.41,8838067,173699824.00
2016-05-20,19.14,19.87,18.98,19.76,6516210,127502360.00
2016-05-23,19.92,20.45,19.87,20.41,10375176,210575888.00
2016-05-24,21.00,21.32,20.39,20.54,16114011,336508864.00
2016-05-25,20.76,21.27,20.27,20.80,12994713,270684224.00
2016-05-26,20.76,20.77,19.75,20.60,11465686,231612800.00
2016-05-27,20.40,20.68,20.11,20.47,8005103,163244704.00
2016-05-30,20.18,20.55,19.88,20.11,5167489,104635504.00
2016-05-31,20.25,21.86,20.25,21.86,19968741,423856608.00
2016-06-01,21.68,22.13,21.52,21.71,16866742,367391040.00
2016-06-02,21.69,21.86,21.40,21.83,11968095,258578112.00
2016-06-03,21.77,22.08,21.38,21.75,13959605,303006304.00
2016-06-06,21.85,21.96,21.50,21.63,9372626,203654576.00
2016-06-07,21.73,21.73,21.30,21.57,7157388,153699136.00
2016-06-08,21.53,21.85,21.31,21.59,8452131,182628624.00
2016-06-13,20.82,21.20,19.43,19.43,11203903,229219648.00
2016-06-14,19.10,19.62,19.09,19.33,6130564,118713824.00
2016-06-15,19.16,20.19,19.01,19.99,8056546,159897632.00
2016-06-16,19.98,20.07,19.61,19.75,6642465,131636120.00
2016-06-17,19.80,20.41,19.73,19.93,6617013,132987096.00
2016-06-20,19.87,20.16,19.50,20.05,6572141,130189440.00
2016-06-21,20.32,20.43,19.61,19.68,8124178,162387520.00
2016-06-22,19.60,20.63,19.56,20.59,11622431,235080304.00
2016-06-23,20.58,21.29,20.43,20.80,14021850,292322912.00
2016-06-24,20.90,21.05,19.55,20.22,12025178,244909664.00
2016-06-27,20.01,21.98,20.01,21.59,17308267,366231968.00
2016-06-28,21.50,22.10,21.21,21.85,17334659,375258720.00
2016-06-29,21.87,22.08,21.43,21.56,10930196,236942096.00
2016-06-30,21.57,22.22,21.35,22.20,16419631,359403648.00
2016-07-01,22.12,22.15,21.51,21.66,10319267,225301888.00
2016-07-04,21.20,22.19,21.20,22.08,10832083,237213728.00
2016-07-05,22.09,22.88,21.66,22.88,19084508,426431168.00
2016-07-06,22.51,22.79,22.33,22.51,11958498,269327904.00
2016-07-07,22.56,22.69,21.80,22.08,10796707,239128096.00
2016-07-08,22.12,23.00,22.03,22.60,16096926,363548800.00
2016-07-11,22.85,23.50,22.22,22.31,18707284,429213792.00
2016-07-12,22.10,23.25,21.51,23.25,19862653,446442112.00
2016-07-13,23.10,23.95,22.94,23.60,20793125,489449600.00
2016-07-14,23.31,23.54,23.11,23.40,11625859,271456416.00
2016-07-15,23.48,23.68,22.95,23.16,9283941,215730976.00
2016-07-18,22.90,23.00,22.37,22.64,8931913,202273888.00
2016-07-19,22.54,22.96,22.42,22.92,8740744,198311632.00
2016-07-20,22.83,22.90,22.38,22.39,10215904,230917136.00
2016-07-21,22.44,22.80,22.32,22.45,8286165,187111968.00
2016-07-22,22.58,22.92,22.48,22.62,8856595,201048752.00
2016-07-25,22.58,22.74,22.22,22.29,8094272,182102320.00
2016-07-26,22.29,23.10,22.24,23.04,10592314,241290624.00
2016-07-27,22.91,22.99,20.80,20.95,15365761,335788192.00
2016-07-28,20.97,21.10,19.81,20.21,13010627,264965872.00
2016-07-29,20.22,20.38,19.63,19.79,8286878,165255216.00
2016-08-01,19.80,19.98,19.20,19.75,6617581,129161912.00
2016-08-02,19.64,19.93,19.55,19.84,6097413,120398160.00
2016-08-03,19.79,19.83,19.46,19.69,5425359,106671064.00
2016-08-04,19.75,20.18,19.69,20.06,7036674,140409664.00
2016-08-05,20.04,20.05,19.71,19.72,4847574,96270352.00
2016-08-08,19.68,19.99,19.35,19.99,4658580,91837184.00
2016-08-09,20.05,20.36,20.00,20.32,6417150,129681688.00
2016-08-10,20.54,20.65,20.15,20.19,5733126,116655536.00
2016-08-11,20.15,20.18,19.55,19.60,5886636,116872848.00
2016-08-12,19.80,19.99,19.56,19.98,4660688,92323704.00
2016-08-15,20.02,20.70,19.72,20.56,9221400,188097920.00
2016-08-16,20.51,20.77,20.47,20.58,6613346,136099440.00
2016-08-17,20.42,20.77,20.42,20.64,6153447,126965240.00
2016-08-18,20.65,20.70,20.25,20.39,6651911,136394752.00
2016-08-19,20.37,20.63,20.31,20.48,4687910,96005488.00
2016-08-22,20.49,20.65,19.78,19.88,5653621,114507416.00
2016-08-23,19.92,20.23,19.81,20.10,4362267,87317032.00
2016-08-24,20.00,20.59,19.99,20.30,5165829,105139192.00
2016-08-25,20.20,20.30,19.72,20.10,5951158,118676480.00
2016-08-26,20.10,20.57,20.10,20.21,5926882,120588664.00
2016-08-29,20.25,20.63,20.18,20.50,6281463,128500824.00
2016-08-30,20.43,20.78,20.32,20.78,8156644,167854288.00
2016-08-31,20.89,20.95,20.58,20.74,7713471,160306896.00
2016-09-01,20.70,20.78,20.39,20.40,5694102,117369760.00
2016-09-02,20.37,20.44,19.99,20.16,5954701,120433056.00
2016-09-05,20.24,20.44,19.99,20.06,4205900,85048384.00
2016-09-06,20.09,21.30,20.07,21.20,15525433,322685504.00
2016-09-07,21.20,21.33,20.82,20.84,11535748,243156448.00
2016-09-08,20.80,21.14,20.73,20.99,7263424,151969744.00
2016-09-09,21.02,21.02,20.53,20.59,6516039,135376208.00
2016-09-12,20.18,20.33,19.75,19.81,7316052,147281200.00
2016-09-13,20.00,20.10,19.82,19.90,4113367,81891168.00
2016-09-14,19.65,20.05,19.56,19.78,5660677,111800312.00
2016-09-19,19.84,20.20,19.80,19.95,3955652,78955712.00
2016-09-20,20.00,20.10,19.86,19.95,3059022,61000464.00
2016-09-21,19.90,20.18,19.90,20.01,3450976,69063640.00
2016-09-22,20.17,20.28,20.00,20.01,3735600,75202104.00
2016-09-23,20.11,20.67,20.07,20.37,8988967,183615520.00
2016-09-26,20.38,20.57,19.83,19.85,7487989,152109984.00
2016-09-27,19.79,20.26,19.70,20.23,5481501,109158384.00
2016-09-28,20.11,20.22,19.82,20.03,4049773,81007704.00
2016-09-29,19.98,20.18,19.98,20.02,3468075,69623176.00
2016-09-30,20.00,20.04,19.86,19.99,3309537,66011048.00
2016-10-10,20.18,21.43,20.15,21.04,14580974,304002304.00
2016-10-11,20.92,21.09,20.74,20.89,8426192,175975248.00
2016-10-12,20.86,20.95,20.72,20.89,5091912,106187496.00
2016-10-13,20.92,21.00,20.76,20.86,4864597,101469848.00
2016-10-14,20.72,20.82,20.40,20.74,5426475,111590792.00
2016-10-17,20.71,20.80,20.35,20.50,5172410,106645344.00
2016-10-18,20.42,20.94,20.42,20.92,6344145,131547592.00
2016-10-19,21.00,21.00,20.65,20.72,4427900,91925448.00
2016-10-20,20.69,20.86,20.59,20.80,5007431,103898184.00
2016-10-21,20.80,20.84,20.35,20.52,5517769,113484888.00
2016-10-24,20.59,20.98,20.47,20.86,6448620,133860528.00
2016-10-25,20.90,21.05,20.70,20.80,5194284,108363312.00
2016-10-26,20.78,21.00,20.53,20.95,7607832,157910832.00
2016-10-27,20.80,21.29,20.75,21.17,9714680,204775360.00
2016-10-28,21.00,21.20,20.62,20.69,7148101,149257904.00
2016-10-31,20.52,20.70,20.28,20.45,4396281,89920256.00
2016-11-01,20.52,20.75,20.43,20.70,5117890,105266472.00
2016-11-02,20.68,20.68,20.21,20.29,6366381,130127792.00
2016-11-03,20.25,20.60,20.17,20.43,5129637,104671040.00
2016-11-04,20.41,20.58,20.20,20.29,4740004,96575928.00
2016-11-07,20.34,20.43,20.15,20.28,3294207,66863772.00
2016-11-08,20.41,20.59,20.35,20.54,4325930,88647344.00
2016-11-09,20.54,20.58,19.86,20.15,6059455,122485576.00
2016-11-10,20.40,20.52,20.28,20.40,4088236,83439032.00
2016-11-11,20.40,20.79,20.30,20.71,6397524,131120208.00
2016-11-14,20.66,21.50,20.65,21.19,16723086,354841472.00
2016-11-15,21.10,21.44,20.92,21.35,11460023,242575728.00
2016-11-16,21.40,21.79,21.19,21.20,12305738,264474240.00
2016-11-17,21.09,21.09,20.74,20.87,7696284,160588944.00
2016-11-18,20.80,21.06,20.78,20.90,4904284,102557360.00
2016-11-21,20.90,20.99,20.71,20.77,4734035,98655776.00
2016-11-22,20.80,21.35,20.77,21.34,8292187,174678336.00
2016-11-23,21.40,21.55,21.01,21.06,10459259,222414144.00
2016-11-24,21.08,21.08,20.63,20.72,6912480,144128048.00
2016-11-25,20.73,21.34,20.29,21.31,9747888,204048496.00
2016-11-28,21.27,21.69,21.09,21.58,7729700,165073488.00
数据来源:通达信
