Date,Open,High,Low,Close,Volume,Adj Close
2016-11-24,25.15,26.28,24.60,25.13,24656600,25.13
2016-11-23,23.89,23.89,23.89,23.89,000,23.89
2016-11-22,23.89,23.89,23.89,23.89,000,23.89
2016-11-21,23.89,23.89,23.89,23.89,000,23.89
2016-11-18,23.89,23.89,23.89,23.89,000,23.89
2016-11-17,23.89,23.89,23.89,23.89,000,23.89
2016-11-16,23.89,23.89,23.89,23.89,000,23.89
2016-11-15,23.89,23.89,23.89,23.89,000,23.89
2016-11-14,24.07,24.07,23.71,23.89,3714400,23.89
2016-11-11,24.07,24.07,23.71,23.89,3714400,23.89
2016-11-10,23.90,24.15,23.72,24.03,5711100,24.03
2016-11-09,23.64,23.92,23.21,23.85,5755900,23.85
2016-11-08,23.70,23.89,23.60,23.66,2923200,23.66
2016-11-07,23.46,23.68,23.39,23.68,2579500,23.68
2016-11-04,23.30,23.63,23.30,23.44,2499100,23.44
2016-11-03,23.19,23.59,23.11,23.40,3150100,23.40
2016-11-02,23.41,23.50,23.15,23.22,2016900,23.22
2016-11-01,23.18,23.54,23.10,23.51,2985100,23.51
2016-10-31,23.16,23.27,22.98,23.11,2622400,23.11
2016-10-28,23.63,23.83,23.26,23.27,2992900,23.27
2016-10-27,23.48,23.73,23.48,23.70,2158800,23.70
2016-10-26,23.80,23.84,23.46,23.56,2845500,23.56
2016-10-25,24.00,24.07,23.70,23.83,2673100,23.83
2016-10-24,23.77,24.09,23.64,23.95,3449800,23.95
2016-10-21,23.79,23.79,23.41,23.73,2937600,23.73
2016-10-20,23.59,23.79,23.37,23.72,3200000,23.72
2016-10-19,23.73,23.78,23.40,23.50,2035900,23.50
2016-10-18,23.25,23.69,23.20,23.68,2428600,23.68
2016-10-17,23.58,23.77,23.20,23.24,2172800,23.24
2016-10-14,23.80,23.80,23.40,23.58,2186300,23.58
2016-10-13,23.72,23.90,23.51,23.78,2764800,23.78
2016-10-12,23.69,23.81,23.50,23.69,1991500,23.69
2016-10-11,23.65,23.79,23.58,23.68,2605600,23.68
2016-10-10,23.13,23.83,23.13,23.72,4094400,23.72
2016-10-07,23.02,23.02,23.02,23.02,000,23.02
2016-10-06,23.02,23.02,23.02,23.02,000,23.02
2016-10-05,23.02,23.02,23.02,23.02,000,23.02
2016-10-04,23.02,23.02,23.02,23.02,000,23.02
2016-10-03,23.02,23.02,23.02,23.02,000,23.02
2016-09-30,22.90,23.08,22.90,23.02,1278400,23.02
2016-09-29,22.93,23.14,22.92,22.96,1348600,22.96
2016-09-28,23.30,23.30,22.92,22.93,1862000,22.93
2016-09-27,22.81,23.24,22.80,23.22,2706900,23.22
2016-09-26,23.01,23.20,22.80,22.82,2168700,22.82
2016-09-23,23.25,23.33,23.06,23.06,1487800,23.06
2016-09-22,23.31,23.45,23.18,23.19,1781800,23.19
2016-09-21,23.17,23.29,23.04,23.20,1403100,23.20
2016-09-20,23.38,23.38,23.03,23.09,1891000,23.09
2016-09-19,23.12,23.50,23.10,23.31,1791700,23.31
2016-09-16,23.00,23.00,23.00,23.00,000,23.00
2016-09-15,23.00,23.00,23.00,23.00,000,23.00
2016-09-14,23.18,23.40,22.92,23.00,2173400,23.00
2016-09-13,23.22,23.44,23.10,23.19,2304600,23.19
2016-09-12,23.58,23.73,23.17,23.17,4155000,23.17
2016-09-09,24.22,24.39,23.91,23.93,2927500,23.93
2016-09-08,23.80,24.55,23.80,24.28,5431700,24.28
2016-09-07,24.11,24.14,23.81,23.85,2781600,23.85
2016-09-06,23.53,24.19,23.30,24.10,4488300,24.10
2016-09-05,23.65,23.96,23.57,23.60,1836300,23.60
2016-09-02,23.77,23.85,23.55,23.63,2671700,23.63
2016-09-01,24.35,24.35,23.85,23.85,2954300,23.85
2016-08-31,24.00,24.25,23.80,24.16,2706700,24.16
2016-08-30,24.04,24.20,23.88,24.00,2446300,24.00
2016-08-29,24.00,24.29,23.82,24.03,3051300,24.03
2016-08-26,23.82,24.26,23.82,24.00,3115500,24.00
2016-08-25,23.85,23.85,23.22,23.81,3129300,23.81
2016-08-24,23.88,24.19,23.85,23.98,2934100,23.98
2016-08-23,23.82,24.08,23.69,23.88,3250700,23.88
2016-08-22,24.66,24.67,23.75,23.75,6484400,23.75
2016-08-19,24.74,24.94,24.42,24.78,5362600,24.78
2016-08-18,24.50,24.79,24.36,24.74,5742900,24.74
2016-08-17,24.44,24.88,24.32,24.56,5853200,24.56
2016-08-16,24.44,24.58,24.28,24.38,4745900,24.38
2016-08-15,23.73,24.62,23.60,24.41,7470000,24.41
2016-08-12,23.19,23.60,23.19,23.57,3372500,23.57
2016-08-11,23.88,23.90,23.30,23.30,4478100,23.30
2016-08-10,24.27,24.32,23.87,23.89,3755000,23.89
2016-08-09,23.82,24.27,23.73,24.22,4312900,24.22
2016-08-08,23.60,23.90,23.15,23.88,3371200,23.88
2016-08-05,23.86,24.07,23.60,23.64,3684900,23.64
2016-08-04,23.75,24.07,23.65,23.89,3988800,23.89
2016-08-03,23.60,24.35,23.43,23.75,4548700,23.75
2016-08-02,23.69,23.85,23.55,23.78,3721800,23.78
2016-08-01,23.90,23.96,23.03,23.63,5847600,23.63
2016-07-29,24.65,24.72,23.81,23.95,6878400,23.95
2016-07-28,25.32,25.40,24.02,24.60,9867400,24.60
2016-07-27,27.66,27.85,24.89,25.35,12465200,25.35
2016-07-26,27.71,27.71,27.33,27.65,7493000,27.65
2016-07-25,27.16,27.79,26.90,27.71,10757100,27.71
2016-07-22,26.95,27.40,26.80,27.07,7585300,27.07
2016-07-21,26.85,27.39,26.50,26.94,7242700,26.94
2016-07-20,27.39,27.39,26.79,26.79,5883000,26.79
2016-07-19,26.56,27.17,26.29,27.17,6788800,27.17
2016-07-18,26.42,27.00,26.40,26.61,4369200,26.61
2016-07-15,26.96,27.04,26.51,26.57,5317400,26.57
2016-07-14,27.19,27.19,26.63,26.90,6594700,26.90
2016-07-13,27.02,27.31,26.70,27.03,9851600,27.03
2016-07-12,26.33,26.89,26.05,26.85,8449400,26.85
2016-07-11,27.50,27.69,26.46,26.46,13063700,26.46
2016-07-08,27.60,27.77,27.01,27.28,10106200,27.28
2016-07-07,26.94,27.78,26.47,27.60,13173300,27.60
2016-07-06,26.90,27.10,26.40,26.98,5681900,26.98
2016-07-05,27.21,27.30,26.80,26.99,7074000,26.99
2016-07-04,26.01,27.67,25.87,27.32,10504300,27.32
2016-07-01,26.91,27.15,26.30,26.34,7183800,26.34
2016-06-30,26.72,27.26,26.66,26.91,7747900,26.91
2016-06-29,27.04,27.70,26.56,26.89,11692800,26.89
2016-06-28,26.33,27.40,26.18,26.84,14295300,26.84
2016-06-27,25.52,26.90,25.42,26.71,13516000,26.71
2016-06-24,26.40,26.47,24.01,25.70,16822000,25.70
2016-06-23,25.62,26.66,25.55,26.59,18540900,26.59
2016-06-22,24.87,25.88,24.62,25.76,8015500,25.76
2016-06-21,25.83,25.97,24.61,24.86,7581800,24.86
2016-06-20,25.10,25.70,24.81,25.44,9678200,25.44
2016-06-17,23.95,26.31,23.95,25.82,18526400,25.82
2016-06-16,24.17,24.50,23.83,23.92,4240900,23.92
2016-06-15,23.35,24.77,23.28,24.30,5264300,24.30
2016-06-14,23.45,23.88,23.45,23.63,4124100,23.63
2016-06-13,25.50,25.60,23.39,23.45,7966700,23.45
2016-06-10,25.90,25.90,25.90,25.90,000,25.90
2016-06-09,25.90,25.90,25.90,25.90,000,25.90
2016-06-08,25.60,26.15,25.40,25.90,5522800,25.90
2016-06-07,25.61,26.19,25.50,25.76,5331300,25.76
2016-06-06,25.80,25.88,25.33,25.61,6040100,25.61
2016-06-03,25.65,26.30,25.37,25.80,10141700,25.80
2016-06-02,25.28,25.74,25.12,25.68,6674400,25.68
2016-06-01,25.75,25.95,25.34,25.46,8151900,25.46
2016-05-31,23.90,25.77,23.90,25.66,10605600,25.61
2016-05-30,23.60,24.20,23.33,23.79,2897400,23.74365
2016-05-27,24.14,24.22,23.86,23.95,3654000,23.90333
2016-05-26,23.96,24.37,23.28,24.27,5700000,24.22271
2016-05-25,24.43,24.77,23.91,24.10,4967600,24.05304
2016-05-24,24.41,24.56,23.80,23.98,4449900,23.93327
2016-05-23,24.70,25.09,24.30,24.61,6366000,24.56205
2016-05-20,23.24,24.48,23.21,24.39,5747800,24.34247
2016-05-19,23.51,24.72,23.51,23.90,7651700,23.85343
2016-05-18,24.10,24.12,23.00,23.42,5166300,23.37437
2016-05-17,24.21,24.96,24.00,24.49,6566400,24.44228
2016-05-16,23.40,24.10,23.30,24.09,3529500,24.04306
2016-05-13,23.87,24.30,23.41,23.50,3737500,23.45421
2016-05-12,23.00,24.00,22.96,24.00,4871400,23.95324
2016-05-11,24.40,24.50,23.80,23.86,4351700,23.81351
2016-05-10,23.95,24.70,23.92,24.17,4718100,24.1229
2016-05-09,25.10,25.10,23.70,23.88,7937500,23.83347
2016-05-06,27.31,27.58,25.10,25.18,10873100,25.13094
2016-05-05,27.00,27.45,27.00,27.40,5870000,27.34661
2016-05-04,27.43,27.79,27.10,27.21,7472000,27.15698
2016-05-03,26.28,27.80,25.78,27.71,9140700,27.65601
2016-05-02,26.16,26.16,26.16,26.16,000,26.10903
2016-04-29,26.30,26.70,26.10,26.16,4921000,26.10903
2016-04-28,25.99,27.00,25.35,26.64,7495600,26.58809
2016-04-27,26.55,26.73,25.90,26.04,5224100,25.98926
2016-04-26,25.76,26.40,25.76,26.40,5493500,26.34856
2016-04-25,26.49,26.49,25.30,25.93,6099100,25.87947
2016-04-22,25.50,26.66,25.50,26.58,7025700,26.52821
2016-04-21,26.92,27.38,25.81,25.88,10246400,25.82957
2016-04-20,30.10,30.26,26.96,27.00,16160300,26.94739
2016-04-19,30.12,30.34,29.55,29.96,8767600,29.90162
2016-04-18,30.60,30.61,29.45,29.92,13637400,29.8617
2016-04-15,31.50,31.65,30.81,31.15,13468000,31.0893
2016-04-14,30.42,32.08,29.80,31.88,22008300,31.81788
2016-04-13,29.54,30.85,29.33,30.05,18837700,29.99145
2016-04-12,29.95,29.95,28.75,29.24,9776700,29.18302
2016-04-11,29.78,30.89,29.35,29.83,13834800,29.77188
2016-04-08,28.94,29.40,28.08,29.10,11210800,29.0433
2016-04-07,29.56,30.13,28.58,28.96,13652500,28.90357
2016-04-06,30.21,31.35,29.61,29.84,17729900,29.78186
2016-04-05,28.99,30.31,28.15,29.68,12700800,29.62217
2016-04-04,28.80,28.80,28.80,28.80,000,28.74388
2016-04-01,29.00,29.20,28.00,28.80,11949900,28.74388
2016-03-31,29.58,30.37,29.10,29.70,15604700,29.64213
2016-03-30,27.96,29.50,27.68,29.46,12373300,29.4026
2016-03-29,28.61,28.86,27.00,27.55,13182000,27.49632
2016-03-28,29.58,30.49,28.52,28.74,16687700,28.684
2016-03-25,28.68,30.00,28.32,29.68,19040500,29.62217
2016-03-24,28.81,29.50,28.30,28.38,15610700,28.3247
2016-03-23,28.40,29.53,28.40,29.42,15477100,29.36267
2016-03-22,28.70,29.08,28.41,28.53,14531000,28.47441
2016-03-21,28.85,29.46,28.06,29.42,24516900,29.36267
2016-03-18,26.04,28.39,25.80,28.39,23195300,28.33468
2016-03-17,24.30,25.96,24.29,25.81,14722000,25.75971
2016-03-16,25.48,25.58,24.00,24.20,8219800,24.15285
2016-03-15,25.22,25.57,24.60,24.75,8349800,24.70177
2016-03-14,24.25,25.88,24.20,25.32,10591600,25.27066
2016-03-11,24.00,24.47,23.61,23.90,7073700,23.85343
2016-03-10,25.08,25.60,24.52,24.61,7266000,24.56205
2016-03-09,24.81,26.25,24.08,25.05,8678800,25.00119
2016-03-08,25.00,25.87,23.09,25.47,12184500,25.42037
2016-03-07,25.60,26.85,25.10,25.56,10149400,25.51019
2016-03-04,27.70,27.80,25.36,25.36,16682900,25.31059
2016-03-03,28.30,29.96,28.10,28.18,17913000,28.12509
2016-03-02,27.10,29.17,26.00,28.80,18971200,28.74388
2016-03-01,26.07,27.80,25.41,27.20,16303000,27.147
2016-02-29,27.88,28.52,25.50,26.66,14880800,26.60805
2016-02-26,28.61,29.10,26.68,27.96,14647400,27.90552
2016-02-25,30.98,30.98,28.22,28.22,16053400,28.16501
2016-02-24,31.51,32.38,29.90,31.35,16207700,31.28891
2016-02-23,31.60,32.13,30.68,32.13,17030000,32.06739
2016-02-22,32.80,33.48,30.61,31.85,26248700,31.78794
2016-02-19,28.40,30.98,28.19,30.98,22948300,30.91963
2016-02-18,29.20,29.58,28.02,28.16,18475700,28.10513
2016-02-17,29.00,29.79,28.01,28.90,23893000,28.84369
2016-02-16,26.88,27.98,26.70,27.98,12473700,27.92548
2016-02-15,24.49,25.86,24.25,25.44,8084800,25.39043
2016-02-12,26.04,26.04,26.04,26.04,000,25.98926
2016-02-11,26.04,26.04,26.04,26.04,000,25.98926
2016-02-10,26.04,26.04,26.04,26.04,000,25.98926
2016-02-09,26.04,26.04,26.04,26.04,000,25.98926
2016-02-08,26.04,26.04,26.04,26.04,000,25.98926
2016-02-05,27.08,27.49,26.02,26.04,9993900,25.98926
2016-02-04,26.98,27.58,26.62,27.22,15154300,27.16696
2016-02-03,26.48,27.53,26.01,27.03,15033200,26.97733
2016-02-02,24.99,27.13,24.90,27.13,18640300,27.07714
2016-02-01,24.15,24.89,23.56,24.66,11280800,24.61195
2016-01-29,23.04,25.03,22.82,24.80,13132700,24.75168
2016-01-28,23.40,24.25,22.42,22.75,9893100,22.70567
2016-01-27,23.80,24.58,21.71,24.05,12159000,24.00314
2016-01-26,26.16,26.42,24.01,24.01,12175200,23.96322
2016-01-25,27.14,27.43,26.12,26.68,12957200,26.62801
2016-01-22,28.20,28.60,25.00,27.09,20130400,27.03721
2016-01-21,27.70,29.66,27.31,27.45,28785600,27.39651
2016-01-20,26.05,27.49,25.80,26.96,16383600,26.90747
2016-01-19,25.20,26.98,24.82,26.52,19545500,26.46833
2016-01-18,23.48,25.80,23.48,25.79,15898700,25.73975
2016-01-15,25.08,25.35,23.23,23.45,12813900,23.40431
2016-01-14,22.69,26.00,22.65,25.30,14386000,25.2507
2016-01-13,26.57,27.00,23.80,23.90,12085000,23.85343
2016-01-12,25.00,27.02,24.50,26.18,12589800,26.12899
2016-01-11,27.00,28.56,25.25,25.25,13240000,25.2008
2016-01-08,29.60,30.33,26.26,28.05,12218200,27.99534
2016-01-07,30.51,31.24,29.03,29.03,2917100,28.97343
2016-01-06,30.76,32.77,29.51,32.25,12161400,32.18716
2016-01-05,30.14,32.41,30.10,30.10,14315000,30.04135
2016-01-04,36.81,36.81,33.44,33.44,6719300,33.37484
2016-01-01,37.15,37.15,37.15,37.15,000,37.07761
2015-12-31,38.95,39.40,37.01,37.15,7283600,37.07761
2015-12-30,38.20,39.48,37.50,39.13,9569800,39.05375
2015-12-29,38.54,38.89,35.95,38.47,10241000,38.39504
2015-12-28,40.70,41.98,37.86,37.89,12904800,37.81617
2015-12-25,41.90,42.30,40.19,40.35,8482700,40.27138
2015-12-24,42.01,42.40,40.01,41.90,8311000,41.81836
2015-12-23,44.20,44.35,42.58,42.75,8618100,42.6667
2015-12-22,43.00,45.50,42.20,44.37,12294500,44.28354
2015-12-21,41.88,43.18,41.06,42.66,8939800,42.57688
2015-12-18,43.10,44.15,41.80,42.40,11204900,42.31738
2015-12-17,43.35,45.66,42.46,43.48,15735200,43.39528
2015-12-16,40.90,43.95,39.61,42.90,13556900,42.81641
2015-12-15,40.48,42.50,40.25,40.95,9794000,40.87021
2015-12-14,40.30,41.00,37.88,40.30,12700200,40.22147
2015-12-11,41.20,44.10,40.42,41.15,24872000,41.06982
2015-12-10,37.40,41.80,37.05,41.70,27220000,41.61875
2015-12-09,37.10,38.99,36.30,38.00,14534600,37.92596
2015-12-08,37.00,39.68,36.73,38.20,19501000,38.12557
2015-12-07,36.01,37.10,34.25,36.72,14592400,36.64845
2015-12-04,36.39,37.75,34.90,35.89,13710600,35.82007
2015-12-03,33.80,37.06,33.60,37.06,14720800,36.98779
2015-12-02,35.55,36.50,32.27,33.69,17812400,33.62435
2015-12-01,41.00,41.30,35.84,35.84,22554200,35.77016
2015-11-30,37.19,39.82,36.62,39.82,32473400,39.74241
2015-11-27,35.60,37.78,35.00,36.20,30690700,36.12946
2015-11-26,33.75,36.55,33.58,36.55,30512700,36.47878
2015-11-25,32.12,34.10,32.12,33.23,16206400,33.16525
2015-11-24,31.30,32.20,30.20,32.10,9494100,32.03745
2015-11-23,32.70,33.56,31.10,31.25,14507400,31.18911
2015-11-20,32.00,33.27,31.26,32.69,14517200,32.6263
2015-11-19,31.00,32.39,30.30,32.23,14978100,32.1672
2015-11-18,31.11,32.36,30.59,31.47,13930500,31.40868
2015-11-17,33.90,34.23,31.00,31.36,28361000,31.29889
2015-11-16,28.96,32.66,28.70,32.66,20383700,32.59636
2015-11-13,29.02,30.73,28.56,29.69,15342500,29.63215
2015-11-12,30.91,31.59,29.32,29.65,16607900,29.59223
2015-11-11,30.25,30.97,29.68,30.78,13264200,30.72002
2015-11-10,29.55,31.58,29.20,30.18,16872200,30.12119
2015-11-09,28.00,30.49,27.10,29.96,19506600,29.90162
2015-11-06,27.40,29.10,27.40,28.52,15994800,28.46443
2015-11-05,28.02,28.62,27.03,27.31,15714800,27.25678
2015-11-04,25.81,28.01,25.71,28.01,16423300,27.95542
2015-11-03,25.99,26.40,25.18,25.46,8464000,25.41039
2015-11-02,25.90,27.10,25.53,25.75,12679000,25.69983
2015-10-30,27.17,27.99,26.00,27.08,11581300,27.02723
2015-10-29,27.49,27.97,26.37,27.16,10659700,27.10708
2015-10-28,28.30,29.19,26.72,26.86,13648200,26.80766
2015-10-27,28.00,29.50,26.21,29.05,17271500,28.99339
2015-10-26,29.00,30.36,27.90,28.55,30243000,28.49437
2015-10-23,26.00,28.40,25.68,28.40,32215100,28.34466
2015-10-22,24.01,26.29,24.01,25.82,18567600,25.76969
2015-10-21,26.88,27.12,24.40,24.40,24199900,24.35246
2015-10-20,25.09,27.18,25.03,27.11,23518900,27.05718
2015-10-19,26.30,26.40,24.50,25.00,17914900,24.95129
2015-10-16,25.01,26.73,24.81,26.12,22800000,26.06911
2015-10-15,23.14,25.56,23.14,24.92,17588400,24.87144
2015-10-14,24.01,24.36,23.30,23.47,16346500,23.42427
2015-10-13,23.35,24.58,23.07,24.47,17592900,24.42232
2015-10-12,22.25,24.46,22.10,23.86,19492700,23.81351
2015-10-09,22.01,22.50,21.48,22.34,18329700,22.29647
2015-10-08,21.10,22.20,20.80,22.20,16663200,22.15674
2015-10-07,20.18,20.18,20.18,20.18,000,20.14068
2015-10-06,20.18,20.18,20.18,20.18,000,20.14068
2015-10-05,20.18,20.18,20.18,20.18,000,20.14068
2015-10-02,20.18,20.18,20.18,20.18,000,20.14068
2015-10-01,20.18,20.18,20.18,20.18,000,20.14068
2015-09-30,20.59,20.95,19.72,20.18,9153100,20.14068
2015-09-29,20.80,21.22,19.68,20.38,14210400,20.34029
2015-09-28,19.35,21.29,19.03,21.29,14684800,21.24852
2015-09-25,21.15,21.34,19.35,19.35,15794500,19.3123
2015-09-24,21.08,21.90,20.70,21.50,16716200,21.45811
2015-09-23,20.25,22.00,20.01,21.08,18796300,21.03892
2015-09-22,21.50,22.00,20.20,21.02,21839100,20.97904
2015-09-21,19.03,21.50,18.81,21.35,20811700,21.3084
2015-09-18,18.55,19.72,17.90,19.59,18262400,19.55183
2015-09-17,18.65,19.67,17.88,18.22,22874300,18.1845
2015-09-16,16.54,17.88,16.25,17.88,16905300,17.84516
2015-09-15,16.68,17.25,16.25,16.25,11269500,16.21834
2015-09-14,19.98,20.00,18.05,18.05,10930400,18.01483
2015-09-11,19.11,20.30,19.10,20.05,16170500,20.01093
2015-09-10,19.40,20.30,19.10,19.21,21479500,19.17257
2015-09-09,18.45,19.56,18.18,19.56,19647000,19.52189
2015-09-08,15.83,17.78,15.51,17.78,15497000,17.74536
2015-09-07,15.51,16.69,15.51,16.16,15363200,16.12851
2015-09-04,15.17,15.17,15.17,15.17,000,15.14044
2015-09-03,15.17,15.17,15.17,15.17,000,15.14044
2015-09-02,14.99,17.80,14.72,15.17,14257200,15.14044
2015-09-01,17.60,17.60,16.36,16.36,8384300,16.32812
2015-08-31,20.00,20.00,18.18,18.18,12919400,18.14458
2015-08-28,18.60,20.20,18.06,20.20,17857000,20.16064
2015-08-27,18.50,18.97,16.41,18.36,11208000,18.32423
2015-08-26,18.95,20.47,17.97,17.97,11706900,17.93498
2015-08-25,19.97,20.50,19.97,19.97,5154000,19.93109
2015-08-24,23.00,23.00,22.19,22.19,4823000,22.14676
2015-08-21,26.60,27.38,24.66,24.66,9194900,24.61195
2015-08-20,27.50,29.49,26.60,27.40,11355700,27.34661
2015-08-19,26.58,28.88,25.00,28.11,12514300,28.05523
2015-08-18,30.83,32.00,27.75,27.75,10921200,27.69593
2015-08-17,31.48,31.75,30.05,30.83,10171500,30.76993
2015-08-14,32.55,33.20,31.70,31.90,16727300,31.83784
2015-08-13,29.86,31.62,29.60,31.62,12022700,31.55839
2015-08-12,30.48,31.18,29.83,29.88,10128200,29.82178
2015-08-11,31.00,32.30,30.55,31.11,17932200,31.04938
2015-08-10,30.00,31.86,29.40,31.00,17440400,30.9396
2015-08-07,27.18,29.06,27.16,29.06,12353900,29.00338
2015-08-06,26.01,27.17,25.50,26.42,9014800,26.36852
2015-08-05,29.08,29.89,27.05,27.41,15600500,27.35659
2015-08-04,27.90,30.40,26.68,30.00,14090000,29.94154
2015-08-03,28.80,28.86,27.85,27.90,13236700,27.84564
2015-07-31,31.90,32.98,30.94,30.94,14627200,30.87971
2015-07-30,36.60,37.30,34.38,34.38,25129700,34.31301
2015-07-29,36.00,38.39,33.00,38.20,37185100,38.12557
2015-07-28,30.80,35.09,30.01,35.09,41155500,35.02163
2015-07-27,31.90,31.90,31.90,31.90,4148800,31.83784
2015-07-24,29.00,29.00,29.00,29.00,165800,28.94349
2015-07-23,26.36,26.36,26.36,26.36,000,26.30864
2015-07-22,26.36,26.36,26.36,26.36,000,26.30864
2015-07-21,26.36,26.36,26.36,26.36,000,26.30864
2015-07-20,26.36,26.36,26.36,26.36,000,26.30864
2015-07-17,26.36,26.36,26.36,26.36,000,26.30864
2015-07-16,26.36,26.36,26.36,26.36,000,26.30864
2015-07-15,26.36,26.36,26.36,26.36,000,26.30864
2015-07-14,26.36,26.36,26.36,26.36,000,26.30864
2015-07-13,26.36,26.36,26.36,26.36,000,26.30864
2015-07-10,26.36,26.36,26.36,26.36,000,26.30864
2015-07-09,26.36,26.36,26.36,26.36,000,26.30864
2015-07-08,26.36,26.36,26.36,26.36,000,26.30864
2015-07-07,26.36,26.36,26.36,26.36,000,26.30864
2015-07-06,32.22,32.22,26.36,26.36,13128800,26.30864
2015-07-03,29.55,34.14,29.29,29.29,11693300,29.23293
2015-07-02,35.00,36.80,32.54,32.54,8364600,32.4766
2015-07-01,38.96,42.33,36.14,36.15,10967400,36.07956
2015-06-30,33.08,40.43,33.08,40.16,11713700,40.08175
2015-06-29,40.88,40.94,36.75,36.75,6579200,36.67839
2015-06-26,42.90,43.28,40.83,40.83,7704800,40.75044
2015-06-25,50.10,50.68,45.37,45.37,9449900,45.28159
2015-06-24,54.18,54.18,48.58,50.41,12616400,50.31177
2015-06-23,47.88,51.62,47.85,51.62,10517100,51.51942
2015-06-22,46.93,46.93,46.93,46.93,000,46.83856
2015-06-19,45.88,50.83,43.80,46.93,10692000,46.83856
2015-06-18,51.80,53.99,47.00,47.44,11279300,47.34756
2015-06-17,47.50,51.73,47.39,51.73,11218700,51.6292
2015-06-16,50.25,50.50,47.03,47.03,9963500,46.93836
2015-06-15,58.99,58.99,52.25,52.25,9315900,52.14819
2015-06-12,59.20,60.09,57.00,58.05,6706300,57.93689
2015-06-11,60.50,62.48,59.00,59.45,6854200,59.33416
2015-06-10,58.74,63.66,57.40,61.64,7937900,61.51989
2015-06-09,56.80,59.30,56.10,59.03,8402900,58.91498
2015-06-08,61.99,62.00,57.44,57.57,11477600,57.45782
2015-06-05,71.22,72.95,63.81,63.82,10877100,63.69564
2015-06-04,75.01,77.35,69.57,70.90,5585100,70.76185
2015-06-03,76.30,80.31,69.00,77.30,7507300,77.14938
2015-06-02,66.37,73.01,65.00,73.01,6738600,72.86774
2015-06-01,63.00,67.58,63.00,66.37,5960400,66.24068
2015-05-29,60.65,64.66,56.00,62.70,5903200,62.57783
2015-05-28,62.60,64.75,60.77,60.91,5389400,60.79131
2015-05-27,65.76,66.50,62.00,63.15,5180500,63.02695
2015-05-26,61.55,66.61,61.55,65.75,7092800,65.62188
2015-05-25,60.13,63.59,58.80,61.23,7511300,61.11069
2015-05-22,65.98,67.10,61.99,63.66,10463100,63.53596
2015-05-21,65.40,70.18,62.20,67.18,11578100,67.0491
2015-05-20,69.29,71.96,67.68,67.90,8224200,67.7677
2015-05-19,73.50,74.47,68.10,69.99,7734400,69.85362
2015-05-18,66.66,72.60,64.68,72.60,11136000,72.45853
2015-05-15,60.91,68.50,59.99,66.00,10476800,65.8714
2015-05-14,67.66,71.89,66.00,66.11,16659700,65.98118
2015-05-13,65.35,65.35,59.41,65.35,6528200,65.22266
2015-05-12,59.41,59.41,59.41,59.41,265000,59.29424
2015-05-11,54.01,54.01,54.01,54.01,217900,53.90476
2015-05-08,49.10,49.10,49.10,49.10,000,49.00433
2015-05-07,49.10,49.10,49.10,49.10,000,49.00433
2015-05-06,49.10,49.10,49.10,49.10,000,49.00433
2015-05-05,49.10,49.10,49.10,49.10,000,49.00433
2015-05-04,49.10,49.10,49.10,49.10,000,49.00433
2015-05-01,49.10,49.10,49.10,49.10,000,49.00433
2015-04-30,49.10,49.10,49.10,49.10,000,49.00433
2015-04-29,49.10,49.10,49.10,49.10,000,49.00433
2015-04-28,50.00,51.01,46.00,49.10,12936800,49.00433
2015-04-27,55.29,56.87,49.90,50.51,15527500,50.41158
2015-04-24,49.50,52.65,48.63,52.65,16418600,52.54741
2015-04-23,45.90,47.86,44.70,47.86,18229500,47.76674
2015-04-22,39.95,43.51,39.90,43.51,11635300,43.42522
2015-04-21,37.05,39.60,37.05,39.55,8822100,39.47293
2015-04-20,38.88,39.20,36.45,36.69,7545500,36.61851
2015-04-17,39.79,40.40,38.40,38.61,6662400,38.53477
2015-04-16,39.18,41.20,36.20,39.40,8383400,39.32323
2015-04-15,43.80,44.38,40.05,40.05,8287300,39.97196
2015-04-14,46.27,46.27,43.70,44.50,10054800,44.41329
2015-04-13,47.30,47.30,45.95,46.70,10597800,46.609
2015-04-10,47.00,50.00,46.80,48.04,13807100,47.94639
2015-04-09,48.50,49.50,45.26,48.61,18283900,48.51528
2015-04-08,48.90,51.98,47.90,50.29,22769500,50.19201
2015-04-07,43.01,47.67,42.92,47.67,19989000,47.57711
2015-04-06,43.34,43.34,43.34,43.34,000,43.25555
2015-04-03,43.26,43.86,42.03,43.34,12537700,43.25555
2015-04-02,45.35,46.08,43.00,43.82,15458000,43.73461
2015-04-01,43.97,45.48,43.02,44.88,14967000,44.79255
2015-03-31,40.30,45.28,40.30,45.27,24079700,45.18179
2015-03-30,44.01,45.20,41.15,41.16,21440400,41.0798
2015-03-27,46.85,48.00,44.64,45.72,19155800,45.63091
2015-03-26,55.00,56.31,49.36,49.60,35832500,49.50335
2015-03-25,51.19,51.19,50.10,51.19,5676200,51.09025
2015-03-24,46.585,46.585,45.985,46.585,8668800,23.19721
2015-03-23,40.40,42.35,39.00,42.35,5973200,21.08837
2015-03-20,35.245,38.50,34.09,38.50,12684900,19.17125
2015-03-19,69.88,73.49,66.98,70.00,16743700,34.85682
2015-03-18,66.81,66.81,66.81,66.81,1638000,33.26834
2015-03-17,60.08,60.74,60.00,60.74,1948800,30.24576
2015-03-16,50.58,55.22,50.58,55.22,3585500,27.49705
2015-03-13,48.89,50.89,47.00,50.20,5810000,24.99732
2015-03-12,49.12,51.97,47.50,48.98,4673400,24.38981
2015-03-11,51.58,52.00,48.00,49.79,7800000,24.79316
2015-03-10,45.30,49.89,44.65,49.89,8677300,24.84295
2015-03-09,44.78,46.00,42.72,45.35,5975300,22.58224
2015-03-06,47.21,47.99,43.00,44.88,6689800,22.3482
2015-03-05,47.90,48.72,47.30,47.68,4639800,23.74247
2015-03-04,46.45,49.20,45.99,48.80,7835700,24.30018
2015-03-03,46.59,48.20,45.01,46.00,5497800,22.90591
2015-03-02,44.50,49.00,43.42,47.50,11078100,23.65284
2015-02-27,41.00,45.79,40.70,45.79,11877700,22.80134
2015-02-26,41.15,42.58,40.13,41.63,13232900,20.72985
2015-02-25,42.24,42.24,39.02,42.24,13331100,21.0336
2015-02-24,38.40,38.40,38.40,38.40,000,19.12145
2015-02-23,38.40,38.40,38.40,38.40,000,19.12145
2015-02-20,38.40,38.40,38.40,38.40,000,19.12145
2015-02-19,38.40,38.40,38.40,38.40,000,19.12145
2015-02-18,38.40,38.40,38.40,38.40,000,19.12145
2015-02-17,38.40,38.40,38.40,38.40,54400,19.12145
2015-02-16,34.91,34.91,34.91,34.91,77300,17.38359
2015-02-13,31.74,31.74,31.74,31.74,000,15.80508
2015-02-12,31.74,31.74,31.74,31.74,000,15.80508
2015-02-11,31.74,31.74,31.74,31.74,000,15.80508
2015-02-10,31.74,31.74,31.74,31.74,000,15.80508
2015-02-09,31.74,31.74,31.74,31.74,000,15.80508
2015-02-06,31.74,31.74,31.74,31.74,000,15.80508
2015-02-05,31.74,31.74,31.74,31.74,000,15.80508
2015-02-04,31.74,31.74,31.74,31.74,000,15.80508
2015-02-03,31.74,31.74,31.74,31.74,000,15.80508
2015-02-02,31.74,31.74,31.74,31.74,000,15.80508
2015-01-30,31.74,31.74,31.74,31.74,000,15.80508
2015-01-29,31.74,31.74,31.74,31.74,000,15.80508
2015-01-28,31.74,31.74,31.74,31.74,000,15.80508
2015-01-27,31.74,31.74,31.74,31.74,000,15.80508
2015-01-26,31.74,31.74,31.74,31.74,000,15.80508
2015-01-23,31.74,31.74,31.74,31.74,000,15.80508
2015-01-22,31.74,31.74,31.74,31.74,000,15.80508
2015-01-21,31.74,31.74,31.74,31.74,000,15.80508
2015-01-20,31.74,31.74,31.74,31.74,000,15.80508
2015-01-19,31.74,31.74,31.74,31.74,000,15.80508
2015-01-16,31.74,31.74,31.74,31.74,000,15.80508
2015-01-15,31.74,31.74,31.74,31.74,000,15.80508
2015-01-14,31.74,31.74,31.74,31.74,000,15.80508
2015-01-13,31.74,31.74,31.74,31.74,000,15.80508
2015-01-12,31.74,31.74,31.74,31.74,000,15.80508
2015-01-09,31.74,31.74,31.74,31.74,000,15.80508
2015-01-08,31.74,31.74,31.74,31.74,000,15.80508
2015-01-07,31.74,31.74,31.74,31.74,000,15.80508
2015-01-06,31.74,31.74,31.74,31.74,000,15.80508
2015-01-05,31.74,31.74,31.74,31.74,000,15.80508
2015-01-02,31.74,31.74,31.74,31.74,000,15.80508
2015-01-01,31.74,31.74,31.74,31.74,000,15.80508
2014-12-31,31.74,31.74,31.74,31.74,000,15.80508
2014-12-30,31.74,31.74,31.74,31.74,000,15.80508
2014-12-29,31.74,31.74,31.74,31.74,000,15.80508
2014-12-26,31.74,31.74,31.74,31.74,000,15.80508
2014-12-25,31.74,31.74,31.74,31.74,000,15.80508
2014-12-24,31.74,31.74,31.74,31.74,000,15.80508
2014-12-23,31.74,31.74,31.74,31.74,000,15.80508
2014-12-22,31.74,31.74,31.74,31.74,000,15.80508
2014-12-19,31.74,31.74,31.74,31.74,000,15.80508
2014-12-18,31.74,31.74,31.74,31.74,000,15.80508
2014-12-17,31.74,31.74,31.74,31.74,000,15.80508
2014-12-16,31.74,31.74,31.74,31.74,000,15.80508
2014-12-15,31.74,31.74,31.74,31.74,000,15.80508
2014-12-12,31.74,31.74,31.74,31.74,000,15.80508
2014-12-11,31.74,31.74,31.74,31.74,000,15.80508
2014-12-10,31.74,31.74,31.74,31.74,000,15.80508
2014-12-09,31.74,31.74,31.74,31.74,000,15.80508
2014-12-08,31.74,31.74,31.74,31.74,000,15.80508
2014-12-05,31.74,31.74,31.74,31.74,000,15.80508
2014-12-04,31.74,31.74,31.74,31.74,000,15.80508
2014-12-03,31.74,31.74,31.74,31.74,000,15.80508
2014-12-02,31.74,31.74,31.74,31.74,000,15.80508
2014-12-01,31.74,31.74,31.74,31.74,000,15.80508
2014-11-28,31.74,31.74,31.74,31.74,000,15.80508
2014-11-27,31.74,31.74,31.74,31.74,000,15.80508
2014-11-26,31.74,31.74,31.74,31.74,000,15.80508
2014-11-25,31.74,31.74,31.74,31.74,000,15.80508
2014-11-24,31.74,31.74,31.74,31.74,000,15.80508
2014-11-21,31.74,31.74,31.74,31.74,000,15.80508
2014-11-20,31.74,31.74,31.74,31.74,000,15.80508
2014-11-19,31.74,31.74,31.74,31.74,000,15.80508
2014-11-18,31.74,31.74,31.74,31.74,000,15.80508
2014-11-17,31.74,31.74,31.74,31.74,000,15.80508
2014-11-14,31.45,32.00,30.80,31.74,5321900,15.80508
2014-11-13,33.20,33.20,30.59,30.82,7086600,15.34696
2014-11-12,32.59,33.50,32.30,33.18,2914900,16.52213
2014-11-11,34.59,34.68,31.85,32.88,5520800,16.37275
2014-11-10,33.65,34.70,33.45,34.30,5096400,17.07984
2014-11-07,34.09,35.00,33.40,33.94,5230300,16.90058
2014-11-06,33.10,33.97,32.70,33.90,2740900,16.88066
2014-11-05,33.40,33.50,32.18,33.10,3607100,16.48229
2014-11-04,34.60,34.60,32.01,32.80,6199800,16.33291
2014-11-03,35.07,35.26,34.00,34.60,2731300,17.22923
2014-10-31,34.30,35.20,33.65,35.10,3906700,17.4782
2014-10-30,34.70,35.78,33.88,34.30,4109300,17.07984
2014-10-29,35.00,35.38,34.47,34.65,5706000,17.25412
2014-10-28,32.99,34.48,32.39,34.45,6141500,17.15453
2014-10-27,32.14,32.76,31.61,32.76,2806600,16.31299
2014-10-24,32.40,33.16,31.40,31.93,4624800,15.89969
2014-10-23,32.94,34.00,31.62,32.66,5369100,16.26319
2014-10-22,33.05,33.90,32.56,32.97,3964200,16.41756
2014-10-21,31.92,33.89,31.89,33.44,8553600,16.6516
2014-10-20,30.00,31.95,29.60,31.90,5593300,15.88475
2014-10-17,31.10,32.51,29.70,30.05,7485500,14.96353
2014-10-16,29.73,32.69,29.62,31.10,8749000,15.48639
2014-10-15,29.40,30.30,28.82,29.73,5503300,14.80419
2014-10-14,27.85,30.49,27.85,29.10,8938400,14.49048
2014-10-13,27.90,27.95,27.10,27.77,4157900,13.8282
2014-10-10,29.30,29.30,27.59,28.18,5713400,14.03236
2014-10-09,29.21,30.52,28.80,29.23,6358000,14.55521
2014-10-08,28.28,29.95,27.70,29.76,8758200,14.81913
2014-10-07,28.66,28.66,28.66,28.66,000,14.27138
2014-10-06,28.66,28.66,28.66,28.66,000,14.27138
2014-10-03,28.66,28.66,28.66,28.66,000,14.27138
2014-10-02,28.66,28.66,28.66,28.66,000,14.27138
2014-10-01,28.66,28.66,28.66,28.66,000,14.27138
2014-09-30,30.00,30.00,27.47,28.66,14020800,14.27138
2014-09-29,26.88,28.47,26.17,28.47,8583200,14.17676
2014-09-26,25.85,26.15,25.20,25.88,6516800,12.88706
2014-09-25,25.76,26.58,25.22,25.60,11562200,12.74764
2014-09-24,23.29,25.52,23.19,25.52,16487000,12.7078
2014-09-23,24.19,24.30,22.78,23.20,12244200,11.55255
2014-09-22,24.61,24.93,24.11,24.11,4504300,12.00568
2014-09-19,25.09,25.38,24.80,25.12,4565000,12.50862
2014-09-18,24.47,25.37,24.01,25.09,5804700,12.49368
2014-09-17,24.79,25.30,23.50,24.70,9304300,12.29948
2014-09-16,26.30,26.79,24.30,25.18,11470000,12.53849
2014-09-15,25.60,26.68,25.01,26.67,11270800,13.28045
2014-09-12,26.00,26.34,25.43,25.63,7430100,12.76257
2014-09-11,25.23,25.79,24.56,25.69,12164700,12.79245
2014-09-10,25.37,26.10,24.50,25.06,14300900,12.47874
2014-09-09,24.83,26.18,24.30,25.39,19571300,12.64306
2014-09-08,24.89,24.89,24.89,24.89,000,12.39409
2014-09-05,25.76,25.76,24.40,24.89,15318300,12.39409
2014-09-04,26.21,26.21,24.90,25.76,18518900,12.82731
2014-09-03,27.40,27.83,25.62,26.25,25953300,13.07131
2014-09-02,24.09,25.61,23.50,25.61,14668700,12.75262
2014-09-01,21.25,23.28,21.12,23.28,13369600,11.59238
2014-08-29,20.28,21.79,20.05,21.16,5902500,10.53672
2014-08-28,20.53,20.87,20.06,20.21,3158000,10.06366
2014-08-27,20.06,20.74,19.93,20.57,5809500,10.24292
2014-08-26,20.59,20.75,20.00,20.09,4576600,10.00391
2014-08-25,20.65,21.00,19.99,20.60,10900800,10.25786
2014-08-22,20.77,20.84,20.21,20.55,8355700,10.23296
2014-08-21,22.50,22.50,20.26,21.06,16507900,10.48692
2014-08-20,19.30,20.85,19.20,20.85,8776100,10.38235
2014-08-19,18.90,19.48,18.70,18.95,7499100,9.43624
2014-08-18,17.83,19.37,17.83,18.89,9900500,9.40636
2014-08-15,17.60,17.75,17.47,17.70,4346600,8.8138
2014-08-14,17.92,18.00,17.57,17.69,5533000,8.80882
2014-08-13,17.60,17.94,17.30,17.89,8754300,8.90841
2014-08-12,17.26,17.51,17.05,17.40,6305500,8.66441
2014-08-11,17.35,17.55,16.95,17.29,6379200,8.60963
2014-08-08,16.66,17.30,16.66,17.18,6779400,8.55486
2014-08-07,16.24,17.10,16.24,16.65,8818100,8.29094
2014-08-06,16.16,16.30,15.96,16.22,4109400,8.07682
2014-08-05,16.28,16.28,15.69,16.19,6788600,8.06188
2014-08-04,16.00,16.24,15.80,16.01,3041500,7.97225
2014-08-01,16.25,16.26,15.90,15.99,2495000,7.96229
2014-07-31,16.16,16.99,16.13,16.25,3934300,8.09176
2014-07-30,15.80,16.19,15.74,16.16,3993200,8.04694
2014-07-29,15.22,16.14,15.16,15.89,5168000,7.9125
2014-07-28,15.17,15.43,14.88,15.39,4575000,7.66352
2014-07-25,15.11,16.18,14.85,15.18,3165700,7.55895
2014-07-24,15.84,15.84,14.71,15.13,5276500,7.53405
2014-07-23,16.30,16.38,15.72,15.92,3095700,7.92744
2014-07-22,15.99,16.38,15.83,16.34,3363200,8.13658
2014-07-21,16.35,16.36,15.73,15.95,4401300,7.94237
2014-07-18,16.65,16.81,16.13,16.31,3930300,8.12164
2014-07-17,16.76,17.78,16.52,16.69,3297700,8.31086
2014-07-16,17.43,18.00,16.20,16.68,8770400,8.30588
2014-07-15,18.01,18.05,17.17,17.43,6277800,8.67935
2014-07-14,17.66,18.25,17.10,18.03,7312800,8.97812
2014-07-11,17.38,17.63,17.00,17.11,5068700,8.52
2014-07-10,17.91,18.44,17.50,17.51,7286100,8.71918
2014-07-09,17.74,19.15,17.70,18.12,18252400,9.02294
2014-07-08,16.60,17.87,16.60,17.75,9595600,8.83869
2014-07-07,17.08,17.38,16.72,16.89,6216600,8.41045
2014-07-04,16.47,17.13,16.41,17.06,7256200,8.4951
2014-07-03,17.05,17.05,16.56,16.60,6202100,8.26605
2014-07-02,17.18,17.27,16.71,17.05,6714100,8.49012
2014-07-01,17.45,17.57,16.88,17.26,9280200,8.5947
2014-06-30,17.00,17.85,17.00,17.44,6132200,8.68433
2014-06-27,17.18,17.49,16.90,17.10,6963700,8.51502
2014-06-26,16.23,17.49,16.19,17.26,10079700,8.5947
2014-06-25,16.60,16.60,16.05,16.19,5322000,8.06188
2014-06-24,16.79,17.21,16.50,16.66,6823600,8.29592
2014-06-23,16.29,17.10,16.10,16.87,12013800,8.40049
2014-06-20,15.94,16.35,15.70,16.18,7936100,8.0569
2014-06-19,16.94,17.28,15.51,16.01,11027900,7.97225
2014-06-18,18.63,18.79,16.90,16.90,15717000,8.41543
2014-06-17,18.87,19.47,18.26,18.54,12775400,9.23208
2014-06-16,19.00,19.10,18.50,18.90,13391300,9.41134
2014-06-13,19.18,19.38,18.68,19.07,14226400,9.49599
2014-06-12,17.90,19.96,17.75,19.30,22680000,9.61052
2014-06-11,18.50,18.78,17.65,18.20,20501900,9.06277
2014-06-10,16.33,17.95,16.33,17.95,14993400,8.93828
2014-06-09,16.92,17.09,16.25,16.32,5945500,8.12662
2014-06-06,17.10,17.33,16.68,16.92,6837100,8.42539
2014-06-05,16.75,17.70,16.36,17.32,12325200,8.62457
2014-06-04,16.20,17.02,15.96,16.91,12168700,8.42041
2014-06-03,16.28,16.48,15.98,16.30,7386300,8.11666
2014-06-02,16.21,16.21,16.21,16.21,000,8.07184
2014-05-30,16.69,16.69,15.90,16.21,7816900,8.07184
2014-05-29,16.75,17.10,16.15,16.62,11667800,8.276
2014-05-28,16.68,17.67,16.39,17.15,15542200,8.53992
2014-05-27,16.61,16.80,16.21,16.70,14350800,8.31584
2014-05-26,16.33,17.25,16.33,16.90,28203000,8.41543
2014-05-23,14.40,15.68,14.09,15.68,11580800,7.80793
2014-05-22,15.05,15.05,14.13,14.25,6963500,7.09585
2014-05-21,13.50,13.75,13.19,13.68,2524500,6.81202
2014-05-20,13.40,14.16,13.40,13.68,3545000,6.81202
2014-05-19,13.00,13.40,12.90,13.40,1728900,6.67259
2014-05-16,21.12,21.69002,20.52,21.49002,1820600,6.58857
2014-05-15,22.09002,22.09002,21.13002,21.60,1463300,6.62229
2014-05-14,21.74,22.09002,21.45002,21.78,1798600,6.67747
2014-05-13,21.50,21.96,21.13002,21.75002,2063900,6.66828
2014-05-12,21.00,21.70,21.00,21.58,2520300,6.61615
2014-05-09,21.09002,21.35002,20.10,20.72,2016400,6.35249
2014-05-08,20.70,21.60,20.53002,21.18,2834600,6.49352
2014-05-07,22.10,22.15002,20.83002,20.90,4324800,6.40767
2014-05-06,22.35002,22.80,22.10,22.25002,3940800,6.82157
2014-05-05,21.99002,22.48,21.96,22.35002,2933800,6.85223
2014-05-02,21.97002,21.97002,21.97002,21.97002,000,6.73573
2014-05-01,21.97002,21.97002,21.97002,21.97002,000,6.73573
2014-04-30,21.31002,22.08,21.31002,21.97002,3112800,6.73573
2014-04-29,21.21002,21.80,20.90,21.45002,4999800,6.5763
2014-04-28,21.99002,22.35002,20.70,21.21002,4188500,6.50272
2014-04-25,24.50,24.50,22.12,22.12,7575800,6.78171
2014-04-24,24.40,24.95002,24.05002,24.58,3757800,7.53592
2014-04-23,24.85002,25.35002,24.43002,24.78,2718600,7.59723
2014-04-22,25.53002,25.58,24.06,24.80,3786300,7.60336
2014-04-21,25.40,25.50,25.00,25.38,3576200,7.78119
2014-04-18,26.07002,26.23002,25.10,25.69002,4386600,7.87623
2014-04-17,25.64,26.56,25.64,25.94,2958700,7.95287
2014-04-16,26.51002,26.59002,25.75002,25.85002,5472400,7.92529
2014-04-15,26.04,27.00,25.00,26.90,9697600,8.2472
2014-04-14,26.34,27.40,26.01002,26.10,7821200,8.00193
2014-04-11,27.06,27.73002,25.95002,26.34,9893300,8.07551
2014-04-10,28.90,30.00,28.13002,28.34,10184500,8.68868
2014-04-09,28.69002,29.26,28.19002,28.80,8483000,8.82971
2014-04-08,26.07002,29.12,26.06,28.98,11991700,8.8849
2014-04-07,26.47002,26.47002,26.47002,26.47002,000,8.11537
2014-04-04,25.42,26.80,25.42,26.47002,6552900,8.11537
2014-04-03,25.35002,26.39002,24.62,25.40,4563000,7.78732
2014-04-02,24.24,26.22,24.15002,25.70,10159200,7.87929
2014-04-01,23.36,24.85002,23.20,24.31002,3983400,7.45314
2014-03-31,22.51002,24.58,22.51002,23.51002,5030900,7.20787
2014-03-28,25.90,25.90,23.31002,23.31002,14145300,7.14655
2014-03-27,27.02,27.19002,25.50,25.90,8463000,7.94061
2014-03-26,26.87002,28.50,26.25002,27.20,13617400,8.33917
2014-03-25,24.05002,26.18,23.50,26.18,12393400,8.02645
2014-03-24,23.33002,24.59002,22.98,23.80,12222800,7.29678
2014-03-21,23.00,23.40,21.83002,22.98,12505300,7.04538
2014-03-20,25.52,26.28,23.13002,23.13002,9549300,7.09137
2014-03-19,26.20,26.45002,25.35002,25.70,6700400,7.87929
2014-03-18,25.29002,27.34,25.20,26.78,12779100,8.21041
2014-03-17,24.14,25.77002,23.68,25.35002,10011000,7.77199
2014-03-14,24.60,25.01002,23.53002,24.00,7130000,7.35809
2014-03-13,26.10,26.10,24.60,24.91002,6713400,7.63709
2014-03-12,25.22,26.08,24.40,25.76,5510700,7.89769
2014-03-11,25.00,26.35002,24.60,25.18,6696400,7.71987
2014-03-10,26.70,27.49002,25.29002,25.80,7821000,7.90995
2014-03-07,26.24,28.38,25.89002,27.45002,10594200,8.41583
2014-03-06,26.90,28.90,26.75002,26.80,10456100,8.21654
2014-03-05,27.45002,27.50,25.80,27.17002,13466500,8.32998
2014-03-04,26.56,29.44,26.00,27.90,18674200,8.55379
2014-03-03,25.97002,27.79002,25.45002,26.76,16980800,8.20428
2014-02-28,26.22,27.38,25.17002,26.60,21271400,8.15522
2014-02-27,30.00,30.89002,27.82,27.82,22205900,8.52926
2014-02-26,27.88,30.91002,26.22,30.91002,28587100,9.47662
2014-02-25,27.19002,29.79002,27.08,28.10,24227900,8.6151
2014-02-24,26.11002,28.01002,25.17002,27.08,19970900,8.30238
2014-02-21,27.56,27.56,27.56,27.56,000,8.44955
2014-02-20,27.56,27.56,27.56,27.56,000,8.44955
2014-02-19,27.56,27.56,27.56,27.56,000,8.44955
2014-02-18,26.17002,27.56,26.10,27.56,31455500,8.44955
2014-02-17,24.00,25.05002,23.56,25.05002,13558200,7.68002
2014-02-14,22.00,22.77002,21.73002,22.77002,16958400,6.981
2014-02-13,19.76,20.70,19.76,20.70,10860300,6.34636
2014-02-12,18.25002,19.16,18.22,18.82,17719200,5.76997
2014-02-11,18.50,18.50,17.48,17.88,18996500,5.48178
2014-02-10,17.35002,18.65002,17.30,18.13002,20866200,5.55843
2014-02-07,16.40,17.20,16.33002,17.20,10363600,5.2733
2014-02-06,16.40,16.40,16.40,16.40,000,5.02803
2014-02-05,16.40,16.40,16.40,16.40,000,5.02803
2014-02-03,16.40,16.40,16.40,16.40,000,5.02803
2014-01-31,16.40,16.40,16.40,16.40,000,5.02803
2014-01-30,16.59002,17.10,16.34,16.40,10451200,5.02803
2014-01-29,15.88,17.15002,15.88,16.74,15427600,5.13227
2014-01-28,16.45002,16.56,15.68,15.82,8098200,4.85021
2014-01-27,16.15002,16.58,15.91002,16.13002,11496500,4.94526
2014-01-24,15.75002,16.60,15.75002,16.30,16103100,4.99737
2014-01-23,15.33002,15.95002,15.27002,15.73002,13383600,4.82262
2014-01-22,14.86,15.55002,14.86,15.43002,12962500,4.73065
2014-01-21,14.88,15.10,14.79002,15.10,6266500,4.62947
2014-01-20,15.10,15.29002,14.66,14.90,7178600,4.56815
2014-01-17,14.46,15.08,14.38,14.92,10632600,4.57428
2014-01-16,14.93002,14.99002,14.60,14.65002,12145300,4.49151
2014-01-15,14.26,15.20,14.06,14.89002,15612800,4.56509
2014-01-14,13.55002,14.00,13.43002,13.96,6538400,4.27996
2014-01-13,13.35002,13.70,13.29002,13.58,5362800,4.16346
2014-01-10,14.30,14.35002,13.10,13.29002,10401900,4.07455
2014-01-09,14.82,14.90,14.40,14.40,19352500,4.41486
2014-01-08,15.50,15.78,15.00,15.00,21987600,4.59881
2014-01-07,15.29002,15.29002,15.29002,15.29002,7919500,4.68772
2014-01-06,13.90,13.90,13.90,13.90,000,4.26156
2014-01-03,13.90,13.90,13.90,13.90,000,4.26156
2014-01-02,13.90,13.90,13.90,13.90,000,4.26156
2014-01-01,13.90,13.90,13.90,13.90,000,4.26156
2013-12-31,13.90,13.90,13.90,13.90,000,4.26156
2013-12-30,13.90,13.90,13.90,13.90,000,4.26156
2013-12-27,13.90,13.90,13.90,13.90,000,4.26156
2013-12-26,13.90,13.90,13.90,13.90,000,4.26156
2013-12-25,13.90,13.90,13.90,13.90,000,4.26156
2013-12-24,13.90,13.90,13.90,13.90,000,4.26156
2013-12-23,13.90,13.90,13.90,13.90,000,4.26156
2013-12-20,13.90,13.90,13.90,13.90,000,4.26156
2013-12-19,13.90,13.90,13.90,13.90,000,4.26156
2013-12-18,13.90,13.90,13.90,13.90,000,4.26156
2013-12-17,13.90,13.90,13.90,13.90,000,4.26156
2013-12-16,13.90,13.90,13.90,13.90,000,4.26156
2013-12-13,13.90,13.90,13.90,13.90,000,4.26156
2013-12-12,13.90,13.90,13.90,13.90,000,4.26156
2013-12-11,13.90,13.90,13.90,13.90,000,4.26156
2013-12-10,13.90,13.90,13.90,13.90,000,4.26156
2013-12-09,13.90,13.90,13.90,13.90,000,4.26156
2013-12-06,13.90,13.90,13.90,13.90,000,4.26156
2013-12-05,13.90,13.90,13.90,13.90,000,4.26156
2013-12-04,13.90,13.90,13.90,13.90,000,4.26156
2013-12-03,13.90,13.90,13.90,13.90,000,4.26156
2013-12-02,13.90,13.90,13.90,13.90,000,4.26156
2013-11-29,13.90,13.90,13.90,13.90,000,4.26156
2013-11-28,13.90,13.90,13.90,13.90,000,4.26156
2013-11-27,13.90,13.90,13.90,13.90,000,4.26156
2013-11-26,13.90,13.90,13.90,13.90,000,4.26156
2013-11-25,13.90,13.90,13.90,13.90,000,4.26156
2013-11-22,13.90,13.90,13.90,13.90,000,4.26156
2013-11-21,13.90,13.90,13.90,13.90,000,4.26156
2013-11-20,13.90,13.90,13.90,13.90,000,4.26156
2013-11-19,13.90,13.90,13.90,13.90,000,4.26156
2013-11-18,13.90,13.90,13.90,13.90,000,4.26156
2013-11-15,13.90,13.90,13.90,13.90,000,4.26156
2013-11-14,13.90,13.90,13.90,13.90,000,4.26156
2013-11-13,13.90,13.90,13.90,13.90,000,4.26156
2013-11-12,13.90,13.90,13.90,13.90,000,4.26156
2013-11-11,13.90,13.90,13.90,13.90,000,4.26156
2013-11-08,13.90,13.90,13.90,13.90,000,4.26156
2013-11-07,13.90,13.90,13.90,13.90,000,4.26156
2013-11-06,13.90,13.90,13.90,13.90,000,4.26156
2013-11-05,13.90,13.90,13.90,13.90,000,4.26156
2013-11-04,13.90,13.90,13.90,13.90,000,4.26156
2013-11-01,13.90,13.90,13.90,13.90,000,4.26156
2013-10-31,13.90,13.90,13.90,13.90,000,4.26156
2013-10-30,13.90,13.90,13.90,13.90,000,4.26156
2013-10-29,13.90,13.90,13.90,13.90,000,4.26156
2013-10-28,13.90,13.90,13.90,13.90,000,4.26156
2013-10-25,14.56,14.66,13.88,13.90,4331100,4.26156
2013-10-24,14.50,14.64,14.35002,14.57002,2634000,4.46698
2013-10-23,15.32,15.45002,14.50,14.50,6479200,4.44552
2013-10-22,15.62,15.69002,15.08,15.24,7473300,4.67239
2013-10-21,14.95002,15.80,14.93002,15.70,11120500,4.81342
2013-10-18,14.80,15.19002,14.77002,14.93002,3884300,4.57735
2013-10-17,14.98,15.34,14.68,14.97002,8189100,4.58962
2013-10-16,15.00,15.50,13.86,15.15002,11746600,4.6448
2013-10-15,15.41002,15.41002,14.89002,14.97002,5378000,4.58962
2013-10-14,15.08,15.41002,14.85002,15.37002,6354800,4.71225
2013-10-11,15.21002,15.33002,14.94,15.08,5472400,4.62334
2013-10-10,15.75002,15.83002,15.00,15.21002,7691000,4.6632
2013-10-09,15.59002,15.93002,15.46,15.73002,7093700,4.82262
2013-10-08,15.38,15.74,15.16,15.70,6261100,4.81342
2013-10-07,15.38,15.38,15.38,15.38,000,4.71531
2013-10-04,15.38,15.38,15.38,15.38,000,4.71531
2013-10-03,15.38,15.38,15.38,15.38,000,4.71531
2013-10-02,15.38,15.38,15.38,15.38,000,4.71531
2013-10-01,15.38,15.38,15.38,15.38,000,4.71531
2013-09-30,15.30,15.53002,15.11002,15.38,4575000,4.71531
2013-09-27,14.95002,15.24,14.75002,15.20,4269000,4.66013
2013-09-26,15.21002,15.37002,14.81002,14.88,4391600,4.56202
2013-09-25,15.45002,15.49002,15.00,15.09002,5983800,4.62641
2013-09-24,15.45002,15.79002,15.30,15.40,6325200,4.72144
2013-09-23,14.96,15.45002,14.87002,15.44,6059600,4.73371
2013-09-20,14.87002,14.87002,14.87002,14.87002,000,4.55896
2013-09-18,14.68,14.96,14.63002,14.87002,3929800,4.55896
2013-09-17,15.00,15.25002,14.71002,14.73002,4364900,4.51604
2013-09-16,15.10,15.36,14.85002,15.02,5699600,4.60494
2013-09-13,14.75002,15.15002,14.32,15.09002,6254000,4.62641
2013-09-12,14.92,15.48,14.57002,14.70,8629500,4.50683
2013-09-11,16.50,16.80,15.00,15.35002,10665400,4.70612
2013-09-10,16.23002,16.48,15.86,16.35002,7859600,5.01271
2013-09-09,16.45002,16.60,15.71002,16.25002,7071400,4.98205
2013-09-06,16.37002,16.61002,16.10,16.26,8752700,4.98511
2013-09-05,15.85002,16.59002,15.63002,16.35002,11089900,5.01271
2013-09-04,15.91002,16.05002,15.68,15.82,7780600,4.85021
2013-09-03,15.83002,16.05002,15.62,16.01002,8222200,4.90847
2013-09-02,15.50,15.90,15.40,15.82,7392700,4.85021
2013-08-30,16.97002,17.06,15.34,15.50,15597300,4.7521
2013-08-29,17.07002,17.25002,16.70,17.04,9157900,5.22425
2013-08-28,17.89002,18.01002,17.00,17.00,19790100,5.21198
2013-08-27,17.71002,18.19002,17.02,18.18,22701600,5.57376
2013-08-26,17.98,18.39002,17.63002,17.89002,19105600,5.48485
2013-08-23,17.40,18.26,17.11002,18.07002,26214400,5.54004
2013-08-22,18.30,18.42,17.16,17.40,24528900,5.33462
2013-08-21,18.20,18.45002,17.86,18.15002,17432600,5.56456
2013-08-20,17.07002,19.19002,16.66,18.53002,33521600,5.68107
2013-08-19,16.60,17.77002,16.20,17.50,29480600,5.36528
2013-08-16,17.41002,18.72,17.32,17.81002,45709100,5.46032
2013-08-15,16.00,17.02,15.80,17.02,11713400,5.21812
2013-08-14,14.90,15.77002,14.52,15.47002,12480900,4.74291
2013-08-13,14.68,15.19002,14.68,14.82,5916000,4.54362
2013-08-12,14.75002,15.04,14.31002,14.95002,8069300,4.58348
2013-08-09,14.51002,14.85002,13.92,14.84,10296800,4.54976
2013-08-08,14.52,14.78,14.20,14.49002,7711600,4.44245
2013-08-07,15.59002,15.79002,14.42,14.52,11484800,4.45165
2013-08-06,15.78,16.20,15.56,15.70,10003100,4.81342
2013-08-05,15.07002,15.76,15.07002,15.75002,9253300,4.82875
2013-08-02,15.49002,15.88,15.20,15.22,8565300,4.66626
2013-08-01,14.65002,15.61002,14.62,15.49002,9369700,4.74904
2013-07-31,14.56,14.94,14.45002,14.78,6386100,4.53136
2013-07-30,14.70,14.95002,13.85002,14.58,9430800,4.47004
2013-07-29,15.67002,15.70,14.60,14.76,9955600,4.52523
2013-07-26,15.50,15.96,15.26,15.84,10758300,4.85634
2013-07-25,17.48,17.59002,15.75002,15.75002,19066000,4.82875
2013-07-24,16.94,17.90,16.76,17.50,18450200,5.36528
2013-07-23,16.98,17.60,16.52,17.41002,20159300,5.33769
2013-07-22,15.73002,17.63002,15.73002,17.30,25295000,5.30396
2013-07-19,15.90,17.16,15.51002,16.03002,22166600,4.9146
2013-07-18,16.16,17.20,16.06,16.33002,20766800,5.00658
2013-07-17,15.81002,16.50,15.70,15.88,19295500,4.86861
2013-07-16,16.04,16.44,15.80,16.22,22821100,4.97285
2013-07-15,15.48,16.58,15.20,16.58,36876300,5.08322
2013-07-12,15.07002,15.07002,15.07002,15.07002,6769500,4.62028
2013-07-11,13.33002,13.82,13.11002,13.70,7732900,4.20025
2013-07-10,13.38,13.80,13.27002,13.40,7453900,4.10827
2013-07-09,12.89002,13.43002,12.83002,13.38,6310700,4.10214
2013-07-08,13.45002,13.65002,12.80,12.89002,6957000,3.95191
2013-07-05,13.60,14.29002,13.60,13.85002,7565700,4.24624
2013-07-04,14.12,14.57002,13.75002,13.76,10918000,4.21864
2013-07-03,14.17002,14.59002,13.73002,14.29002,13306600,4.38114
2013-07-02,14.04,14.85002,13.90,14.44,15830600,4.42712
2013-07-01,13.00,14.42,12.90,14.23002,17208200,4.36274
2013-06-28,13.10,14.15002,12.90,13.36,14569100,4.09601
2013-06-27,13.85002,14.44,13.41002,13.58,25950400,4.16346
2013-06-26,12.47002,13.30,12.46,13.30,11526000,4.07761
2013-06-25,11.31002,12.09002,10.93002,12.09002,5315100,3.70665
2013-06-24,11.99002,12.29002,11.21002,11.53002,3154200,3.53496
2013-06-21,11.85002,12.31002,11.62,12.10,4432800,3.70971
2013-06-20,13.00,13.14,12.17002,12.24,6200700,3.75263
2013-06-19,12.65002,12.99002,12.48,12.95002,4813400,3.97031
2013-06-18,12.46,12.86,12.21002,12.81002,4961600,3.92739
2013-06-17,12.35002,12.88,12.18,12.45002,5335600,3.81702
2013-06-14,11.62,12.24,11.55002,12.19002,2805300,3.7373
2013-06-13,11.94,11.94,11.30,11.60,1954300,3.55641
2013-06-12,12.07002,12.07002,12.07002,12.07002,000,3.70051
2013-06-11,12.07002,12.07002,12.07002,12.07002,000,3.70051
2013-06-10,12.07002,12.07002,12.07002,12.07002,000,3.70051
2013-06-07,11.98,12.09002,11.78,12.07002,2203500,3.70051
2013-06-06,12.10,12.18,11.83002,11.87002,2004900,3.6392
2013-06-05,12.13002,12.30,12.00,12.19002,1585700,3.7373
2013-06-04,12.40,12.48,11.98,12.10,2475200,3.70971
2013-06-03,12.64,12.78,12.36,12.40,2912000,3.80168
2013-05-31,13.10,13.16,12.72,12.76,4157900,3.91205
2013-05-30,12.71002,13.12,12.60,13.11002,5533200,4.01936
2013-05-29,12.58,12.84,12.52,12.73002,4116100,3.90286
2013-05-28,13.13002,13.13002,12.50,12.57002,6152100,3.85381
2013-05-27,13.02,13.50,12.83002,13.16,5557400,4.03469
2013-05-24,12.65002,13.39002,12.57002,13.00,8263700,3.98563
2013-05-23,12.27002,12.89002,12.10,12.65002,6737800,3.87833
2013-05-22,12.76,12.76,12.24,12.27002,6350100,3.76183
2013-05-21,12.47002,13.06,12.31002,12.86,8223500,3.8446
2013-05-20,11.95002,12.56,11.91002,12.47002,6803300,3.72802
2013-05-17,11.84,11.97002,11.63002,11.86,4123700,3.54565
2013-05-16,12.10,12.11002,11.68,11.77002,6446700,3.51874
2013-05-15,11.74,12.16,11.74,12.07002,4614100,3.60843
2013-05-14,12.05002,12.08,11.68,11.77002,5736200,3.51874
2013-05-13,12.43002,12.45002,11.87002,12.13002,8321300,3.62637
2013-05-10,12.64,12.88,12.39002,12.59002,18417400,3.76389
2013-05-09,12.15002,12.31002,12.15002,12.31002,7748900,3.68018
2013-05-08,11.05002,11.27002,11.01002,11.19002,2887300,3.34535
2013-05-07,10.92,10.99002,10.81002,10.98,1510100,3.28256
2013-05-06,10.70,10.98,10.70,10.92,2791300,3.26463
2013-05-03,10.64,10.83002,10.64,10.72,1520900,3.20483
2013-05-02,10.44,10.63002,10.30,10.59002,1031900,3.16597
2013-05-01,10.40,10.40,10.40,10.40,000,3.10917
2013-04-30,10.40,10.40,10.40,10.40,000,3.10917
2013-04-29,10.40,10.40,10.40,10.40,000,3.10917
2013-04-26,10.71002,10.80,10.33002,10.40,1575400,3.10917
2013-04-25,11.05002,11.06,10.71002,10.74,1857600,3.21081
2013-04-24,10.85002,11.10,10.72,11.01002,2170600,3.29154
2013-04-23,11.50,11.50,10.72,10.79002,2725700,3.22577
2013-04-22,11.26,11.56,11.21002,11.50,3014200,3.43802
2013-04-19,11.26,11.40,11.18,11.33002,2881400,3.3872
2013-04-18,11.16,11.31002,11.16,11.18,1055400,3.34235
2013-04-17,11.76,11.76,11.19002,11.25002,2255000,3.36329
2013-04-16,10.82,11.25002,10.82,11.21002,1571000,3.35133
2013-04-15,11.10,11.11002,10.88,11.00,1063700,3.28854
2013-04-12,10.94,11.07002,10.88,10.88,783900,3.25267
2013-04-11,11.15002,11.37002,10.90,10.90,1445900,3.25865
2013-04-10,11.01002,11.15002,10.98,11.06,1007600,3.30648
2013-04-09,11.07002,11.23002,11.00,11.06,1998500,3.30648
2013-04-08,10.98,11.08,10.67002,11.03002,1771300,3.29752
2013-04-05,11.11002,11.11002,11.11002,11.11002,000,3.32143
2013-04-04,11.11002,11.11002,11.11002,11.11002,000,3.32143
2013-04-03,11.35002,11.38,11.00,11.11002,1998600,3.32143
2013-04-02,11.59002,11.60,11.31002,11.35002,2034000,3.39318
2013-04-01,11.58,11.79002,11.00,11.70,3000300,3.49781
2013-03-29,11.80,11.92,11.45002,11.58,2836500,3.46194
2013-03-28,12.38,12.38,11.77002,11.77002,5475800,3.51874
2013-03-27,13.10,13.22,12.98,13.06,2188800,3.9044
2013-03-26,12.84,13.07002,12.75002,13.07002,1907700,3.90739
2013-03-25,12.93002,13.08,12.90,12.95002,1714400,3.87152
2013-03-22,13.02,13.34,12.93002,13.04,5207200,3.89842
2013-03-21,12.68,12.78,12.60,12.75002,2536100,3.81172
2013-03-20,12.32,12.69002,12.32,12.66,2118000,3.78481
2013-03-19,12.29002,12.47002,12.01002,12.43002,1145300,3.71606
2013-03-18,12.26,12.50,12.01002,12.20,1775700,3.64729
2013-03-15,12.41002,12.69002,12.41002,12.50,2032300,3.73698
2013-03-14,12.56,12.56,12.35002,12.40,1082800,3.70708
2013-03-13,12.50,12.65002,12.14,12.47002,2330400,3.72802
2013-03-12,13.12,13.22,12.39002,12.50,4806900,3.73698
2013-03-11,13.15002,13.28,13.00,13.22,2547200,3.95223
2013-03-08,13.36,13.41002,13.13002,13.15002,1932800,3.93131
2013-03-07,13.70,13.75002,13.13002,13.29002,3868300,3.97316
2013-03-06,13.36,13.68,13.30,13.65002,5087900,4.08079
2013-03-05,13.00,13.37002,12.87002,13.32,3721000,3.98213
2013-03-04,13.59002,13.59002,12.91002,13.00,4405700,3.88646
2013-03-01,13.50,13.69002,13.36,13.65002,5662000,4.08079
2013-02-28,13.30,13.70,13.02,13.68,7682800,4.08975
2013-02-27,13.57002,13.80,13.30,13.55002,6986800,4.05089
2013-02-26,13.48,14.29002,13.30,13.72,13910300,4.10171
2013-02-25,13.01002,13.28,12.81002,13.28,4538200,3.97017
2013-02-22,13.00,13.24,12.92,13.01002,4247000,3.88945
2013-02-21,12.93002,13.24,12.66,13.04,4288500,3.89842
2013-02-20,12.68,12.97002,12.68,12.95002,2889400,3.87152
2013-02-19,13.07002,13.10,12.64,12.66,2959800,3.78481
2013-02-18,13.12,13.27002,13.00,13.10,3395300,3.91635
2013-02-15,13.07002,13.07002,13.07002,13.07002,000,3.90739
2013-02-14,13.07002,13.07002,13.07002,13.07002,000,3.90739
2013-02-13,13.07002,13.07002,13.07002,13.07002,000,3.90739
2013-02-12,13.07002,13.07002,13.07002,13.07002,000,3.90739
2013-02-11,13.07002,13.07002,13.07002,13.07002,000,3.90739
2013-02-08,12.89002,13.22,12.80,13.07002,3391300,3.90739
2013-02-07,12.95002,13.14,12.70,12.90,3057200,3.85656
2013-02-06,12.80,13.17002,12.72,12.89002,4196600,3.85358
2013-02-05,12.48,12.83002,12.31002,12.80,3725600,3.82667
2013-02-04,12.84,12.88,12.43002,12.56,4020000,3.75492
2013-02-01,12.85002,12.92,12.63002,12.80,5108100,3.82667
2013-01-31,13.28,13.28,12.78,12.91002,7445000,3.85956
2013-01-30,12.90,13.58,12.80,13.34,13314000,3.9881
2013-01-29,12.94,13.14,12.76,12.98,12794500,3.88048
2013-01-28,11.67002,12.83002,11.67002,12.83002,14355600,3.83564
2013-01-25,11.67002,11.80,11.55002,11.66,1803600,3.48585
2013-01-24,12.02,12.16,11.45002,11.55002,4157700,3.45297
2013-01-23,12.05002,12.21002,11.74,12.02,4231200,3.59348
2013-01-22,12.69002,12.69002,12.03002,12.14,4656000,3.62935
2013-01-21,12.49002,12.83002,12.36,12.61002,5757700,3.76987
2013-01-18,12.39002,12.55002,12.20,12.50,3201100,3.73698
2013-01-17,12.54,12.54,12.24,12.33002,3758000,3.68616
2013-01-16,12.74,12.90,12.21002,12.54,6205800,3.74894
2013-01-15,12.29002,12.83002,12.22,12.74,8179500,3.80873
2013-01-14,11.90,12.30,11.77002,12.28,7122100,3.67121
2013-01-11,11.96,12.27002,11.82,11.84,7978500,3.53967
2013-01-10,11.62,11.90,11.62,11.88,3881400,3.55163
2013-01-09,11.81002,12.01002,11.65002,11.77002,4925400,3.51874
2013-01-08,11.65002,12.13002,11.57002,11.91002,6061700,3.5606
2013-01-07,11.38,11.66,11.31002,11.66,3162200,3.48585
2013-01-04,11.70,11.70,11.31002,11.40,2915700,3.40813
2013-01-03,11.60,11.60,11.60,11.60,000,3.46792
2013-01-02,11.60,11.60,11.60,11.60,000,3.46792
2013-01-01,11.60,11.60,11.60,11.60,000,3.46792
2012-12-31,11.49002,11.66,11.38,11.60,2836900,3.46792
2012-12-28,11.38,11.68,11.15002,11.49002,3847000,3.43504
2012-12-27,11.76,11.99002,11.36,11.39002,5762200,3.40514
2012-12-26,11.35002,11.87002,11.26,11.75002,6152400,3.51277
2012-12-25,11.08,11.40,11.00,11.34,3597900,3.39019
2012-12-24,11.08,11.14,10.90,11.08,2855000,3.31246
2012-12-21,10.77002,11.08,10.71002,11.01002,4668100,3.29154
2012-12-20,10.59002,10.90,10.56,10.84,3337400,3.24071
2012-12-19,10.38,10.82,10.38,10.65002,1965900,3.18391
2012-12-18,10.68,11.02,10.56,10.68,2586000,3.19288
2012-12-17,10.73002,10.80,10.52,10.67002,2765200,3.18989
2012-12-14,10.16,10.75002,10.16,10.72,4786600,3.20483
2012-12-13,10.30,10.62,10.22,10.23002,1961900,3.05835
2012-12-12,10.41002,10.48,10.19002,10.42,1721300,3.11515
2012-12-11,10.54,10.57002,10.39002,10.44,1649600,3.12113
2012-12-10,10.45002,10.75002,10.32,10.61002,2968400,3.17195
2012-12-07,10.24,10.45002,10.05002,10.45002,2343700,3.12412
2012-12-06,10.25002,10.55002,10.06,10.19002,1894400,3.04639
2012-12-05,9.75002,10.24,9.64,10.17002,2661700,3.04041
2012-12-04,9.63002,9.81002,9.31002,9.77002,1717600,2.92083
2012-12-03,10.12,10.12,9.64,9.65002,1671200,2.88495
2012-11-30,10.05002,10.20,9.88,10.12,1496700,3.02546
2012-11-29,10.41002,10.54,9.95002,10.05002,1565200,3.00454
2012-11-28,10.57002,10.57002,10.31002,10.39002,1367000,3.10618
2012-11-27,11.06,11.17002,10.48,10.57002,3200200,3.15999
2012-11-26,11.62,11.63002,11.02,11.06,4147200,3.30648
2012-11-23,11.63002,11.85002,11.53002,11.69002,3904400,3.49483
2012-11-22,11.98,12.00,11.58,11.62,5177800,3.4739
2012-11-21,11.65002,12.20,11.60,12.12,6350600,3.62338
2012-11-20,11.56,12.30,11.38,11.78,6230900,3.52173
2012-11-19,11.35002,11.58,11.20,11.58,4271900,3.46194
2012-11-16,11.25002,11.68,11.19002,11.61002,9177400,3.47091
2012-11-15,10.96,11.29002,10.84,11.22,4528500,3.35431
2012-11-14,10.81002,11.03002,10.81002,10.99002,715800,3.28556
2012-11-13,11.20,11.20,10.82,10.85002,927700,3.2437
2012-11-12,10.96,11.15002,10.96,11.14,947400,3.3304
2012-11-09,10.81002,10.99002,10.80,10.96,689400,3.27658
2012-11-08,11.17002,11.17002,10.80,10.91002,1169900,3.26164
2012-11-07,11.07002,11.25002,11.07002,11.21002,535300,3.35133
2012-11-06,11.29002,11.29002,10.97002,11.13002,863900,3.32741
2012-11-05,11.25002,11.36,11.20,11.29002,772100,3.37524
2012-11-02,11.32,11.36,11.23002,11.36,1746900,3.39617
2012-11-01,11.03002,11.32,11.03002,11.30,1144700,3.37823
2012-10-31,11.07002,11.14,10.90,11.12,362300,3.32442
2012-10-30,11.05002,11.07002,10.81002,11.07002,698200,3.30947
2012-10-29,11.20,11.20,10.88,10.93002,1083300,3.26762
2012-10-26,11.60,11.69002,11.11002,11.21002,1291500,3.35133
2012-10-25,11.65002,11.78,11.57002,11.62,1007600,3.4739
2012-10-24,11.64,11.77002,11.45002,11.64,1581500,3.47988
2012-10-23,11.96,11.96,11.50,11.67002,2741400,3.48885
2012-10-22,11.75002,11.96,11.65002,11.93002,2076800,3.56658
2012-10-19,11.65002,11.92,11.62,11.79002,2653100,3.52472
2012-10-18,11.42,11.63002,11.34,11.57002,1564200,3.45895
2012-10-17,11.45002,11.45002,11.21002,11.42,1044000,3.4141
2012-10-16,11.30,11.48,11.24,11.34,1971900,3.39019
2012-10-15,11.65002,11.66,11.18,11.30,1788700,3.37823
2012-10-12,11.51002,11.84,11.33002,11.61002,1632200,3.47091
2012-10-11,11.94,11.94,11.36,11.50,2073100,3.43802
2012-10-10,11.79002,11.95002,11.65002,11.89002,2272500,3.55462
2012-10-09,11.30,11.88,11.30,11.79002,2592300,3.52472
2012-10-08,11.51002,11.51002,11.28,11.41002,1587100,3.41112
2012-10-05,11.52,11.52,11.52,11.52,000,3.444
2012-10-04,11.52,11.52,11.52,11.52,000,3.444
2012-10-03,11.52,11.52,11.52,11.52,000,3.444
2012-10-02,11.52,11.52,11.52,11.52,000,3.444
2012-10-01,11.52,11.52,11.52,11.52,000,3.444
2012-09-28,11.02,11.63002,10.89002,11.52,3330200,3.444
2012-09-27,10.74,11.16,10.74,11.10,1627100,3.31844
2012-09-26,10.93002,10.94,10.65002,10.73002,1432700,3.20783
2012-09-25,11.20,11.20,10.85002,10.95002,1416400,3.2736
2012-09-24,10.81002,11.22,10.73002,11.15002,1566600,3.33339
2012-09-21,11.29002,11.39002,10.88,10.93002,2478600,3.26762
2012-09-20,12.04,12.08,11.20,11.28,3781300,3.37225
2012-09-19,11.98,12.16,11.90,12.04,2060100,3.59946
2012-09-18,11.70,12.08,11.70,11.87002,2161400,3.54864
2012-09-17,12.45002,12.48,11.80,11.80,3272100,3.52771
2012-09-14,12.46,12.65002,12.20,12.37002,5140200,3.69812
2012-09-13,13.05002,13.10,12.43002,12.43002,5532100,3.71606
2012-09-12,13.28,13.30,12.84,13.03002,7345900,3.89543
2012-09-11,12.95002,13.65002,12.66,13.29002,12932500,3.97316
2012-09-10,12.30,13.77002,12.21002,13.03002,15109100,3.89543
2012-09-07,12.13002,12.77002,12.08,12.52,12760200,3.74296
2012-09-06,12.71002,12.71002,12.10,12.25002,15223800,3.66224
2012-09-05,10.93002,12.11002,10.93002,12.11002,3467900,3.62039
2012-09-04,10.87002,11.28,10.87002,11.01002,2452800,3.29154
2012-09-03,10.70,10.94,10.65002,10.87002,879400,3.24968
2012-08-31,10.54,10.74,10.50,10.70,517800,3.19885
2012-08-30,10.79002,10.88,10.36,10.58,1078800,3.16298
2012-08-29,10.64,11.01002,10.64,10.82,906100,3.23473
2012-08-28,10.52,10.86,10.52,10.76,640200,3.21679
2012-08-27,10.88,10.88,10.50,10.55002,915100,3.15402
2012-08-24,11.21002,11.27002,10.79002,10.89002,2019200,3.25566
2012-08-23,10.89002,11.39002,10.89002,11.30,2341000,3.37823
2012-08-22,11.19002,11.19002,10.90,10.98,1324400,3.28256
2012-08-21,10.80,11.20,10.80,11.14,2407300,3.3304
2012-08-20,10.61002,10.97002,10.58,10.87002,355400,3.24968
2012-08-17,10.74,10.84,10.68,10.81002,582900,3.23174
2012-08-16,10.87002,10.98,10.74,10.80,924900,3.22875
2012-08-15,11.02,11.10,10.89002,11.02,1069800,3.29452
2012-08-14,10.77002,11.05002,10.75002,11.03002,919500,3.29752
2012-08-13,11.16,11.16,10.84,10.87002,1362600,3.24968
2012-08-10,11.26,11.30,11.00,11.16,1300300,3.33638
2012-08-09,10.76,11.28,10.75002,11.23002,2798200,3.35731
2012-08-08,10.84,11.00,10.72,10.85002,1127400,3.2437
2012-08-07,10.75002,11.16,10.75002,10.89002,1805700,3.25566
2012-08-06,10.51002,10.89002,10.45002,10.83002,2201200,3.23772
2012-08-03,10.18,10.55002,10.18,10.55002,1327700,3.15402
2012-08-02,10.33002,10.42,10.13002,10.17002,866600,3.04041
2012-08-01,10.27002,10.44,10.04,10.37002,925700,3.1002
2012-07-31,10.38,10.40,10.12,10.12,944100,3.02546
2012-07-30,10.56,10.61002,10.12,10.26,1278700,3.06731
2012-07-27,10.71002,10.73002,10.46,10.52,1698200,3.14504
2012-07-26,10.85002,10.88,10.58,10.63002,1589600,3.17793
2012-07-25,10.73002,10.89002,10.68,10.85002,1454200,3.2437
2012-07-24,10.63002,10.88,10.48,10.72,1364700,3.20483
2012-07-23,10.81002,10.85002,10.58,10.65002,1608100,3.18391
2012-07-20,11.10,11.27002,10.91002,10.96,1164600,3.27658
2012-07-19,10.88,11.19002,10.82,11.09002,1611100,3.31545
2012-07-18,10.66,10.96,10.60,10.93002,1014500,3.26762
2012-07-17,10.66,10.83002,10.51002,10.80,1058200,3.22875
2012-07-16,11.26,11.30,10.68,10.68,2217600,3.19288
2012-07-13,11.30,11.54,11.28,11.28,2074200,3.37225
2012-07-12,11.39002,11.49002,11.20,11.45002,2589500,3.42308
2012-07-11,10.91002,11.19002,10.87002,11.08,886800,3.31246
2012-07-10,11.51002,11.56,10.98,11.09002,3174900,3.31545
2012-07-09,12.20,12.24,11.55002,11.57002,4026900,3.45895
2012-07-06,12.40,12.45002,11.90,12.27002,3446300,3.66822
2012-07-05,12.81002,12.81002,12.24,12.27002,3680000,3.66822
2012-07-04,13.16,13.44,12.88,12.90,4372400,3.85656
2012-07-03,12.96,13.30,12.85002,13.19002,4840600,3.94327
2012-07-02,12.76,13.04,12.70,12.97002,3435500,3.87749
2012-06-29,12.62,12.74,12.18,12.70,3971300,3.79677
2012-06-28,12.80,13.45002,12.80,12.93002,5328900,3.86554
2012-06-27,12.90,13.13002,12.66,12.80,2960000,3.82667
2012-06-26,12.54,12.99002,12.42,12.84,2999300,3.83863
2012-06-25,13.30,13.30,12.60,12.60,4491600,3.76688
2012-06-22,13.39002,13.39002,13.39002,13.39002,000,4.00306
2012-06-21,13.80,14.20,13.16,13.39002,7409500,4.00306
2012-06-20,13.16,14.48,13.13002,14.10,12068200,4.21531
2012-06-19,12.88,13.45002,12.73002,13.16,6970600,3.93429
2012-06-18,12.50,12.95002,12.35002,12.78,4127300,3.82069
2012-06-15,12.31002,12.50,12.26,12.46,2143300,3.72502
2012-06-14,12.33002,12.53002,12.28,12.34,1767300,3.68915
2012-06-13,12.15002,12.48,12.12,12.43002,2262600,3.71606
2012-06-12,12.18,12.28,12.09002,12.10,1333100,3.6174
2012-06-11,11.92,12.34,11.92,12.31002,2242400,3.68018
2012-06-08,12.00,12.10,11.85002,11.91002,1306900,3.5606
2012-06-07,12.11002,12.18,11.87002,11.93002,1337100,3.56658
2012-06-06,12.07002,12.15002,11.85002,11.92,1028600,3.56358
2012-06-05,12.12,12.30,11.85002,11.95002,1991200,3.57256
2012-06-04,12.48,12.48,12.01002,12.10,2928500,3.6174
2012-06-01,12.61002,13.39002,12.61002,12.85002,6437400,3.84162
2012-05-31,12.31002,12.73002,12.30,12.61002,3242900,3.76987
2012-05-30,12.29002,12.50,12.20,12.41002,1902000,3.71008
2012-05-29,12.12,12.38,12.02,12.28,1549700,3.67121
2012-05-28,12.00,12.15002,11.77002,12.11002,1793100,3.62039
2012-05-25,12.48,12.55002,12.02,12.10,1141300,3.6174
2012-05-24,12.47002,12.48,12.28,12.38,994500,3.7011
2012-05-23,12.57002,12.63002,12.31002,12.43002,1194500,3.71606
2012-05-22,12.55002,12.65002,12.48,12.63002,1441000,3.77585
2012-05-21,12.72,12.75002,12.28,12.41002,1856900,3.71008
2012-05-18,12.70,12.92,12.56,12.70,1540100,3.79677
2012-05-17,12.78,12.99002,12.72,12.88,2044600,3.85058
2012-05-16,12.92,12.94,12.71002,12.78,1571900,3.82069
2012-05-15,12.95002,13.02,12.73002,12.92,1777600,3.86254
2012-05-14,13.48,13.48,13.04,13.08,2110900,3.91038
2012-05-11,13.60,13.64,13.25002,13.26,3046300,3.96419
2012-05-10,13.36,14.49002,13.29002,13.68,4188900,4.08975
2012-05-09,13.80,14.09002,13.25002,13.36,4439900,3.99408
2012-05-08,29.46003,29.46003,28.00999,28.56,7785400,4.07779
2012-05-07,27.54003,29.27002,27.54003,29.16998,8727400,4.16489
2012-05-04,26.72,27.64,26.70003,27.59002,3944500,3.9393
2012-05-03,27.00,27.00,26.39002,26.68,1733000,3.80937
2012-05-02,27.00,27.20,26.59002,26.84,2592200,3.83221
2012-05-01,26.88,26.88,26.88,26.88,000,3.83792
2012-04-30,26.88,26.88,26.88,26.88,000,3.83792
2012-04-27,26.10003,27.16998,26.00999,26.88,3444800,3.83792
2012-04-26,26.00,26.50003,25.52,26.10003,3806200,3.72656
2012-04-25,26.66003,26.76998,26.32,26.66003,1866800,3.80651
2012-04-24,26.79002,27.20,26.00,26.71002,3087500,3.81365
2012-04-23,29.80999,29.80999,26.88,26.88,6245800,3.83792
2012-04-20,28.80,30.04999,28.80,29.80999,3767500,4.25626
2012-04-19,28.70003,29.43002,28.70003,28.96998,4230100,4.13633
2012-04-18,28.23002,28.23002,28.23002,28.23002,000,4.03068
2012-04-17,28.55002,28.87002,28.18003,28.23002,1913000,4.03068
2012-04-16,28.50003,28.76998,28.36,28.67002,1527700,4.0935
2012-04-13,28.60,29.00,28.50003,28.74003,2598400,4.1035
2012-04-12,27.87002,28.64999,27.62003,28.60,2732100,4.0835
2012-04-11,27.03002,28.00,27.03002,27.87002,2083500,3.97928
2012-04-10,27.50003,27.76998,26.28,27.70003,2956100,3.95501
2012-04-09,27.95002,28.16998,27.56,27.60,1748700,3.94072
2012-04-06,28.31002,28.43002,27.92,28.10003,2552500,4.01212
2012-04-05,27.80,28.43002,27.23002,28.31002,2768100,4.0421
2012-04-04,27.30003,27.30003,27.30003,27.30003,000,3.89789
2012-04-03,27.30003,27.30003,27.30003,27.30003,000,3.89789
2012-04-02,27.30003,27.30003,27.30003,27.30003,000,3.89789
2012-03-30,27.71002,28.10003,27.11002,27.30003,2605800,3.89789
2012-03-29,28.50003,28.76,27.70003,27.71002,3559100,3.95643
2012-03-28,30.50003,30.70003,28.68,28.72,6312100,4.10064
2012-03-27,30.78003,31.24999,30.60,31.20,4090900,4.45473
2012-03-26,30.28,30.56,29.91002,30.52998,1765200,4.35907
2012-03-23,30.76998,30.94003,29.86003,30.08998,2996000,4.29624
2012-03-22,30.30003,30.87002,30.23002,30.76998,2758400,4.39333
2012-03-21,31.20,31.24999,30.04999,30.35002,4730800,4.33337
2012-03-20,32.40,32.40,30.82003,30.90003,5328400,4.4119
2012-03-19,32.12,32.56998,31.62003,32.55002,4108000,4.64749
2012-03-16,31.58003,32.15002,31.35002,32.11002,4346100,4.58466
2012-03-15,32.20999,32.50003,31.02003,31.42003,6463600,4.48615
2012-03-14,35.30003,35.56998,31.80,32.32998,11878700,4.61607
2012-03-13,34.04999,35.08998,34.04999,35.00,8432700,4.99729
2012-03-12,34.35002,34.48998,33.80,34.35002,4607600,4.90449
2012-03-09,33.60,34.36,33.36,34.24999,4851200,4.89021
2012-03-08,33.26003,33.60,33.20,33.34003,3841400,4.76028
2012-03-07,33.00,33.79002,32.92,33.24999,4418900,4.74743
2012-03-06,33.60999,33.96998,32.80,33.39002,4671500,4.76742
2012-03-05,34.47002,34.52998,33.72,33.75002,6379400,4.81882
2012-03-02,33.72998,34.55002,33.72998,34.50003,4277400,4.92591
2012-03-01,33.20999,34.35002,33.00,33.88,6148900,4.83738
2012-02-29,34.20,34.58003,33.20,33.32998,8547800,4.75885
2012-02-28,35.50003,36.08,34.08998,34.56998,11479400,4.9359
2012-02-27,34.70003,37.24999,34.20999,35.60,16991000,5.08296
2012-02-24,33.84,34.98003,33.84,34.23002,11531100,4.88736
2012-02-23,33.94003,34.44999,33.30003,34.04,12938600,4.86023
2012-02-22,33.08,34.96998,32.67002,34.35002,20663100,4.90449
2012-02-21,32.79002,34.30003,32.26003,33.86003,28680100,4.83453
2012-02-20,31.64999,31.64999,31.64999,31.64999,2565300,4.51898
2012-02-17,29.14003,29.42003,28.20,28.76998,3597300,4.10777
2012-02-16,28.75002,29.46003,28.63002,29.02003,3312300,4.14348
2012-02-15,28.54003,28.99002,28.52,28.87002,2646000,4.12206
2012-02-14,28.51002,28.78003,28.24999,28.55002,2291700,4.07637
2012-02-13,27.90003,28.96998,27.88,28.60,2575800,4.0835
2012-02-10,27.50003,28.36998,27.36,28.35002,3356100,4.04781
2012-02-09,27.10003,28.55002,27.00,27.56998,3585100,3.93644
2012-02-08,26.68998,27.39002,26.40999,27.14003,2195700,3.87505
2012-02-07,27.26003,27.26003,26.44,26.59002,2018200,3.79652
2012-02-06,27.50003,27.68,27.23002,27.46003,2011500,3.92074
2012-02-03,27.24999,27.54003,27.02003,27.44999,2284300,3.9193
2012-02-02,26.84,27.20,26.72,27.20,1857700,3.88361
2012-02-01,27.11002,27.44999,26.60,26.84,1428100,3.83221
2012-01-31,26.52998,27.11002,26.11002,27.11002,1923500,3.87076
2012-01-30,25.90003,27.15002,25.84999,26.80,2660100,3.8265
2012-01-27,25.70003,25.70003,25.70003,25.70003,000,3.66945
2012-01-26,25.70003,25.70003,25.70003,25.70003,000,3.66945
2012-01-25,25.70003,25.70003,25.70003,25.70003,000,3.66945
2012-01-24,25.70003,25.70003,25.70003,25.70003,000,3.66945
2012-01-23,25.70003,25.70003,25.70003,25.70003,000,3.66945
2012-01-20,25.06003,26.24999,24.95002,25.70003,1862900,3.66945
2012-01-19,23.99002,25.38003,23.80998,25.07002,1920800,3.57949
2012-01-18,26.16,26.39002,23.92998,24.00,2626800,3.42672
2012-01-17,24.50003,26.24999,24.48,26.03002,2013000,3.71656
2012-01-16,25.11002,25.20,24.30003,24.47002,2245000,3.49382
2012-01-13,27.34003,27.67002,25.71002,25.80,2879000,3.68372
2012-01-12,27.60,28.10003,27.28,27.55002,2255400,3.93359
2012-01-11,26.83002,28.16998,26.76,27.95002,4001100,3.9907
2012-01-10,26.15002,27.30003,26.04999,27.06003,3153300,3.86363
2012-01-09,25.35002,26.58003,24.72998,26.40,4467900,3.76939
2012-01-06,24.16,25.55002,23.72,25.50003,3745700,3.64089
2012-01-05,25.28,25.28,23.98003,24.00,2829400,3.42672
2012-01-04,27.20,27.28998,25.40,25.40,2859500,3.62661
2012-01-03,26.44999,27.32,26.35002,27.15002,2762000,3.87647
2012-01-02,26.44999,27.32,26.35002,27.15002,2762000,3.87647
2011-12-30,26.44999,27.32,26.35002,27.15002,2762000,3.87647
2011-12-29,26.02003,26.51002,26.00,26.40,2692900,3.76939
2011-12-28,26.98003,26.99002,25.50003,26.15002,3672900,3.73369
2011-12-27,28.40,28.40,27.00,27.40,3331900,3.91217
2011-12-26,28.88,28.88,28.88,28.88,000,4.12348
2011-12-23,28.47002,29.40,28.26003,28.88,1775900,4.12348
2011-12-22,28.80,29.28998,27.68998,28.78003,1988000,4.10921
2011-12-21,30.35002,30.56,28.90003,29.20,2653400,4.16917
2011-12-20,30.39002,30.80,29.84999,29.99002,2713600,4.28197
2011-12-19,29.40,30.59002,29.20,30.40,3585200,4.34051
2011-12-16,28.60,29.75002,28.60,29.70003,2276900,4.24057
2011-12-15,28.40,29.10003,28.16998,28.60,2925500,4.0835
2011-12-14,28.88998,29.04999,28.43002,28.51002,2267200,4.07066
2011-12-13,30.12,30.22003,28.59002,28.62003,5040300,4.08636
2011-12-12,30.87002,30.98003,30.08,30.16998,4147200,4.30767
2011-12-09,30.90003,31.64999,30.50003,30.87002,4121800,4.40762
2011-12-08,30.31002,32.15002,29.88,31.00,3585700,4.42617
2011-12-07,30.36998,31.00,30.07002,30.84999,2192500,4.40476
2011-12-06,29.52998,30.79002,29.52998,30.46003,2221000,4.34908
2011-12-05,32.44999,32.48,30.00,30.00,3321200,4.2834
2011-12-02,33.59002,33.88998,32.24999,32.48,2402800,4.63749
2011-12-01,34.00,34.35002,33.24,33.98003,5864900,4.85166
2011-11-30,36.38003,36.44,32.72998,32.83002,7068700,4.68746
2011-11-29,36.70003,36.88,35.88,36.36998,3484700,5.1929
2011-11-28,36.52,36.76998,35.76998,36.50003,3771500,5.21147
2011-11-25,36.60,37.32,36.04999,36.58003,5427000,5.22289
2011-11-24,36.50003,37.48998,36.11002,36.92,6265500,5.27143
2011-11-23,36.20999,37.36,36.02003,37.18003,9841500,5.30856
2011-11-22,34.30003,36.30003,33.50003,36.23002,9244100,5.17292
2011-11-21,34.40,35.78003,34.11002,34.95002,9555300,4.99016
2011-11-18,35.00,35.20,33.84999,34.19002,5345600,4.88164
2011-11-17,33.80,35.80999,33.78003,35.24999,7503100,5.03299
2011-11-16,34.76998,35.68998,33.00,33.60,5044600,4.7974
2011-11-15,34.98003,35.24999,34.40,34.74003,4199900,4.96018
2011-11-14,34.12,35.50003,34.12,35.06003,5466000,5.00587
2011-11-11,34.15002,35.12,33.36,34.00,6569300,4.85451
2011-11-10,32.98003,35.96998,32.60,34.12998,12958700,4.87307
2011-11-09,32.28998,33.10003,31.78003,33.07002,5189500,4.72173
2011-11-08,32.02003,32.59002,31.74003,31.84999,2633000,4.54754
2011-11-07,32.40999,32.47002,31.70003,32.28998,3241300,4.61036
2011-11-04,32.68,33.30003,32.07002,32.24999,5674800,4.60465
2011-11-03,33.68998,34.40,32.47002,32.50003,9694000,4.64035
2011-11-02,30.82003,33.18003,30.50003,32.72,6568900,4.67176
2011-11-01,30.58003,31.99002,30.40,31.47002,4548300,4.49328
2011-10-31,30.52,31.10003,30.36998,30.88998,3905500,4.41047
2011-10-28,29.76998,30.70003,29.36998,30.52998,4183500,4.35907
2011-10-27,29.35002,29.88998,29.20,29.35002,3129100,4.19059
2011-10-26,29.20,30.16998,29.00,29.62003,3987200,4.22914
2011-10-25,27.31002,28.80,27.30003,28.75002,2087200,4.10492
2011-10-24,27.30003,27.75002,26.23002,27.72,1784900,3.95786
2011-10-21,28.52998,28.72,27.30003,27.31002,1736800,3.89932
2011-10-20,29.60,29.84999,28.10003,28.44,4486600,4.06066
2011-10-19,30.88,31.28,29.64,29.79002,3508100,4.25341
2011-10-18,31.99002,32.34003,30.86003,30.87002,2526200,4.40762
2011-10-17,31.78003,32.50003,31.40999,32.23002,3196200,4.6018
2011-10-14,31.80,32.00,31.04,31.60,2622300,4.51184
2011-10-13,31.40999,32.44999,31.23002,32.12998,4305300,4.58751
2011-10-12,30.11002,31.80,29.52,31.68998,2721100,4.52469
2011-10-11,31.20999,31.50003,30.00999,30.39002,1929400,4.33908
2011-10-10,30.00,30.95002,30.00,30.46003,1289700,4.34908
2011-09-30,30.00,30.70003,29.60,30.52,1587300,4.35764
2011-09-29,30.08,30.32,29.52,30.00,2783900,4.2834
2011-09-28,31.76,31.76,30.02003,30.34003,2083200,4.33194
2011-09-27,31.90003,31.90003,30.83002,31.30003,1730400,4.46901
2011-09-26,31.38003,31.88,31.04999,31.20999,1333000,4.45616
2011-09-23,30.79002,31.86003,30.78003,31.50003,1875400,4.49757
2011-09-22,33.07002,33.36,31.52998,31.60999,4006700,4.51327
2011-09-21,32.78003,33.64999,32.00,33.38003,3175800,4.766
2011-09-20,32.02003,32.91002,31.95002,32.43002,3026400,4.63035
2011-09-19,34.63002,34.63002,32.38003,32.40,3394900,4.62607
2011-09-16,35.60,36.18003,34.40999,34.47002,3037900,4.92162
2011-09-15,36.08,36.70003,35.60999,35.66003,2910900,5.09153
2011-09-14,34.35002,35.96,34.35002,35.95002,4336500,5.13294
2011-09-13,34.50003,34.67002,33.12998,34.28998,2332100,4.89592
2011-09-09,34.32998,35.50003,34.00,34.67002,3395700,4.95018
2011-09-08,37.48998,37.48998,34.78003,34.99002,5401300,4.99587
2011-09-07,36.00,37.10003,35.88,36.91002,4011600,5.27001
2011-09-06,38.24999,38.68998,35.80,35.80,7782000,5.11152
2011-09-05,38.88,39.96998,38.08998,38.84999,6439500,5.54699
2011-09-02,38.56,40.27002,38.00,39.79002,7871000,5.68121
2011-09-01,39.98003,41.20,38.83002,39.08,7711300,5.57984
2011-08-31,38.80,40.26003,37.55002,40.23002,8678000,5.74404
2011-08-30,41.10003,41.90003,39.22003,39.28,9091000,5.60839
2011-08-29,41.52998,41.79002,40.62003,41.08,8902000,5.8654
2011-08-26,39.10003,41.88998,39.00,41.62003,14350000,5.9425
2011-08-25,39.08998,39.92,38.15002,39.30003,8980600,5.61125
2011-08-24,40.00,41.50003,39.18003,39.28,15072900,5.60839
2011-08-23,37.99002,40.87002,37.39002,40.28998,15417600,5.7526
2011-08-22,35.52,38.72,35.31002,37.64999,12191200,5.37566
2011-08-19,35.35002,35.74003,34.62003,35.20,6518000,5.02585
2011-08-18,38.78003,38.96998,36.51002,36.63002,9942000,5.23003
2011-08-17,39.04999,39.88,38.58003,39.20,9021200,5.59697
2011-08-16,38.00,38.96,37.90003,38.88,11199200,5.55128
2011-08-15,36.20999,38.38003,36.08,38.15002,12909100,5.44705
2011-08-12,36.62003,37.43002,36.06003,36.08,7464100,5.1515
2011-08-11,34.04999,36.60,33.80,36.38003,9350800,5.19434
2011-08-10,36.00,37.88998,35.31002,35.51002,10262700,5.07011
2011-08-09,33.90003,37.23002,33.02003,35.52998,12824500,5.07297
2011-08-08,39.95002,40.00,36.54003,36.54003,12164000,5.21718
2011-08-05,41.10003,42.00,38.96998,40.60,13056100,5.79686
2011-08-04,42.60,44.67002,42.60,43.30003,13543500,6.18237
