300244 迪安诊断 日线 前复权
      日期	    开盘	    最高	    最低	    收盘	    成交量	    成交额
2011-10-10,4.51,4.70,4.44,4.59,719793,32086244.00
2011-10-11,4.71,4.79,4.50,4.60,887055,40225612.00
2011-10-12,4.49,4.81,4.41,4.80,1019937,46168984.00
2011-10-13,4.78,5.02,4.73,4.89,1001985,47565492.00
2011-10-14,4.85,4.88,4.75,4.81,620640,28836676.00
2011-10-17,4.75,5.02,4.75,4.94,925062,44074004.00
2011-10-18,4.87,4.93,4.62,4.64,1023705,47512348.00
2011-10-19,4.64,4.75,4.58,4.58,731702,33123734.00
2011-10-20,4.53,4.63,4.37,4.39,683797,29736950.00
2011-10-21,4.38,4.51,4.07,4.10,751061,30896034.00
2011-10-24,4.13,4.35,3.87,4.29,1080783,43864620.00
2011-10-25,4.23,4.55,4.16,4.47,1465208,63234924.00
2011-10-26,4.42,4.56,4.40,4.46,810646,35301072.00
2011-10-27,4.46,4.63,4.40,4.41,580149,25421542.00
2011-10-28,4.46,4.55,4.33,4.48,932022,40194036.00
2011-10-31,4.48,4.76,4.45,4.70,971398,44032996.00
2011-11-01,4.63,4.90,4.60,4.87,1142739,53325700.00
2011-11-02,4.78,4.99,4.72,4.96,991510,46913832.00
2011-11-03,4.97,5.01,4.83,4.84,861023,40940284.00
2011-11-04,4.84,4.94,4.78,4.79,544150,25442582.00
2011-11-07,4.76,4.85,4.71,4.79,350932,16282292.00
2011-11-08,4.81,4.81,4.63,4.64,432511,19755514.00
2011-11-09,4.68,4.68,4.50,4.66,864674,38529532.00
2011-11-10,4.59,4.88,4.56,4.76,1240636,56988376.00
2011-11-11,4.77,4.93,4.67,4.72,1026377,47931560.00
2011-11-14,4.74,5.21,4.74,5.21,1743074,84560224.00
2011-11-15,5.28,5.38,5.12,5.31,1941622,98971136.00
2011-11-16,5.35,5.47,5.15,5.17,1315433,67159064.00
2011-11-17,5.17,5.55,5.17,5.28,1594598,82533200.00
2011-11-18,5.22,5.32,5.04,5.17,986021,49579400.00
2011-11-21,5.09,5.21,4.88,4.99,1051993,50655476.00
2011-11-22,4.90,5.10,4.88,5.10,668125,32221488.00
2011-11-23,5.08,5.28,5.08,5.16,990437,49568900.00
2011-11-24,5.06,5.27,4.97,5.23,753680,37447212.00
2011-11-25,5.22,5.31,5.05,5.13,674844,33679672.00
2011-11-28,5.13,5.28,5.00,5.28,1053660,52306344.00
2011-11-29,5.34,5.42,5.27,5.33,1217991,62916184.00
2011-11-30,5.33,5.44,5.01,5.16,991924,50256388.00
2011-12-01,5.36,5.66,5.28,5.46,1985584,104451888.00
2011-12-02,5.38,5.47,5.17,5.28,948345,48779920.00
2011-12-05,5.22,5.22,4.73,4.73,1175173,56440840.00
2011-12-06,4.73,4.92,4.64,4.87,672421,31153142.00
2011-12-07,4.87,5.11,4.83,5.03,794995,38494716.00
2011-12-08,4.97,5.36,4.92,5.24,875287,43655980.00
2011-12-09,5.17,5.33,5.15,5.20,665491,33646024.00
2011-12-12,5.23,5.46,5.19,5.37,901884,46607940.00
2011-12-13,5.33,5.43,5.17,5.29,961108,48997256.00
2011-12-14,5.26,5.39,5.01,5.16,844344,42688056.00
2011-12-15,5.06,5.23,4.96,5.13,642337,31795886.00
2011-12-16,5.02,5.25,4.96,5.25,1014618,50373324.00
2011-12-19,5.17,5.33,5.08,5.31,966982,48732116.00
2011-12-20,5.29,5.42,5.24,5.24,798050,41144108.00
2011-12-21,5.27,5.34,5.01,5.06,1142099,56368456.00
2011-12-22,4.97,5.09,4.81,4.98,494692,23637744.00
2011-12-23,4.96,5.11,4.94,4.99,369045,17973234.00
2011-12-26,4.96,5.01,4.73,4.73,527495,24701110.00
2011-12-27,4.69,4.73,4.50,4.64,538708,24042286.00
2011-12-28,4.54,4.60,4.37,4.53,377344,16430558.00
2011-12-29,4.47,4.63,4.47,4.53,286568,12710239.00
2011-12-30,4.53,4.65,4.48,4.57,338795,15044220.00
2012-01-04,4.57,4.62,4.31,4.37,408625,17742382.00
2012-01-05,4.35,4.35,3.91,4.05,736117,29158492.00
2012-01-06,3.98,4.04,3.81,3.98,529557,20204686.00
2012-01-09,3.99,4.20,3.90,4.19,544875,21644672.00
2012-01-10,4.11,4.35,4.11,4.27,512523,21348978.00
2012-01-11,4.27,4.46,4.27,4.32,590977,25071196.00
2012-01-12,4.28,4.34,4.17,4.18,358699,14838458.00
2012-01-13,4.20,4.25,3.81,3.86,780317,29968316.00
2012-01-16,3.72,3.77,3.62,3.65,506486,18364570.00
2012-01-17,3.70,3.88,3.61,3.87,803983,29638028.00
2012-01-18,3.87,3.88,3.47,3.49,597056,21620348.00
2012-01-19,3.45,3.74,3.35,3.52,961249,34043480.00
2012-01-20,3.51,3.58,3.45,3.50,680810,23664172.00
2012-01-30,3.52,3.62,3.44,3.55,687815,24115948.00
2012-01-31,3.54,3.58,3.45,3.50,660128,22677904.00
2012-02-01,3.50,3.60,3.46,3.48,777925,27058026.00
2012-02-02,3.46,3.58,3.46,3.58,609093,21217952.00
2012-02-03,3.61,3.83,3.58,3.77,1129262,41249824.00
2012-02-06,3.80,3.80,3.70,3.76,718725,26505768.00
2012-02-07,3.73,3.76,3.58,3.63,794121,28363686.00
2012-02-08,3.61,3.73,3.60,3.73,646776,23367052.00
2012-02-09,3.69,3.94,3.69,3.83,924395,34749904.00
2012-02-10,3.82,3.86,3.75,3.80,685823,25530264.00
2012-02-13,3.75,3.92,3.72,3.87,769717,29116044.00
2012-02-14,3.88,4.00,3.87,3.93,785944,30302644.00
2012-02-15,3.89,3.98,3.84,3.98,646408,24782200.00
2012-02-16,3.98,4.02,3.86,3.92,582670,22468754.00
2012-02-17,3.97,4.09,3.83,4.02,1023870,39685688.00
2012-02-20,4.02,4.18,4.02,4.04,987620,39415588.00
2012-02-21,4.04,4.08,3.97,4.08,698104,27510980.00
2012-02-22,4.08,4.18,4.04,4.17,967841,38922940.00
2012-02-23,4.19,4.27,4.10,4.16,775761,31812546.00
2012-02-24,4.12,4.31,4.12,4.29,967316,39774972.00
2012-02-27,4.25,4.33,4.22,4.22,908351,37767092.00
2012-02-28,4.19,4.26,4.11,4.15,654816,26672022.00
2012-02-29,4.12,4.18,4.02,4.02,464185,18585974.00
2012-03-01,4.02,4.07,4.00,4.03,331286,13083314.00
2012-03-02,4.05,4.24,4.03,4.22,673248,27497280.00
2012-03-05,4.22,4.27,4.12,4.20,545167,22241914.00
2012-03-06,4.18,4.22,4.07,4.09,463233,18561256.00
2012-03-07,4.05,4.12,3.94,4.06,375298,14884250.00
2012-03-08,4.20,4.20,4.03,4.10,335574,13471479.00
2012-03-09,4.14,4.27,4.14,4.25,662062,27208144.00
2012-03-12,4.25,4.38,4.21,4.33,753197,31638556.00
2012-03-13,4.32,4.35,4.27,4.34,451882,18962102.00
2012-03-14,4.39,4.78,4.39,4.52,2375965,106777144.00
2012-03-15,4.49,4.68,4.33,4.59,1500230,66155520.00
2012-03-16,4.54,4.67,4.49,4.59,904850,40316972.00
2012-03-19,4.56,4.67,4.56,4.62,590545,26491778.00
2012-03-20,4.60,4.76,4.55,4.64,1161254,52681408.00
2012-03-21,4.63,4.71,4.36,4.46,929964,40680904.00
2012-03-22,4.41,4.45,4.36,4.43,360445,15445633.00
2012-03-23,4.44,4.44,4.24,4.26,428111,17959910.00
2012-03-26,4.22,4.29,4.19,4.20,292741,12125142.00
2012-03-27,4.24,4.31,4.23,4.25,394425,16406212.00
2012-03-28,4.25,4.25,3.96,3.99,596037,23602650.00
2012-03-29,3.97,4.00,3.80,3.86,411653,15690287.00
2012-03-30,3.93,3.98,3.67,3.71,531493,19839028.00
2012-04-05,3.73,3.84,3.68,3.83,787422,28976198.00
2012-04-06,3.83,3.87,3.78,3.84,533147,20036142.00
2012-04-09,3.93,4.02,3.91,3.94,957910,37143848.00
2012-04-10,3.79,3.91,3.69,3.91,631621,23514800.00
2012-04-11,3.86,3.95,3.78,3.92,435568,16530927.00
2012-04-12,3.95,3.97,3.83,3.97,501390,19185888.00
2012-04-13,3.97,4.08,3.94,4.02,546738,21447964.00
2012-04-16,4.00,4.08,3.95,4.00,398917,15692065.00
2012-04-17,3.99,4.05,3.96,3.99,415544,16215779.00
2012-04-18,4.00,4.09,3.95,4.08,539970,21196478.00
2012-04-19,4.08,4.17,4.05,4.11,531784,21297878.00
2012-04-20,4.14,4.30,4.09,4.23,604400,24870862.00
2012-04-23,4.23,4.25,3.99,4.03,612244,24381720.00
2012-04-24,4.02,4.09,3.79,3.95,438843,16887846.00
2012-04-25,3.95,3.95,3.89,3.95,238786,9159074.00
2012-04-26,3.98,4.01,3.93,3.93,220972,8567156.00
2012-04-27,3.93,4.01,3.88,3.97,279671,10836848.00
2012-05-02,4.00,4.30,4.00,4.16,565700,22928642.00
2012-05-03,4.14,4.29,4.12,4.27,482563,19908482.00
2012-05-04,4.28,4.70,4.22,4.52,981083,42728868.00
2012-05-07,4.56,4.71,4.50,4.61,868671,39064888.00
2012-05-08,4.61,4.61,4.43,4.47,606585,26524690.00
2012-05-09,4.43,4.58,4.35,4.51,633958,27685806.00
2012-05-10,4.51,4.85,4.44,4.69,1020990,46588556.00
2012-05-11,4.71,4.71,4.53,4.53,604222,27131008.00
2012-05-14,4.59,4.65,4.44,4.53,456652,20190850.00
2012-05-15,4.48,4.65,4.48,4.63,388737,17245974.00
2012-05-16,4.58,4.64,4.48,4.48,391731,17388482.00
2012-05-17,4.52,4.52,4.42,4.48,474680,20664022.00
2012-05-18,4.41,4.51,4.31,4.31,454037,19380544.00
2012-05-21,4.29,4.35,4.28,4.31,282831,11884220.00
2012-05-22,4.31,4.55,4.31,4.54,694845,30153974.00
2012-05-23,4.52,4.62,4.49,4.62,588137,26137528.00
2012-05-24,4.62,4.90,4.62,4.76,1094217,51039384.00
2012-05-25,4.76,4.79,4.64,4.73,569974,25997048.00
2012-05-28,4.73,4.74,4.54,4.68,406865,18327694.00
2012-05-29,4.69,4.76,4.58,4.72,528143,23992200.00
2012-05-30,4.72,4.78,4.59,4.61,690532,31402772.00
2012-05-31,4.63,4.83,4.43,4.61,1305603,32304274.00
2012-06-01,4.57,4.77,4.47,4.57,1263327,31320260.00
2012-06-04,4.47,4.60,4.41,4.47,859142,20703596.00
2012-06-05,4.47,4.55,4.32,4.33,850247,20179450.00
2012-06-06,4.33,4.40,4.30,4.34,483563,11280033.00
2012-06-07,4.39,4.45,4.35,4.39,620307,14664256.00
2012-06-08,4.42,4.47,4.20,4.23,948318,21919148.00
2012-06-11,4.20,4.29,4.11,4.26,580718,13131540.00
2012-06-12,4.24,4.53,4.18,4.45,1224822,29040386.00
2012-06-13,4.45,4.51,4.36,4.48,1165772,27811098.00
2012-06-14,4.45,4.59,4.40,4.45,1155143,27983840.00
2012-06-15,4.46,4.54,4.35,4.43,950068,22670220.00
2012-06-18,4.42,4.62,4.42,4.59,1296292,31564646.00
2012-06-19,4.62,4.83,4.52,4.71,2164329,54537568.00
2012-06-20,4.67,4.70,4.57,4.59,1123730,27789054.00
2012-06-21,4.53,4.57,4.40,4.42,933128,22258354.00
2012-06-25,4.42,4.47,4.33,4.35,567252,13422877.00
2012-06-26,4.29,4.35,4.14,4.28,754113,17171744.00
2012-06-27,4.29,4.37,4.21,4.32,809560,18765894.00
2012-06-28,4.32,4.38,4.07,4.07,1049133,23661508.00
2012-06-29,4.01,4.14,3.95,4.13,905400,19711042.00
2012-07-02,4.14,4.30,4.14,4.30,872176,19938526.00
2012-07-03,4.30,4.46,4.25,4.31,1050152,24533996.00
2012-07-04,4.31,4.35,4.07,4.09,1087462,24459582.00
2012-07-05,4.13,4.19,4.06,4.14,686382,15291930.00
2012-07-06,4.16,4.31,4.12,4.28,860275,19508846.00
2012-07-09,4.26,4.37,4.23,4.31,1265053,29380254.00
2012-07-10,4.31,4.55,4.26,4.39,1965858,46875416.00
2012-07-11,4.37,4.57,4.24,4.57,1532532,36316004.00
2012-07-12,4.50,4.72,4.50,4.67,2202519,54661008.00
2012-07-13,4.63,4.91,4.61,4.78,2146136,54758128.00
2012-07-16,4.79,4.83,4.50,4.64,1732413,43181904.00
2012-07-17,4.51,4.66,4.40,4.57,1214309,29736190.00
2012-07-18,4.56,4.56,4.25,4.43,1280922,30240014.00
2012-07-19,4.38,4.89,4.32,4.89,1938199,48917896.00
2012-07-20,5.04,5.39,5.04,5.32,4642313,128161528.00
2012-07-23,5.21,5.21,4.99,5.11,2486217,67646216.00
2012-07-24,5.05,5.19,4.99,5.14,1848090,50274496.00
2012-07-25,5.10,5.32,5.02,5.09,2354842,65143296.00
2012-07-26,5.02,5.07,4.89,4.91,1484364,39455052.00
2012-07-27,4.91,4.95,4.79,4.86,1000927,25926238.00
2012-07-30,4.84,4.92,4.72,4.78,748999,19225016.00
2012-07-31,4.77,4.96,4.73,4.89,1287038,33389076.00
2012-08-01,4.85,5.02,4.83,4.88,1350731,35569944.00
2012-08-02,4.90,5.15,4.85,5.12,2035397,54781004.00
2012-08-03,5.11,5.23,5.02,5.19,1466457,40215672.00
2012-08-06,5.13,5.28,5.09,5.21,1257004,34772440.00
2012-08-07,5.21,5.30,5.17,5.27,1332974,37301168.00
2012-08-08,5.27,5.28,5.12,5.14,798552,21966878.00
2012-08-09,5.12,5.34,5.07,5.30,963626,27038342.00
2012-08-10,5.30,5.42,5.15,5.35,877698,24724896.00
2012-08-13,5.29,5.45,5.29,5.40,930135,26664592.00
2012-08-14,5.38,5.40,5.11,5.38,1019674,28703526.00
2012-08-15,5.33,5.40,5.27,5.27,734823,20866312.00
2012-08-16,5.21,5.32,5.15,5.17,494148,13747233.00
2012-08-17,5.18,5.19,5.03,5.13,487647,13257604.00
2012-08-20,5.09,5.66,5.08,5.66,1994313,57612092.00
2012-08-21,5.63,5.86,5.51,5.53,2503648,75523616.00
2012-08-22,5.54,5.78,5.50,5.61,1994214,60017732.00
2012-08-23,5.63,5.81,5.54,5.81,1476236,44580580.00
2012-08-24,5.81,5.91,5.58,5.59,1072333,32587698.00
2012-08-27,5.48,5.70,5.46,5.62,655595,19486966.00
2012-08-28,5.62,5.93,5.54,5.92,1471820,45301976.00
2012-08-29,5.92,6.11,5.82,5.86,1126540,35607520.00
2012-08-30,5.79,5.89,5.37,5.59,1410857,42009864.00
2012-08-31,5.53,5.69,5.50,5.64,673441,20123452.00
2012-09-03,5.63,5.71,5.49,5.71,1182761,35465060.00
2012-09-04,5.69,5.71,5.57,5.59,1047351,31407092.00
2012-09-05,5.56,5.71,5.55,5.65,563375,16914476.00
2012-09-06,5.65,5.77,5.59,5.69,707664,21456088.00
2012-09-07,5.76,5.85,5.66,5.80,1335631,40883212.00
2012-09-10,5.80,5.81,5.69,5.73,778897,23765882.00
2012-09-11,5.74,5.82,5.61,5.63,886510,26895084.00
2012-09-12,5.63,5.68,5.40,5.52,1037837,30555656.00
2012-09-13,5.52,5.75,5.46,5.56,976748,29276554.00
2012-09-14,5.55,5.65,5.34,5.34,800876,23276388.00
2012-09-17,5.30,5.43,5.11,5.14,1039188,28995708.00
2012-09-18,5.14,5.24,5.13,5.23,619554,17185290.00
2012-09-19,5.23,5.33,5.17,5.31,398277,11221027.00
2012-09-20,5.29,5.29,4.99,5.05,605045,16688150.00
2012-09-21,5.01,5.16,4.96,5.15,771946,20937494.00
2012-09-24,5.13,5.25,5.06,5.17,466089,12891249.00
2012-09-25,5.15,5.18,4.86,4.92,1159214,30988316.00
2012-09-26,4.86,4.94,4.82,4.85,713177,18545526.00
2012-09-27,4.83,5.00,4.83,4.92,519639,13713354.00
2012-09-28,4.90,5.03,4.87,4.98,551975,14617510.00
2012-10-08,4.98,5.09,4.96,5.00,421060,11309109.00
2012-10-09,5.05,5.19,5.00,5.19,677816,18649084.00
2012-10-10,5.19,5.34,5.15,5.28,603872,16941330.00
2012-10-11,5.27,5.31,5.16,5.17,526318,14663957.00
2012-10-12,5.21,5.27,5.03,5.12,450684,12285745.00
2012-10-15,5.11,5.18,5.00,5.13,344355,9385947.00
2012-10-16,5.13,5.43,5.09,5.34,806058,22923448.00
2012-10-17,5.34,5.46,5.31,5.38,601089,17315882.00
2012-10-18,5.38,5.44,5.36,5.39,641401,18443034.00
2012-10-19,5.40,5.43,5.25,5.29,584809,16552744.00
2012-10-22,5.23,5.51,5.23,5.51,710439,20497388.00
2012-10-23,5.53,5.53,5.36,5.40,466918,13534510.00
2012-10-24,5.39,5.52,5.33,5.38,464360,13458237.00
2012-10-25,5.38,5.41,5.19,5.22,420860,11879644.00
2012-10-26,5.24,5.25,5.03,5.08,396262,10808923.00
2012-10-29,5.06,5.17,5.06,5.15,221195,6059635.50
2012-10-30,5.10,5.24,5.10,5.23,292742,8115992.50
2012-10-31,5.26,5.30,5.18,5.26,279638,7820224.50
2012-11-01,5.28,5.47,5.28,5.44,615591,17805290.00
2012-11-02,5.44,5.47,5.38,5.44,332757,9619368.00
2012-11-05,5.40,5.42,5.30,5.37,318850,9091982.00
2012-11-06,5.32,5.38,5.30,5.34,261139,7422064.50
2012-11-07,5.33,5.37,5.28,5.31,184660,5249996.50
2012-11-08,5.30,5.30,5.17,5.17,215368,5996896.00
2012-11-09,5.06,5.21,5.06,5.15,135240,3709034.75
2012-11-12,5.12,5.20,5.07,5.12,133385,3656118.50
2012-11-13,5.13,5.13,5.03,5.03,136760,3716211.00
2012-11-14,5.04,5.07,5.00,5.05,220644,5929090.50
2012-11-15,4.98,5.06,4.91,4.92,160508,4272089.50
2012-11-16,4.87,4.95,4.84,4.93,170761,4475657.50
2012-11-19,4.97,5.01,4.94,5.00,172570,4586848.00
2012-11-20,4.98,5.06,4.98,4.98,107700,2879621.00
2012-11-21,4.98,5.05,4.98,5.05,184617,4961951.00
2012-11-22,5.05,5.05,4.99,4.99,108320,2900700.75
2012-11-23,4.99,5.15,4.99,5.07,327017,8822396.00
2012-11-26,5.07,5.10,4.76,4.82,222601,5853580.50
2012-11-27,4.81,4.81,4.65,4.75,650205,16449509.00
2012-11-28,4.70,4.70,4.57,4.60,227907,5630917.50
2012-11-29,4.59,4.70,4.59,4.67,303726,7590151.50
2012-11-30,4.66,4.70,4.55,4.63,187914,4643879.50
2012-12-03,4.61,4.66,4.55,4.57,157100,3880687.25
2012-12-04,4.54,4.70,4.39,4.67,287313,7001772.50
2012-12-05,4.65,4.95,4.65,4.83,304212,7876520.50
2012-12-06,4.81,4.89,4.80,4.81,59851,1542218.38
2012-12-07,4.78,4.92,4.78,4.86,381256,9922557.00
2012-12-10,4.85,4.93,4.80,4.86,502294,13027116.00
2012-12-11,4.85,4.87,4.72,4.73,437663,11209629.00
2012-12-12,4.72,4.75,4.61,4.63,367886,9195001.00
2012-12-13,4.61,4.69,4.58,4.65,96421,2396784.50
2012-12-14,4.68,4.87,4.59,4.82,541585,13859900.00
2012-12-17,4.85,4.90,4.73,4.74,475370,12194796.00
2012-12-18,4.75,4.82,4.70,4.72,735873,18733224.00
2012-12-19,4.69,4.72,4.57,4.65,756693,18811512.00
2012-12-20,4.59,4.70,4.59,4.67,555956,13839180.00
2012-12-21,4.67,4.85,4.64,4.78,1694261,43244656.00
2012-12-24,4.79,5.09,4.75,4.98,1970770,51672756.00
2012-12-25,4.94,5.07,4.92,5.04,1372319,36782168.00
2012-12-26,5.02,5.27,4.98,5.24,1227203,33939976.00
2012-12-27,5.24,5.25,5.09,5.14,704705,19401298.00
2012-12-28,5.13,5.20,5.01,5.20,636030,17446246.00
2012-12-31,5.29,5.47,5.15,5.23,926758,26061526.00
2013-01-04,5.24,5.38,5.18,5.27,779503,21982312.00
2013-01-07,5.34,5.47,5.25,5.33,771529,22053014.00
2013-01-08,5.40,5.47,5.27,5.41,808315,23207686.00
2013-01-09,5.41,5.42,5.23,5.29,711614,20178202.00
2013-01-10,5.28,5.63,5.28,5.55,1129493,33286748.00
2013-01-11,5.55,5.59,5.42,5.48,895723,26223214.00
2013-01-14,5.48,5.69,5.47,5.62,840348,25199598.00
2013-01-15,5.62,5.70,5.56,5.63,788938,23624220.00
2013-01-16,5.63,5.66,5.44,5.50,713651,21068172.00
2013-01-17,5.51,5.52,5.35,5.44,630311,18275084.00
2013-01-18,5.44,5.53,5.38,5.44,514812,14951961.00
2013-01-21,5.46,5.62,5.46,5.53,701350,20688594.00
2013-01-22,5.50,5.59,5.35,5.39,503636,14572179.00
2013-01-23,5.38,5.50,5.37,5.47,404010,11735865.00
2013-01-24,5.48,5.52,5.23,5.25,709303,20327254.00
2013-01-25,5.25,5.40,5.25,5.31,588095,16747132.00
2013-01-28,5.38,5.57,5.32,5.55,803423,23398864.00
2013-01-29,5.55,5.55,5.44,5.51,878280,25654296.00
2013-01-30,5.52,5.52,5.36,5.38,724333,20952398.00
2013-01-31,5.36,5.48,5.29,5.45,540456,15448785.00
2013-02-01,5.47,5.57,5.42,5.50,601845,17647960.00
2013-02-04,5.52,5.54,5.34,5.42,453157,13077616.00
2013-02-05,5.40,5.43,5.32,5.38,575279,16485786.00
2013-02-06,5.34,5.42,5.34,5.37,524004,15037511.00
2013-02-07,5.34,5.47,5.24,5.45,1085802,30943440.00
2013-02-08,5.45,5.79,5.43,5.79,1329121,39963164.00
2013-02-18,5.79,5.86,5.73,5.76,811878,25010782.00
2013-02-19,5.77,5.79,5.62,5.65,817542,24650234.00
2013-02-20,5.67,6.01,5.65,5.93,1017745,31657802.00
2013-02-21,5.93,6.04,5.81,5.85,1182825,37124160.00
2013-02-22,5.81,5.92,5.73,5.90,711241,22097866.00
2013-02-27,6.10,6.27,5.73,5.83,1498664,47328656.00
2013-02-28,5.89,6.10,5.76,6.03,717280,22891322.00
2013-03-01,6.00,6.29,5.98,6.28,960477,31647936.00
2013-03-04,6.25,6.52,6.18,6.29,1089703,36573504.00
2013-03-05,6.21,6.50,6.21,6.49,898289,30743710.00
2013-03-06,6.50,6.75,6.46,6.61,747625,26189282.00
2013-03-07,6.60,6.60,6.26,6.34,1155630,39043248.00
2013-03-08,6.35,6.40,6.08,6.16,846969,27982958.00
2013-03-11,6.19,6.21,6.03,6.15,467219,15250369.00
2013-03-12,6.14,6.21,5.91,6.00,880412,28169932.00
2013-03-13,6.00,6.06,5.93,6.01,389035,12405582.00
2013-03-14,6.01,6.19,5.94,6.04,699378,22644208.00
2013-03-15,6.08,6.31,6.05,6.17,567867,18646300.00
2013-03-18,6.21,6.26,6.08,6.09,332528,10892390.00
2013-03-19,6.08,6.15,5.83,5.96,707308,22431620.00
2013-03-20,5.94,6.15,5.93,6.15,697835,22573868.00
2013-03-21,6.17,6.39,6.17,6.32,714441,23991226.00
2013-03-22,6.32,6.52,6.24,6.37,588391,19958844.00
2013-03-25,6.34,6.48,6.28,6.45,566454,19212434.00
2013-03-26,6.47,6.50,6.16,6.39,705774,23734454.00
2013-03-27,6.38,6.47,6.25,6.43,466563,15820907.00
2013-03-28,6.40,6.40,6.17,6.34,543740,18231184.00
2013-03-29,6.34,6.37,6.16,6.17,447343,14877511.00
2013-04-01,6.22,6.54,6.15,6.52,789250,26675366.00
2013-04-02,6.56,6.70,6.29,6.46,954111,32999572.00
2013-04-03,6.39,6.46,6.28,6.33,522338,17629272.00
2013-04-08,6.28,6.96,6.25,6.95,1130327,39698524.00
2013-04-09,6.83,6.87,6.74,6.83,888179,32032068.00
2013-04-10,6.80,6.81,6.53,6.70,756852,26827030.00
2013-04-11,6.65,6.78,6.61,6.73,382119,13538935.00
2013-04-12,6.66,7.25,6.64,7.12,953428,35232320.00
2013-04-15,7.08,7.35,6.95,7.14,1061841,40316656.00
2013-04-16,7.01,7.13,6.79,6.94,1013717,37116852.00
2013-04-17,6.97,7.33,6.89,7.32,1095137,41301988.00
2013-04-18,7.21,7.47,7.13,7.31,915470,35173784.00
2013-04-19,7.27,7.42,7.16,7.31,1003004,38708912.00
2013-04-22,7.31,7.55,7.15,7.53,964227,37666680.00
2013-04-23,7.52,7.52,7.14,7.18,1094966,42139664.00
2013-04-24,7.14,7.34,7.00,7.06,1816952,68667008.00
2013-04-25,6.97,7.31,6.91,7.00,1351003,50988268.00
2013-04-26,7.02,7.09,6.90,6.96,945302,34985840.00
2013-05-02,6.96,7.28,6.83,7.10,948309,35721292.00
2013-05-03,7.16,7.37,7.16,7.26,1073116,41384412.00
2013-05-06,7.19,7.66,7.19,7.44,847799,33573152.00
2013-05-07,7.41,7.66,7.25,7.33,676041,26624788.00
2013-05-08,7.33,7.93,7.28,7.88,1090723,44272540.00
2013-05-09,7.88,8.01,7.68,7.88,1092362,45447568.00
2013-05-10,7.86,8.14,7.69,7.99,631766,26326056.00
2013-05-13,7.95,8.29,7.74,7.76,690541,28540582.00
2013-05-14,7.87,7.95,7.66,7.88,558392,23034786.00
2013-05-15,7.86,8.05,7.79,7.95,688211,28800334.00
2013-05-16,8.01,8.19,7.61,7.76,1375003,57254668.00
2013-05-17,7.73,8.34,7.68,8.25,993360,42171824.00
2013-05-20,8.12,8.21,7.95,8.17,1021377,43667296.00
2013-05-21,8.09,8.63,7.99,8.42,1261750,55529960.00
2013-05-22,8.35,8.61,8.20,8.28,716641,31808690.00
2013-05-23,8.25,8.73,8.11,8.46,772102,34609320.00
2013-05-24,8.44,9.09,8.42,9.08,909195,42046972.00
2013-05-27,9.01,9.55,9.01,9.46,1294183,63358548.00
2013-05-28,9.46,9.48,8.82,8.88,1511800,71851200.00
2013-05-29,8.83,9.11,8.73,8.83,859242,40149236.00
2013-05-30,8.83,9.23,8.83,9.17,995010,47633680.00
2013-05-31,9.39,9.86,9.16,9.23,1850656,70380584.00
2013-06-03,9.16,9.53,8.76,8.78,1398784,51819804.00
2013-06-04,8.78,8.78,8.26,8.46,1721627,59234112.00
2013-06-05,8.42,8.74,8.40,8.60,1332172,46393176.00
2013-06-06,8.55,8.85,8.55,8.80,899090,31777172.00
2013-06-07,8.80,8.93,8.60,8.60,806867,28460546.00
2013-06-13,8.43,8.93,8.30,8.93,1136701,40072608.00
2013-06-14,8.84,9.43,8.65,9.43,1251345,46723020.00
2013-06-17,9.44,9.78,9.15,9.67,1368426,52755912.00
2013-06-18,9.58,9.76,9.24,9.54,823747,31481448.00
2013-06-19,9.40,9.54,9.23,9.43,607236,22977962.00
2013-06-20,9.41,9.59,8.90,8.90,1127847,41925068.00
2013-06-21,8.64,9.12,8.44,8.94,1064915,37600244.00
2013-06-24,8.86,8.86,8.19,8.47,1036624,35637440.00
2013-06-25,8.29,8.69,7.82,8.49,1215387,40566188.00
2013-06-26,8.43,9.04,8.43,8.93,865684,30840590.00
2013-06-27,8.99,9.25,8.73,8.92,900467,32850752.00
2013-06-28,8.78,9.01,8.65,8.90,618424,22039508.00
2013-07-01,8.91,9.35,8.76,9.33,1024061,37543376.00
2013-07-02,9.38,9.55,9.17,9.50,1150299,43958756.00
2013-07-03,9.41,9.62,9.33,9.52,823737,31736964.00
2013-07-04,9.40,9.57,9.15,9.29,767542,29043458.00
2013-07-05,9.23,9.50,9.15,9.25,459575,17324836.00
2013-07-08,9.25,10.08,9.15,9.95,1685517,66302352.00
2013-07-09,10.13,10.78,9.88,10.41,2255726,94855136.00
2013-07-10,10.21,10.66,10.21,10.36,1430770,60229328.00
2013-07-11,10.24,10.51,10.20,10.36,847769,35348696.00
2013-07-12,10.36,11.36,10.32,11.27,1590123,70155704.00
2013-07-15,11.16,11.92,11.07,11.61,1503134,69518544.00
2013-07-16,11.53,12.01,11.16,11.50,799984,36770860.00
2013-07-17,11.62,11.62,10.84,10.86,1543361,69467832.00
2013-07-18,10.94,11.40,10.63,10.84,1782426,78229424.00
2013-07-19,10.91,11.74,10.91,11.28,1789762,82019912.00
2013-07-22,11.29,12.02,11.18,11.94,1317111,62443216.00
2013-07-23,11.80,12.24,11.72,12.15,1271251,61196640.00
2013-07-24,12.14,12.44,11.92,12.25,1089691,53667804.00
2013-07-25,12.09,12.21,11.16,11.25,1431106,66694736.00
2013-07-26,11.21,11.76,10.97,11.67,951022,43842304.00
2013-07-29,11.62,11.92,11.29,11.41,598581,28083238.00
2013-07-30,11.39,11.54,10.91,11.09,601546,27020920.00
2013-07-31,11.14,11.71,11.06,11.42,412405,18953784.00
2013-08-01,11.43,12.35,11.43,12.31,1012216,48993040.00
2013-08-02,12.33,12.84,12.06,12.33,854456,42904544.00
2013-08-05,12.30,12.79,12.17,12.53,537187,26988292.00
2013-08-06,12.43,12.82,12.01,12.28,871024,43091744.00
2013-08-07,12.16,12.67,11.92,12.37,866311,42953076.00
2013-08-08,12.37,12.53,12.17,12.24,400781,19872920.00
2013-08-09,12.20,12.33,11.92,12.13,356829,17350138.00
2013-08-12,12.12,12.12,11.37,11.68,1104651,52118100.00
2013-08-13,11.50,11.94,11.34,11.70,926178,43364348.00
2013-08-14,11.74,11.89,11.64,11.83,464767,22059524.00
2013-08-15,11.93,11.93,11.50,11.52,376075,17723424.00
2013-08-16,11.52,11.78,10.41,10.85,2218270,98560616.00
2013-08-19,10.81,11.39,10.54,11.38,1266436,55912116.00
2013-08-20,11.35,11.64,11.19,11.48,642664,29449926.00
2013-08-21,11.42,11.44,11.04,11.31,606821,27390092.00
2013-08-22,11.29,11.29,10.75,11.15,768121,34309856.00
2013-08-23,11.16,11.39,10.96,11.38,982272,44217400.00
2013-08-26,11.38,12.39,11.31,11.62,1026908,48484388.00
2013-08-27,11.64,11.64,11.17,11.53,828277,37928456.00
2013-08-28,11.37,11.37,11.06,11.10,561514,25428414.00
2013-08-29,11.09,11.28,10.94,11.02,441709,19660982.00
2013-08-30,10.92,11.19,10.66,10.71,613082,27070994.00
2013-09-02,10.71,11.18,10.66,11.11,372082,16500860.00
2013-09-03,11.03,11.74,11.03,11.70,1218196,56237092.00
2013-09-04,11.74,11.98,11.44,11.92,1170508,55225676.00
2013-09-05,11.82,12.04,11.80,11.84,888144,42612752.00
2013-09-06,11.67,12.04,11.44,11.67,902548,42428952.00
2013-09-09,11.66,11.66,11.08,11.42,715789,32837476.00
2013-09-10,11.67,11.67,11.20,11.47,576722,26552128.00
2013-09-11,11.42,11.42,11.04,11.16,648578,29157452.00
2013-09-12,11.15,11.92,11.15,11.39,720752,33316984.00
2013-09-13,11.30,11.91,11.30,11.87,995146,46885576.00
2013-09-16,11.91,12.54,11.75,12.29,1177046,58243460.00
2013-09-17,12.29,12.42,11.92,11.99,579811,28478076.00
2013-09-18,11.94,12.82,11.94,12.40,756837,37832964.00
2013-09-23,12.23,12.49,12.12,12.37,876730,43570568.00
2013-09-24,12.42,12.62,12.17,12.40,599752,29921378.00
2013-09-25,12.55,12.55,12.08,12.10,758228,37305948.00
2013-09-26,12.05,13.17,12.05,13.08,1109717,56564372.00
2013-09-27,13.13,13.74,12.92,13.17,1023488,55077944.00
2013-09-30,13.33,14.39,13.15,14.30,884420,49474108.00
2013-10-08,14.38,14.86,13.96,14.52,674197,38665616.00
2013-10-09,14.31,14.63,14.05,14.43,660409,37989896.00
2013-10-10,14.38,14.65,13.69,13.90,807446,45714408.00
2013-10-11,13.86,14.13,13.68,13.79,793447,44312000.00
2013-10-14,13.80,14.54,13.80,14.18,1120167,64439228.00
2013-10-15,15.44,15.61,15.17,15.61,1287210,80345968.00
2013-10-16,16.13,16.38,15.06,15.71,2474437,155342448.00
2013-10-17,15.69,15.71,14.93,15.19,1025983,62939596.00
2013-10-18,14.95,15.56,14.70,15.19,707289,42798528.00
2013-10-21,15.19,16.02,15.19,15.57,1000110,62699240.00
2013-10-22,15.49,15.49,14.54,14.71,978657,58971620.00
2013-10-23,14.68,14.68,13.85,14.18,916629,52462352.00
2013-10-24,14.20,14.98,14.19,14.56,950867,55978748.00
2013-10-25,14.49,14.58,13.93,14.25,498284,28515706.00
2013-10-28,14.26,15.06,14.13,14.66,505825,29879592.00
2013-10-29,14.68,15.41,14.06,15.14,1097163,65375508.00
2013-10-30,15.14,15.41,14.83,15.27,598562,36108492.00
2013-10-31,15.19,15.30,14.31,14.33,662319,38849308.00
2013-11-01,14.20,14.90,13.35,13.68,1962374,109185392.00
2013-11-04,13.45,13.89,13.43,13.54,966152,52799472.00
2013-11-05,13.55,13.77,13.43,13.77,507655,27912746.00
2013-11-06,13.70,13.85,13.27,13.29,637468,34959956.00
2013-11-07,13.18,13.51,13.17,13.40,446598,23972360.00
2013-11-08,13.27,13.56,13.14,13.49,410178,22061470.00
2013-11-11,13.45,13.99,13.38,13.97,432624,24057136.00
2013-11-12,14.08,14.78,13.68,14.65,931773,53564128.00
2013-11-13,14.56,14.76,14.09,14.18,489602,28214614.00
2013-11-14,14.03,14.58,13.93,14.49,397410,22937312.00
2013-11-15,14.26,14.88,14.26,14.71,577932,34189704.00
2013-11-18,14.71,15.18,14.66,14.69,562730,33723152.00
2013-11-19,14.69,14.88,14.44,14.55,327278,19271122.00
2013-11-20,14.53,14.53,14.16,14.46,449643,25890856.00
2013-11-21,14.43,14.47,14.16,14.26,386468,22134326.00
2013-11-22,14.34,14.93,14.34,14.57,434395,25645218.00
2013-11-25,14.48,14.57,14.13,14.24,567358,32485556.00
2013-11-26,14.18,14.85,14.18,14.61,620363,36529740.00
2013-11-27,14.61,15.06,14.56,14.93,555915,33214938.00
2013-11-28,14.95,15.58,14.95,15.47,775480,48012576.00
2013-11-29,15.47,15.49,15.19,15.39,336056,20643872.00
2013-12-02,14.60,14.78,13.83,13.83,1470678,83646272.00
2013-12-03,13.46,14.28,13.05,14.20,1157853,63917516.00
2013-12-04,14.15,14.36,13.60,13.64,790187,44327760.00
2013-12-05,13.47,13.55,12.42,12.67,1514913,78892512.00
2013-12-06,12.55,12.82,12.44,12.55,726141,36907324.00
2013-12-09,12.61,13.15,12.57,13.12,590872,30777724.00
2013-12-10,13.01,13.14,12.85,12.88,218194,11379482.00
2013-12-11,12.80,13.14,12.80,12.94,198949,10369477.00
2013-12-12,12.95,13.42,12.92,13.30,417026,22222084.00
2013-12-13,13.30,13.35,13.10,13.26,247086,13138260.00
2013-12-16,13.25,13.37,13.02,13.34,349283,18587420.00
2013-12-17,13.37,13.37,12.85,12.97,428326,22463632.00
2013-12-18,12.97,13.16,12.93,13.13,123834,6498193.50
2013-12-19,13.00,13.38,12.93,13.13,322082,17112330.00
2013-12-20,13.13,13.40,13.13,13.22,271940,14543411.00
2013-12-23,13.20,13.90,13.08,13.85,707529,38613560.00
2013-12-24,13.85,14.21,13.60,14.13,456077,25701224.00
2013-12-25,14.29,14.31,13.98,14.12,418279,23868790.00
2013-12-26,14.06,14.28,13.92,13.93,291818,16485494.00
2013-12-27,13.82,14.26,13.73,14.15,318790,18113228.00
2013-12-30,14.18,14.49,14.13,14.49,400130,23015684.00
2013-12-31,14.30,14.71,14.20,14.60,367658,21469264.00
2014-01-02,14.60,14.81,14.38,14.76,271594,15969575.00
2014-01-03,14.56,14.91,14.56,14.64,251399,14878411.00
2014-01-06,14.50,14.83,14.31,14.38,406824,23722066.00
2014-01-07,14.20,14.66,14.20,14.63,309363,18076252.00
2014-01-08,14.63,15.21,14.59,14.79,457790,27428616.00
2014-01-09,14.81,14.85,14.46,14.46,379822,22367840.00
2014-01-10,14.38,14.68,14.23,14.26,325407,18877406.00
2014-01-13,14.26,14.55,14.18,14.41,257986,14889664.00
2014-01-14,14.52,14.55,14.30,14.49,330508,19180148.00
2014-01-15,14.51,15.35,14.49,15.32,1229115,74681232.00
2014-01-16,15.21,15.43,14.85,15.20,332648,20179570.00
2014-01-17,15.24,15.44,15.07,15.19,324203,19897728.00
2014-01-20,15.19,15.53,14.74,14.75,378012,22876138.00
2014-01-21,14.93,15.18,14.70,14.87,269149,16141190.00
2014-01-22,14.93,15.16,14.79,15.08,426728,25758864.00
2014-01-23,15.09,15.76,15.09,15.32,807249,50338196.00
2014-01-24,14.94,15.44,14.71,15.19,957266,58004996.00
2014-01-27,15.06,15.17,14.77,14.93,773424,46511804.00
2014-01-28,14.93,15.05,14.51,14.63,612660,36307680.00
2014-01-29,14.58,14.93,14.58,14.91,337867,20151304.00
2014-01-30,14.91,15.69,14.71,15.67,1048985,64809252.00
2014-02-28,16.45,16.45,14.13,15.05,1647805,98593928.00
2014-03-03,14.88,16.05,14.18,15.97,1409828,87780704.00
2014-03-04,15.69,16.94,15.58,16.72,1549235,102627752.00
2014-03-05,17.02,18.40,17.00,18.40,1824789,130373616.00
2014-03-06,18.75,18.87,17.48,18.32,1260251,92047648.00
2014-03-07,18.28,18.75,17.88,18.33,746491,54984776.00
2014-03-10,18.26,19.42,17.70,18.20,1433732,107219352.00
2014-03-11,17.86,18.69,17.66,17.68,953053,69125576.00
2014-03-12,17.65,18.91,17.59,18.28,849937,61842084.00
2014-03-13,18.23,19.18,17.98,19.03,741797,55816668.00
2014-03-14,18.88,20.11,18.60,19.82,694914,54565268.00
2014-03-17,19.61,20.33,19.46,19.82,509213,40781224.00
2014-03-18,19.71,20.20,19.31,19.54,681091,53943468.00
2014-03-19,19.54,19.71,18.96,19.39,427907,33169262.00
2014-03-20,19.40,20.34,18.93,19.42,727707,57402696.00
2014-03-21,19.16,19.41,18.33,18.48,1014018,76235288.00
2014-03-24,18.31,18.73,17.70,17.95,534150,38620224.00
2014-03-25,17.96,18.83,17.96,18.55,664010,49294912.00
2014-03-26,18.70,20.04,18.52,20.01,663378,51887340.00
2014-03-27,19.85,19.96,19.11,19.14,391647,30685402.00
2014-03-28,18.95,19.21,17.63,18.15,1120503,82673392.00
2014-03-31,18.22,19.76,17.64,19.16,878635,66878680.00
2014-04-01,19.41,19.68,18.71,19.46,295707,22756746.00
2014-04-02,19.66,19.66,18.47,18.71,441848,33586152.00
2014-04-03,18.71,18.83,18.12,18.28,385035,28484228.00
2014-04-04,18.29,18.75,18.01,18.46,384283,28281256.00
2014-04-08,18.60,19.05,18.24,19.03,716738,53143992.00
2014-04-09,18.91,20.01,18.91,19.95,730543,57694240.00
2014-04-10,19.95,20.81,19.46,19.56,640130,51878356.00
2014-04-11,19.35,20.21,18.98,19.88,301067,23786222.00
2014-04-14,19.72,20.72,19.72,20.28,392342,32143674.00
2014-04-15,20.28,21.23,20.22,20.75,695843,58105968.00
2014-04-16,20.75,21.16,20.35,20.38,300325,24928692.00
2014-04-17,20.40,20.79,20.08,20.15,238442,19388276.00
2014-04-18,19.99,21.09,19.99,20.94,338974,28155792.00
2014-04-21,20.82,21.09,20.41,20.62,402222,33436986.00
2014-04-22,20.82,20.82,19.72,19.96,584203,47112760.00
2014-04-23,19.71,19.96,18.83,18.95,664747,51229964.00
2014-04-24,19.13,19.13,17.69,18.03,710900,51739876.00
2014-04-25,17.70,18.55,17.49,17.88,632385,45586304.00
2014-04-28,17.88,17.88,16.47,17.42,560030,38781176.00
2014-04-29,17.32,17.85,16.69,17.15,496298,34553076.00
2014-04-30,17.20,17.62,16.69,17.48,383257,26612854.00
2014-05-05,17.48,18.11,17.25,17.50,410906,29128432.00
2014-05-06,17.50,17.72,17.08,17.47,574729,40151212.00
2014-05-07,17.27,17.27,16.48,16.79,968470,65209768.00
2014-05-08,16.50,16.87,16.36,16.66,554793,36987708.00
2014-05-09,16.65,16.65,16.19,16.22,235056,15464161.00
2014-05-12,16.22,16.68,15.74,16.68,428608,28023826.00
2014-05-13,16.70,16.92,16.46,16.90,296150,19942690.00
2014-05-14,16.89,17.44,16.75,16.87,302004,20739236.00
2014-05-15,16.87,17.25,16.84,16.87,186316,12736736.00
2014-05-16,16.84,16.84,15.65,16.54,600670,38563428.00
2014-05-19,16.19,16.32,15.83,16.26,338341,21776546.00
2014-05-20,16.27,16.82,16.27,16.35,218302,14521987.00
2014-05-21,16.07,16.46,16.07,16.27,213609,13911503.00
2014-05-22,16.19,17.06,16.19,16.82,512629,34278088.00
2014-05-23,16.68,16.98,16.47,16.95,373035,25023052.00
2014-05-26,16.98,17.88,16.97,17.77,785950,55516792.00
2014-05-27,17.77,17.85,17.53,17.71,346185,24559900.00
2014-05-28,17.76,18.39,17.76,18.39,542392,39605520.00
2014-05-29,18.33,18.94,18.30,18.44,645105,47974820.00
2014-05-30,18.45,18.45,17.83,18.16,288104,20960208.00
2014-06-03,18.33,18.44,17.87,17.95,204747,14859828.00
2014-06-04,17.95,17.95,17.21,17.73,581029,23988582.00
2014-06-05,17.57,18.49,17.57,18.14,533744,22754898.00
2014-06-06,17.98,18.49,17.86,18.15,543646,23306556.00
2014-06-09,18.33,18.33,17.34,17.38,559335,23288758.00
2014-06-10,17.38,17.79,17.21,17.71,514232,21283768.00
2014-06-11,17.76,18.45,17.71,18.38,1090858,46738140.00
2014-06-12,18.28,19.26,18.06,18.75,1377755,60798296.00
2014-06-13,18.71,19.39,18.48,19.22,1081537,48725280.00
2014-06-16,19.28,19.77,19.05,19.11,520981,23603452.00
2014-06-17,19.14,19.32,18.58,18.63,514078,22761190.00
2014-06-18,18.62,18.89,18.52,18.58,306663,13475245.00
2014-06-19,18.42,18.98,18.22,18.23,525176,22953550.00
2014-06-20,18.35,18.49,17.64,18.15,451924,19259238.00
2014-06-23,18.27,18.90,18.17,18.65,701526,30790304.00
2014-06-24,18.65,19.35,18.41,18.41,946090,41979876.00
2014-06-25,18.28,18.28,17.59,17.98,1226212,51493268.00
2014-06-26,17.85,18.40,17.76,18.27,902172,38509624.00
2014-06-27,18.27,18.38,17.92,18.23,574214,24603856.00
2014-06-30,18.23,18.61,17.96,18.61,798841,34352284.00
2014-07-01,18.62,18.83,18.45,18.77,818171,35983152.00
2014-07-02,18.77,19.09,18.50,18.73,662185,29179934.00
2014-07-03,18.73,20.61,18.66,20.61,3311695,156322976.00
2014-07-04,21.02,21.02,19.91,20.22,1843949,87769288.00
2014-07-07,20.20,20.34,19.50,19.72,1108972,51642956.00
2014-07-08,19.59,19.92,19.24,19.77,796977,36730660.00
2014-07-09,19.77,19.95,19.18,19.25,824119,37802452.00
2014-07-10,19.09,19.92,19.08,19.60,877216,40560996.00
2014-07-11,19.39,19.53,19.27,19.38,508048,23176604.00
2014-07-14,19.67,19.67,18.65,19.00,1025222,45859900.00
2014-07-15,18.82,19.24,18.79,19.04,592015,26475994.00
2014-07-16,19.13,19.19,18.06,18.33,840355,36515204.00
2014-07-17,18.32,18.68,18.11,18.38,449823,19495628.00
2014-07-18,18.32,18.40,17.09,17.94,1494134,62116092.00
2014-07-21,17.72,18.28,17.56,18.27,921875,39148660.00
2014-07-22,18.28,18.49,17.94,18.37,635749,27309812.00
2014-07-23,18.12,18.66,17.42,17.73,1294737,54678916.00
2014-07-24,17.68,17.68,16.47,16.70,2357532,93713136.00
2014-07-25,16.76,17.11,16.61,17.11,1356482,53614144.00
2014-07-28,17.12,17.63,16.87,17.63,1311774,53061888.00
2014-07-29,17.63,17.86,17.51,17.67,704168,29232374.00
2014-07-30,17.43,17.67,17.43,17.53,988782,40840280.00
2014-07-31,17.43,17.80,17.43,17.59,570648,23703794.00
2014-08-01,17.59,17.80,17.42,17.56,1160200,48154312.00
2014-08-04,17.44,17.63,15.79,16.74,4919393,192984640.00
2014-08-05,16.35,17.01,16.15,16.93,2651473,103049864.00
2014-08-06,16.90,17.21,16.74,17.17,2140842,85776392.00
2014-08-07,17.13,17.24,16.87,17.11,1121483,45026744.00
2014-08-08,17.06,17.44,17.04,17.12,1097120,44493076.00
2014-08-11,17.23,17.31,16.78,17.27,2043763,82203376.00
2014-08-12,17.24,17.85,17.17,17.81,1770543,72494552.00
2014-08-13,17.81,17.85,17.44,17.59,1426916,58969424.00
2014-08-14,17.64,17.76,17.42,17.58,826173,34239172.00
2014-08-15,17.64,17.89,17.64,17.74,742785,31086552.00
2014-08-18,17.91,18.66,17.85,18.56,1458606,63290976.00
2014-08-19,18.58,18.62,18.25,18.36,901984,38976360.00
2014-08-20,18.35,18.52,18.01,18.19,981947,42108868.00
2014-08-21,18.24,18.34,17.58,18.15,1249053,52722116.00
2014-08-22,18.12,18.91,18.10,18.88,1744025,76462208.00
2014-08-25,18.88,18.88,18.29,18.43,884474,38409704.00
2014-08-26,18.56,18.60,17.78,17.85,1022344,43404480.00
2014-08-27,17.85,18.22,17.76,17.82,730047,30712886.00
2014-08-28,17.92,18.02,17.49,17.64,793099,33001986.00
2014-08-29,17.53,17.87,17.51,17.85,480075,20065678.00
2014-09-01,17.96,18.51,17.85,18.32,1182291,50809984.00
2014-09-02,18.35,18.62,18.21,18.28,1385704,60021684.00
2014-09-03,18.28,18.53,18.27,18.46,1108700,48009080.00
2014-09-04,18.53,18.60,18.31,18.60,888335,38523612.00
2014-09-05,18.65,18.68,18.36,18.42,863820,37465028.00
2014-09-09,18.41,18.41,18.15,18.21,1065340,45701440.00
2014-09-10,18.19,18.39,18.07,18.38,840156,36088296.00
2014-09-11,18.48,18.69,18.20,18.40,1684036,73210632.00
2014-09-12,18.35,18.36,18.02,18.26,950388,40576580.00
2014-09-15,18.24,18.38,18.06,18.22,1004321,42913092.00
2014-09-16,18.21,18.29,17.43,17.53,1532324,64240640.00
2014-09-17,17.53,17.76,17.36,17.65,994276,41107940.00
2014-09-18,17.74,17.79,17.47,17.67,560250,23298302.00
2014-09-19,17.72,17.83,17.60,17.64,611389,25459066.00
2014-09-22,17.63,18.01,17.43,17.71,854605,35576912.00
2014-09-23,17.68,17.93,17.56,17.73,638633,26656018.00
2014-09-24,17.73,17.96,17.62,17.82,867377,36288324.00
2014-09-25,17.85,18.15,17.66,17.74,1155168,48829172.00
2014-09-26,17.72,18.00,17.66,17.94,679264,28581672.00
2014-09-29,17.98,18.07,17.85,18.00,1020709,43167600.00
2014-09-30,18.06,18.56,18.00,18.49,1813742,78623576.00
2014-10-08,18.58,19.28,18.58,19.28,2228239,99974184.00
2014-10-09,19.26,19.28,18.75,19.08,1754274,78589488.00
2014-10-10,18.98,19.00,18.56,18.68,1160289,51214412.00
2015-01-09,18.71,20.55,16.80,20.55,12204318,558947904.00
2015-01-12,19.99,22.62,19.82,22.62,7487957,374381344.00
2015-01-13,22.98,22.98,21.67,21.87,5156527,268301472.00
2015-01-14,21.70,22.72,21.44,22.12,3234517,168315552.00
2015-01-15,21.77,22.31,21.06,21.25,3312194,167088464.00
2015-01-16,20.96,21.75,20.84,21.35,2789099,139557760.00
2015-01-19,20.88,23.50,20.85,23.06,7404671,398635328.00
2015-01-20,23.41,25.12,22.55,24.76,5768076,327318752.00
2015-01-21,24.56,24.89,24.26,24.50,4002499,230479008.00
2015-01-22,24.31,26.95,24.31,26.95,4368684,267242464.00
2015-01-23,26.76,26.76,25.33,26.10,3853621,233805296.00
2015-01-26,25.72,26.30,25.31,25.86,2771714,167595296.00
2015-01-27,26.07,26.08,24.60,25.08,4081121,241057056.00
2015-01-28,25.07,25.33,24.26,24.98,2358992,137905904.00
2015-01-29,24.81,25.76,24.27,24.44,2573259,151112848.00
2015-01-30,24.35,24.35,23.62,23.67,2709608,152294384.00
2015-02-02,23.19,24.26,23.08,24.05,2498833,140697184.00
2015-02-03,23.83,25.01,23.81,24.09,3799496,218572528.00
2015-02-04,24.05,24.05,23.19,23.37,3249627,179035200.00
2015-02-05,23.40,25.59,23.24,25.41,6609887,385056832.00
2015-02-06,25.33,25.33,23.98,24.26,3376577,194202944.00
2015-02-09,23.83,24.17,23.20,23.23,2564832,142167904.00
2015-02-10,23.34,25.03,22.69,24.36,4709421,270904096.00
2015-02-11,24.26,25.11,23.75,24.07,3358859,193068288.00
2015-02-12,23.96,25.96,23.62,25.76,3653248,214847344.00
2015-02-13,25.76,26.73,25.18,25.84,4256202,259088352.00
2015-02-16,25.83,28.41,25.33,27.72,4662179,295626336.00
2015-02-17,27.79,30.24,27.47,29.48,3410424,231715184.00
2015-02-25,29.39,31.10,28.38,28.74,3952334,278829568.00
2015-02-26,28.71,29.34,27.04,28.53,2972947,194882528.00
2015-02-27,28.53,31.18,28.36,30.67,4091359,285414624.00
2015-03-02,30.57,31.73,29.30,31.01,4660554,334575552.00
2015-03-03,30.71,31.61,29.83,30.09,3431496,248185968.00
2015-03-04,29.39,33.06,29.39,32.23,4636525,346732256.00
2015-03-05,32.22,32.59,31.01,31.13,3141205,232951024.00
2015-03-06,30.87,31.50,29.25,29.61,2948810,208588592.00
2015-03-09,29.75,31.91,28.96,31.10,2631918,190567520.00
2015-03-10,31.10,32.38,31.10,32.17,2903896,216954768.00
2015-03-11,31.62,32.17,30.78,31.10,1851440,135480416.00
2015-03-12,30.94,31.04,29.30,31.04,2405047,170406240.00
2015-03-13,30.69,33.08,29.86,32.73,2990309,221530144.00
2015-03-16,33.02,35.53,32.89,35.24,3653133,298473152.00
2015-03-17,35.24,37.42,34.26,35.39,2933949,244889968.00
2015-03-18,35.37,35.80,34.26,35.31,2475648,203898192.00
2015-03-19,34.95,35.37,33.32,34.09,2450782,196697664.00
2015-03-20,34.01,34.89,33.71,34.30,1832158,147769232.00
2015-03-23,34.30,36.47,33.68,35.37,3247938,267806880.00
2015-03-24,35.37,35.74,33.11,33.62,5696342,453453952.00
2015-03-25,33.45,33.49,32.08,33.06,6591164,503569312.00
2015-03-26,33.06,34.32,31.96,32.15,5369028,418285664.00
2015-03-27,31.40,33.09,31.40,32.76,2588416,197963472.00
2015-03-30,33.17,33.17,31.01,31.78,5350565,399364288.00
2015-03-31,34.52,34.97,32.81,34.97,5735284,461271296.00
2015-04-01,36.65,38.48,36.57,38.48,8404639,751771648.00
2015-04-02,39.00,40.40,37.28,38.71,6142230,554316672.00
2015-04-03,37.95,39.35,37.10,38.35,3869035,348154368.00
2015-04-07,38.14,42.00,37.65,40.50,4038261,380107200.00
2015-04-08,40.61,40.80,37.45,38.47,4221945,382603648.00
2015-04-09,41.70,42.32,39.26,42.32,6385169,615707328.00
2015-04-10,46.48,46.56,45.21,46.56,1852549,201641856.00
2015-04-13,51.23,51.23,51.23,51.23,389258,46753780.00
2015-04-14,56.36,56.36,56.36,56.36,1266796,167369088.00
2015-04-15,57.81,62.01,55.48,57.12,8998492,1243820160.00
2015-04-16,53.80,62.84,53.80,62.67,5819796,833000704.00
2015-04-17,60.15,61.41,56.39,56.39,7225626,984584960.00
2015-04-20,55.71,61.01,52.04,53.06,5377577,717838528.00
2015-04-21,53.06,58.38,53.01,58.38,4352708,572753792.00
2015-04-22,59.73,64.02,58.60,62.87,4538143,656913472.00
2015-04-23,61.74,69.16,61.44,69.16,3412130,537607936.00
2015-04-24,69.08,71.93,63.79,69.56,4537919,723901824.00
2015-04-27,68.50,70.30,64.00,65.94,3667147,575644672.00
2015-04-28,65.29,66.57,59.34,59.34,3626151,519519104.00
2015-04-29,58.24,64.00,56.61,59.95,4378706,479757152.00
2015-04-30,59.94,64.81,58.06,60.70,7009174,782904448.00
2015-05-04,58.48,61.89,55.49,59.39,3785671,402724928.00
2015-05-05,58.39,59.33,55.50,55.60,4016464,408603680.00
2015-05-06,56.27,61.11,56.27,58.36,6437168,689010112.00
2015-05-07,57.71,62.27,56.93,59.58,3583061,388368640.00
2015-05-08,59.99,65.55,59.94,65.55,7105667,833109056.00
2015-05-11,68.00,72.11,63.83,72.11,8124381,1007231680.00
2015-05-12,74.39,79.33,74.11,79.33,4596718,648810112.00
2015-05-13,79.11,80.13,71.61,75.43,8022193,1093498496.00
2015-05-14,74.39,75.36,68.76,71.33,5594673,732387776.00
2015-05-15,69.94,73.01,66.61,70.78,4204417,530064256.00
2015-05-18,72.17,76.61,70.23,70.89,4895109,650201920.00
2015-05-19,69.53,72.59,64.87,71.06,6291534,772537088.00
2015-05-20,69.94,73.08,67.58,70.33,5452394,692337024.00
2015-05-21,71.06,77.34,68.87,75.19,7029451,933430144.00
2015-05-22,75.25,76.48,68.56,69.94,6820900,873121024.00
2015-05-25,65.49,68.82,64.11,65.71,6530786,780233984.00
2015-05-26,65.06,67.72,64.67,67.72,6090322,730211520.00
2015-05-27,66.61,67.11,61.22,62.22,11316461,1288649344.00
2015-05-28,62.32,67.78,59.84,64.67,10267249,1170818304.00
2015-05-29,64.67,71.11,61.00,68.03,10327907,1254110592.00
2015-06-01,68.95,74.15,68.95,72.64,7622499,989604992.00
2015-06-02,72.87,77.22,71.61,74.77,7305638,990607104.00
2015-06-03,74.11,76.61,70.83,75.22,6005238,787872576.00
2015-06-04,73.83,82.74,71.83,82.74,9788019,1381020416.00
2015-06-05,85.44,86.92,77.85,77.97,6772840,1006739264.00
2015-06-08,75.51,77.06,70.17,70.17,6887961,889224960.00
2015-06-09,67.49,70.38,64.97,68.70,7406104,897546496.00
2015-06-10,67.17,71.61,65.82,70.13,5659343,708719232.00
2015-06-11,69.94,71.10,65.87,67.67,5575809,686803520.00
2015-06-12,64.98,69.94,64.75,67.86,8803722,1057905088.00
2015-06-15,68.28,68.28,61.50,62.67,10070344,1154163968.00
2015-06-16,60.77,65.82,56.83,60.78,9119408,995429376.00
2015-06-17,61.31,65.50,59.17,64.06,5717601,642886016.00
2015-06-18,63.28,65.73,57.78,58.67,5723548,644145536.00
2015-06-19,56.11,58.56,52.79,55.49,6401901,640559680.00
2015-06-23,56.06,57.72,51.39,57.16,5067753,506131872.00
2015-06-24,57.72,58.47,53.29,54.38,5304843,527927456.00
2015-06-25,54.21,54.31,51.06,51.67,5630214,531618784.00
2015-06-26,49.39,50.38,46.50,47.05,7812234,675027136.00
2015-06-29,48.83,48.83,42.34,42.34,8574196,679785920.00
2015-06-30,41.61,46.58,38.10,46.58,9601451,734481728.00
2015-07-01,46.39,51.24,45.50,48.55,10952899,977969024.00
2015-07-02,47.58,51.28,44.47,46.94,10144186,876467456.00
2015-07-03,44.67,51.64,42.44,49.38,11923423,1035804032.00
2015-07-06,54.33,54.33,44.44,45.81,13013194,1130807296.00
2015-07-07,41.38,43.83,41.22,41.22,4009130,298624128.00
2015-07-13,45.35,45.35,45.35,45.35,466210,38103344.00
2015-07-14,49.89,49.89,49.89,49.89,672381,60447052.00
2015-07-15,49.94,50.48,44.89,44.89,10795291,918845376.00
2015-07-16,44.89,47.14,40.40,42.72,9722740,768862784.00
2015-07-17,42.72,47.00,42.72,47.00,8034559,657181632.00
2015-07-20,47.44,51.71,47.44,51.71,10110059,926980480.00
2015-07-21,52.40,56.88,51.39,53.63,10204502,1011647552.00
2015-07-22,52.72,54.94,50.56,53.61,7994057,755504832.00
2015-07-23,52.69,56.11,51.77,54.78,5112234,496010688.00
2015-07-24,56.44,58.14,53.04,54.23,5878986,595083200.00
2015-07-27,51.61,53.11,48.80,48.80,5500353,504510976.00
2015-07-28,45.51,49.22,43.92,47.32,8459175,696971648.00
2015-07-29,48.59,49.83,42.58,45.77,13324046,1056179648.00
2015-07-30,45.50,45.67,41.22,41.22,7865604,614343360.00
2015-07-31,40.40,42.11,38.96,41.86,7737688,567228416.00
2015-08-03,41.06,41.61,37.67,38.09,9774652,677664832.00
2015-08-04,38.00,41.72,37.87,41.67,5159650,369396608.00
2015-08-05,41.50,43.49,40.51,41.44,4807968,364357152.00
2015-08-06,39.75,40.61,38.84,39.75,3070755,220826432.00
2015-08-07,40.27,42.71,39.94,42.25,4358307,329020416.00
2015-08-10,43.83,46.48,43.28,46.48,5935325,486136320.00
2015-08-11,46.48,48.13,44.95,45.45,5330876,443306496.00
2015-08-12,44.89,47.22,44.24,46.65,5978802,492296928.00
2015-08-13,45.54,46.58,43.89,46.26,4130592,338290016.00
2015-08-14,46.61,48.59,45.50,45.51,3950506,333574912.00
2015-08-17,45.37,45.37,41.78,43.55,4112298,320595872.00
2015-08-18,43.73,44.53,39.28,39.29,4285436,324864192.00
2015-08-19,37.72,41.41,37.39,41.06,4365577,309058144.00
2015-08-20,42.17,42.49,39.72,39.97,3487438,259950960.00
2015-08-21,38.56,39.94,36.98,37.18,3544868,243392576.00
2015-08-24,35.19,35.19,33.46,33.46,5435277,329248480.00
2015-08-25,32.17,32.44,30.11,30.11,5355100,298680960.00
2015-08-26,30.56,31.54,27.47,27.72,6258887,332943008.00
2015-08-27,29.36,29.94,27.73,29.94,4374723,228317440.00
2015-08-28,30.50,32.94,30.08,32.94,5162491,291351808.00
2015-08-31,32.33,32.39,30.50,30.72,3443202,196556480.00
2015-09-01,29.94,29.94,27.64,27.64,3880404,197706480.00
2015-09-02,25.50,29.39,25.39,28.48,4570071,228513856.00
2015-09-07,29.06,30.94,28.83,29.07,3861215,208335728.00
2015-09-08,28.43,31.98,28.42,31.98,3877129,212589152.00
2015-09-09,32.66,35.11,32.44,35.11,6298593,384820224.00
2015-09-10,33.83,36.61,33.50,34.06,5157999,328926784.00
2015-09-11,33.87,35.22,33.62,34.30,3685649,228042496.00
2015-09-14,34.77,35.60,30.87,30.87,4088623,242189360.00
2015-09-15,28.78,31.58,28.78,29.37,3753006,201869568.00
2015-09-16,29.91,32.32,29.14,32.32,4254388,235951696.00
2015-09-17,33.82,35.43,32.49,32.52,5550302,338136512.00
2015-09-18,33.39,35.22,32.72,34.71,4239514,258979664.00
2015-09-21,34.61,38.19,33.93,38.19,5923900,397203968.00
2015-09-22,38.83,40.22,37.50,38.39,5895661,412975488.00
2015-09-23,37.17,39.46,36.86,38.46,4940014,335832416.00
2015-09-24,39.28,40.02,37.78,39.33,3480956,245854048.00
2015-09-25,38.97,39.83,36.07,36.37,3750352,253590448.00
2015-09-28,36.56,40.01,36.44,40.01,5132195,359864640.00
2015-09-29,39.38,41.33,38.57,39.39,4691769,336808320.00
2015-09-30,39.39,39.94,37.58,38.44,2494519,173216704.00
2015-10-08,40.50,42.29,39.48,40.61,4856541,361355008.00
2015-10-09,40.61,41.11,39.84,40.50,3071248,223842880.00
2015-10-12,41.06,43.53,40.38,41.50,6737560,510311040.00
2015-10-13,40.97,42.54,40.46,42.06,4048212,301466272.00
2015-10-14,41.64,43.26,40.56,42.32,3900626,295508160.00
2015-10-15,41.73,43.94,40.99,43.94,4566933,350537312.00
2015-10-16,43.96,45.18,42.64,43.31,3849928,302524160.00
2015-10-19,43.56,44.11,41.61,43.50,3665449,282334912.00
2015-10-20,43.20,45.61,42.17,45.28,4752797,378058624.00
2015-10-21,45.27,49.63,42.94,43.06,7403197,612115136.00
2015-10-22,43.56,47.37,43.56,47.37,8220767,693218688.00
2015-10-23,51.06,51.06,48.49,49.57,10555755,945883072.00
2015-10-26,49.39,49.58,45.74,47.11,7692690,653566592.00
2015-10-27,46.27,47.55,42.72,46.88,5134580,424887264.00
2015-10-28,46.72,46.72,43.92,44.26,4469259,363001440.00
2015-10-29,45.01,45.82,43.28,44.44,4211715,337919072.00
2015-10-30,44.44,45.49,43.34,44.19,3333497,267166496.00
2015-11-02,42.73,44.78,41.89,42.16,3686229,286789760.00
2015-11-03,42.44,43.60,42.00,42.61,2789711,214672576.00
2015-11-04,43.10,46.26,42.73,46.21,5006250,407984800.00
2015-11-05,45.67,46.38,44.13,44.69,4832238,392667552.00
2015-11-06,45.28,46.63,44.96,46.06,4009145,331134080.00
2015-11-09,45.56,48.27,45.56,47.47,5190186,441196672.00
2015-11-10,47.28,49.28,46.50,47.72,4485347,386094432.00
2015-11-11,47.56,49.11,46.39,48.94,5267133,454891232.00
2015-11-12,49.45,51.61,48.72,49.20,6631401,596613696.00
2015-11-13,47.73,48.28,45.50,45.94,5140834,431804416.00
2015-11-16,44.39,46.23,43.91,46.11,3473415,282719232.00
2015-11-17,46.56,47.17,43.56,43.98,5534256,450418976.00
2015-11-18,44.08,44.36,42.45,42.59,4075060,317081280.00
2015-11-19,42.78,44.11,42.73,43.94,3519188,275361312.00
2015-11-20,43.83,44.36,43.41,44.01,3335386,263628336.00
2015-11-23,44.33,45.11,42.94,43.57,4737796,377399392.00
2015-11-24,43.34,44.36,43.10,44.25,2572379,202272304.00
2015-11-25,44.39,46.81,43.67,46.46,6738076,553555392.00
2015-11-26,46.69,46.70,44.39,44.61,4363398,356146784.00
2015-11-27,44.38,44.38,40.14,40.62,5225451,399643072.00
2015-11-30,40.49,41.97,39.31,41.39,5193769,383919328.00
2015-12-01,41.94,44.69,41.47,42.89,4858613,377662784.00
2015-12-02,42.34,42.67,39.44,41.22,3146383,232066320.00
2015-12-03,41.82,42.64,41.01,42.00,3841523,289879296.00
2015-12-04,42.00,42.44,40.50,40.71,3777968,283592512.00
2015-12-07,41.04,41.43,39.72,40.78,3039396,222812592.00
2015-12-08,40.22,40.56,39.08,39.39,3440627,246337024.00
2015-12-09,39.28,39.28,37.44,38.14,4830004,334088864.00
2015-12-10,38.05,39.26,38.00,38.51,2892740,201666384.00
2015-12-11,37.76,38.21,36.78,37.06,4465499,301040032.00
2015-12-14,36.61,38.16,36.32,38.16,3748843,253627776.00
2015-12-15,38.43,39.74,38.43,39.14,3335042,236105504.00
2015-12-16,39.38,39.77,38.91,39.39,2423533,171899648.00
2015-12-17,39.67,40.88,39.64,40.61,3784428,275749312.00
2015-12-18,40.60,41.93,39.47,40.76,4906499,359250752.00
2015-12-21,41.67,44.17,41.24,41.39,6822790,520986240.00
2015-12-22,41.21,42.33,40.51,42.11,4049456,301281792.00
2015-12-23,41.83,42.00,39.95,40.23,3216729,237274816.00
2015-12-24,40.51,40.87,39.60,40.11,2679631,193318864.00
2015-12-25,40.11,40.73,39.66,39.91,1987918,144365152.00
2015-12-28,39.91,40.49,38.68,38.77,3562344,255186496.00
2015-12-29,39.10,39.27,37.89,39.12,3289016,228292720.00
2015-12-30,39.08,40.00,38.25,38.77,5124817,359470592.00
2015-12-31,39.38,40.11,38.56,38.58,4874204,344781344.00
2016-01-04,38.28,38.33,34.94,35.03,3677525,243086352.00
2016-01-05,33.28,35.96,32.89,34.14,4508202,279357568.00
2016-01-06,34.11,35.19,33.28,34.94,3309774,205223472.00
2016-01-07,33.83,34.17,31.44,31.46,1051952,61776516.00
2016-01-20,34.60,34.60,32.78,33.36,8231733,500288480.00
2016-01-21,32.72,33.15,30.62,30.85,4469252,258531984.00
2016-01-22,31.26,31.62,29.39,30.94,3995191,219141360.00
2016-01-25,31.81,31.89,30.77,31.04,3296209,186123120.00
2016-01-26,30.50,30.71,27.93,28.00,4612860,244221056.00
2016-01-27,28.00,28.39,26.33,28.27,3857166,191466576.00
2016-01-28,27.72,29.27,27.44,27.67,3860019,198862320.00
2016-01-29,27.78,29.67,27.78,29.39,3384789,176324976.00
2016-02-01,29.27,29.42,28.61,29.14,2230799,116699184.00
2016-02-02,29.23,30.78,29.22,30.41,3405133,185663120.00
2016-02-03,29.89,30.78,29.28,30.46,2915443,158367120.00
2016-02-04,30.54,33.51,30.45,32.47,5148801,298902880.00
2016-02-05,32.48,33.00,32.21,32.39,2246725,131814672.00
2016-02-15,31.06,33.99,30.53,33.10,2843872,168486272.00
2016-02-16,33.44,34.17,33.18,33.67,3259335,198298752.00
2016-02-17,33.67,33.71,32.95,33.56,3641765,218252624.00
2016-02-18,33.81,33.98,32.33,32.33,3734136,222284912.00
2016-02-19,32.44,32.83,32.17,32.55,2817088,164723040.00
2016-02-22,33.39,33.39,32.53,32.78,3093981,183160960.00
2016-02-23,32.34,32.76,31.39,32.07,3479314,200824208.00
2016-02-24,32.17,32.82,31.56,32.39,3466654,201378464.00
2016-02-25,31.94,32.17,29.14,29.14,4808907,263438208.00
2016-02-26,28.89,29.58,27.26,27.74,4839853,247160432.00
2016-02-29,27.28,27.59,24.96,24.96,5511623,254200768.00
2016-03-01,24.96,26.04,24.12,25.76,4209794,190448384.00
2016-03-02,25.57,27.64,25.56,27.61,6145260,297491904.00
2016-03-03,27.47,28.83,27.06,27.52,4813292,240932448.00
2016-03-04,27.17,27.66,25.14,25.45,4359306,206328560.00
2016-03-07,26.17,26.87,26.12,26.47,3528375,168799232.00
2016-03-08,26.07,27.38,25.19,27.31,4327298,206982576.00
2016-03-09,26.51,28.89,26.18,27.83,5996991,303719808.00
2016-03-10,27.92,28.16,26.61,26.82,4253251,209217472.00
2016-03-11,26.33,27.47,26.17,27.04,2925500,142234880.00
2016-03-14,27.61,29.08,27.44,28.82,5605366,288292224.00
2016-03-15,29.32,29.39,28.28,28.29,4333118,224920592.00
2016-03-16,28.72,29.08,27.57,27.83,3442661,175635024.00
2016-03-17,27.91,30.58,27.91,30.12,6696253,355284704.00
2016-03-18,30.31,32.17,29.94,31.72,6571379,370789344.00
2016-03-21,32.17,32.50,31.33,31.97,6401642,370085664.00
2016-03-22,31.61,33.65,31.45,32.34,4990286,294244640.00
2016-03-23,32.64,32.98,31.82,32.69,3546309,206938288.00
2016-03-24,32.17,32.54,31.33,31.39,5154430,296650688.00
2016-03-25,31.09,31.89,30.88,31.34,3549570,200188560.00
2016-03-28,31.78,32.22,30.83,30.94,3326415,189811664.00
2016-03-29,30.78,31.55,29.20,30.50,4306852,232923680.00
2016-03-30,30.52,31.82,30.36,31.72,4877892,272759520.00
2016-03-31,31.94,32.08,31.08,31.19,4482336,254814944.00
2016-04-01,31.06,31.33,30.14,30.84,4217225,232773984.00
2016-04-05,30.84,32.55,30.61,32.34,4582230,262560784.00
2016-04-06,32.17,32.54,31.89,32.36,4060991,235701744.00
2016-04-07,32.86,33.10,31.08,31.09,4786853,275588960.00
2016-04-08,30.94,31.04,30.38,30.72,2759769,152548240.00
2016-04-11,31.00,33.80,30.99,33.80,10430140,619738176.00
2016-04-12,34.17,34.94,32.94,33.83,13300714,818721664.00
2016-04-13,33.85,35.49,33.05,34.84,10080674,622644480.00
2016-04-14,34.53,34.86,33.89,34.53,5103600,316356672.00
2016-04-15,34.44,35.61,34.42,34.53,4858432,305899616.00
2016-04-18,33.94,33.94,32.83,33.00,4692311,281005568.00
2016-04-19,33.27,33.71,32.71,33.01,2969370,176905696.00
2016-04-20,33.28,33.52,30.22,30.51,6513369,368806976.00
2016-04-21,30.35,31.06,30.03,30.12,3345310,184690112.00
2016-04-22,29.92,30.97,29.68,30.83,3515127,194231056.00
2016-04-25,30.50,31.32,30.10,31.12,3169044,175279248.00
2016-04-26,31.06,31.61,30.72,31.33,2312339,129730600.00
2016-04-27,31.64,31.78,30.81,30.92,2268339,127896208.00
2016-04-28,31.09,31.12,30.06,31.06,2057164,113470040.00
2016-04-29,30.94,31.78,30.78,31.44,2759590,156307104.00
2016-05-03,30.94,32.49,30.78,32.33,3537487,203383840.00
2016-05-04,32.10,32.48,31.48,31.87,3898841,225129264.00
2016-05-05,32.16,33.60,31.87,33.39,6133488,363819904.00
2016-05-06,33.14,33.21,31.50,32.00,5341019,311791680.00
2016-05-09,31.60,31.60,29.61,29.80,5401873,164035904.00
2016-05-10,29.80,30.40,29.38,29.55,3427143,102422216.00
2016-05-11,29.85,30.58,29.50,29.89,6232169,187598672.00
2016-05-12,29.50,30.18,28.80,29.90,3351089,99295368.00
2016-05-13,29.80,30.09,29.17,29.50,3938101,116517464.00
2016-05-16,28.88,29.80,28.88,29.70,3271858,96438280.00
2016-05-17,29.90,32.66,29.18,32.12,9961196,310125152.00
2016-05-18,31.85,31.85,29.70,30.19,6843318,210462880.00
2016-05-19,30.09,30.99,29.88,29.90,5988854,182698816.00
2016-05-20,29.49,30.28,29.21,30.15,3523007,105385640.00
2016-05-23,30.00,30.72,30.00,30.31,3758915,114285440.00
2016-05-24,30.27,30.30,29.52,29.68,3227854,96264480.00
2016-05-25,30.00,30.67,29.60,29.70,2988171,90220160.00
2016-05-26,29.52,30.15,29.01,30.00,3057844,90180016.00
2016-05-27,29.81,30.05,29.56,29.65,2274078,67781232.00
2016-05-30,29.60,30.45,29.14,29.89,3579081,107016608.00
2016-05-31,29.83,31.88,29.73,31.49,7640153,237716976.00
2016-06-01,32.00,33.05,31.50,31.61,11677301,378225152.00
2016-06-02,31.20,31.55,31.01,31.53,7751356,242319472.00
2016-06-03,31.48,32.88,31.40,32.26,9882572,318033184.00
2016-06-06,32.52,32.86,31.96,32.62,7232078,234459632.00
2016-06-07,32.51,32.75,31.89,32.00,6023775,194170128.00
2016-06-08,32.13,32.48,31.70,31.73,5692332,181952496.00
2016-06-13,31.17,31.17,29.40,29.45,7999845,243875648.00
2016-06-14,29.29,29.97,29.05,29.38,3890407,114380328.00
2016-06-15,29.00,30.50,28.88,30.12,5457888,163800688.00
2016-06-16,30.08,30.15,29.50,29.60,5011286,149405344.00
2016-06-17,29.81,31.98,29.81,30.94,8868196,277063456.00
2016-06-20,30.70,30.98,30.01,30.68,4326374,131756080.00
2016-06-21,31.00,31.20,29.85,30.03,5257333,159995136.00
2016-06-22,29.95,30.88,29.80,30.75,3904339,118448568.00
2016-06-23,30.80,31.16,30.28,30.86,5750957,176934640.00
2016-06-24,30.75,31.40,29.68,30.58,7280377,224526736.00
2016-06-27,30.11,31.80,30.11,31.56,6693788,209423808.00
2016-06-28,31.45,32.80,31.28,32.44,8912581,288273280.00
2016-06-29,32.55,33.50,32.25,32.25,8637693,283855200.00
2016-06-30,32.14,33.06,31.82,32.98,7655022,249128240.00
2016-07-01,33.00,33.20,32.37,32.53,4321226,141159456.00
2016-07-04,32.50,33.22,32.34,33.00,5677567,187093824.00
2016-07-05,33.10,33.20,32.40,32.72,4550843,149317264.00
2016-07-06,32.52,33.00,32.38,32.61,3444703,112207608.00
2016-07-07,32.62,34.50,32.62,33.38,10157086,342495968.00
2016-07-08,33.47,33.84,33.29,33.55,5903934,198007232.00
2016-07-11,33.55,33.60,32.71,32.71,6518993,215423184.00
2016-07-12,32.80,33.54,32.20,33.49,7456912,245305376.00
2016-07-13,33.68,34.30,33.22,33.78,7662319,258144128.00
2016-07-14,33.69,33.98,33.29,33.52,4238747,141838704.00
2016-07-15,33.53,33.53,32.90,33.18,3765258,124840968.00
2016-07-18,33.10,33.10,32.37,32.51,5189423,169169344.00
2016-07-19,32.55,32.99,32.35,32.87,3617367,117847872.00
2016-07-20,32.87,32.96,32.65,32.70,3171844,104088792.00
2016-07-21,32.72,33.15,32.28,32.80,5074111,166140928.00
2016-07-22,32.70,33.14,32.55,32.73,3633430,119420392.00
2016-07-25,32.70,32.79,32.10,32.42,3514888,114259872.00
2016-07-26,32.43,32.99,32.43,32.90,3324281,108960568.00
2016-07-27,33.03,33.38,31.08,32.00,8816922,286417888.00
2016-07-28,31.66,32.15,30.52,31.00,5802159,181338320.00
2016-07-29,30.96,31.15,30.27,30.78,3859072,118027040.00
2016-08-01,30.50,31.05,30.15,30.85,3795469,116317336.00
2016-08-02,30.60,30.98,30.58,30.89,1906840,58729668.00
2016-08-03,30.71,31.26,30.71,30.80,2554440,79092048.00
2016-08-04,30.82,31.10,30.50,30.85,2319976,71413928.00
2016-08-05,31.01,31.10,30.61,30.69,1882434,57904436.00
2016-08-08,30.70,30.89,30.38,30.89,1986907,60918184.00
2016-08-09,30.89,31.46,30.81,31.42,4334877,135532880.00
2016-08-10,31.44,31.47,31.08,31.14,2800541,87390368.00
2016-08-11,31.30,31.30,30.72,30.72,2298089,71214664.00
2016-08-12,30.50,30.98,30.50,30.98,1985506,61142028.00
2016-08-15,31.10,32.31,30.91,32.09,6648608,211140816.00
2016-08-16,32.70,33.20,32.10,32.75,6874328,224125648.00
2016-08-17,32.70,33.38,32.53,32.84,5357230,176671360.00
2016-08-18,32.80,33.08,32.40,32.74,4152814,135859104.00
2016-08-19,32.70,32.70,32.40,32.48,2640451,85854672.00
2016-08-22,32.75,32.98,32.38,32.40,5050332,164985392.00
2016-08-23,32.38,32.70,32.08,32.37,2827955,91681744.00
2016-08-24,32.40,33.58,32.35,33.08,8411793,278526144.00
2016-08-25,32.93,34.14,32.50,33.99,10962803,367411200.00
2016-08-26,33.85,34.40,33.46,33.79,7781749,264425792.00
2016-08-29,34.03,34.89,33.60,33.75,7805852,267330448.00
2016-08-30,33.69,34.35,33.36,33.39,5220191,176380256.00
2016-08-31,33.19,33.74,33.12,33.53,3501859,116875528.00
2016-09-01,33.55,33.55,32.60,32.65,4568303,151218192.00
2016-09-02,32.41,33.05,32.33,32.58,4038176,131747272.00
2016-09-05,32.80,33.31,32.65,32.69,3830261,126391872.00
2016-09-06,32.68,33.52,32.29,33.50,5234332,172688736.00
2016-09-07,33.40,34.12,33.32,33.95,6776940,229001760.00
2016-09-08,33.77,34.05,33.45,33.87,3329659,112496152.00
2016-09-09,33.86,34.39,33.44,33.44,4513005,153338928.00
2016-09-12,32.70,32.95,31.89,31.89,5256419,170564544.00
2016-09-13,32.20,32.29,31.61,32.04,3506387,111800552.00
2016-09-14,31.61,32.18,31.60,31.70,2527200,80351552.00
2016-09-19,31.90,32.30,31.67,32.30,2766392,88475592.00
2016-09-20,32.06,32.34,31.88,32.28,2212946,70991920.00
2016-09-21,32.14,32.14,31.68,31.76,3902145,124178392.00
2016-09-22,31.92,32.09,31.70,31.77,2391090,76230512.00
2016-09-23,32.06,32.53,31.88,31.90,3570135,115004816.00
2016-09-26,31.93,31.96,31.00,31.05,4520142,141255984.00
2016-09-27,31.10,31.49,31.00,31.39,2620475,81811944.00
2016-09-28,31.44,31.44,31.11,31.30,1771794,55334856.00
2016-09-29,31.38,31.65,31.30,31.45,1800445,56751308.00
2016-09-30,31.50,31.88,31.48,31.86,2216860,70216584.00
2016-10-10,31.82,32.93,31.82,32.83,5925253,192306848.00
2016-10-11,32.80,33.08,32.50,32.69,3374810,110410704.00
2016-10-12,32.68,32.69,32.41,32.55,2214443,72000392.00
2016-10-13,32.55,32.97,32.50,32.85,3576570,117292592.00
2016-10-14,32.83,32.98,32.25,32.76,2991732,97307848.00
2016-10-17,32.64,33.28,32.48,32.56,4135230,135851808.00
2016-10-18,32.75,33.22,32.50,33.19,3643621,120175232.00
2016-10-19,33.15,33.45,32.90,33.00,2529232,83720400.00
2016-10-20,33.03,33.90,33.03,33.49,4789116,160773728.00
2016-10-21,33.49,33.60,32.78,32.98,3128203,103513512.00
2016-10-24,33.01,33.27,32.56,32.98,3205414,105435480.00
2016-10-25,33.22,33.22,32.71,32.86,2186184,71938152.00
2016-10-26,33.09,33.90,32.93,33.05,5370366,179612720.00
2016-10-27,32.89,33.00,32.55,32.80,2660030,86955768.00
2016-10-28,32.78,33.18,32.52,32.56,2813107,92143528.00
2016-10-31,32.56,32.76,32.30,32.68,2188533,71329328.00
2016-11-01,32.69,33.37,32.50,33.36,4064401,134270992.00
2016-11-02,33.35,33.35,32.65,32.66,3684660,121633128.00
2016-11-03,32.49,33.10,32.40,32.74,2893488,94848032.00
2016-11-04,32.74,33.07,32.41,32.50,2520176,82387600.00
2016-11-07,32.45,32.79,32.41,32.54,1566389,51049096.00
2016-11-08,32.65,32.85,32.28,32.54,2874506,93452624.00
2016-11-09,32.60,32.80,32.00,32.15,3048787,98693752.00
2016-11-10,32.58,32.88,32.43,32.73,2685236,87721344.00
2016-11-11,32.73,32.75,32.16,32.70,3176845,103031752.00
2016-11-14,32.50,32.95,32.30,32.68,4511259,147637936.00
2016-11-15,32.75,32.80,32.31,32.80,3364829,109420224.00
2016-11-16,32.89,33.50,32.84,33.00,5565928,184961456.00
2016-11-17,32.83,33.32,32.75,33.21,3584085,118510488.00
2016-11-18,33.21,33.60,32.96,33.02,3424286,113950368.00
2016-11-21,32.73,33.15,32.65,32.88,2507281,82355312.00
2016-11-22,33.16,33.36,32.64,33.36,3902513,128589392.00
2016-11-23,33.38,34.16,33.16,33.67,7279696,244714784.00
2016-11-24,33.60,33.65,32.90,32.99,4160143,138441120.00
2016-11-25,32.88,33.35,32.46,33.32,4137559,135936096.00
2016-11-28,34.18,36.00,33.81,35.70,10425200,360893568.00
数据来源:通达信
