Date,Open,High,Low,Close,Volume,Adj Close
2016-11-24,32.50,32.50,31.91,31.99,6690600,31.99
2016-11-23,31.93,33.97,31.93,32.60,13365700,32.60
2016-11-22,31.51,31.96,31.37,31.95,4908500,31.95
2016-11-21,31.46,31.63,31.33,31.43,3595400,31.43
2016-11-18,31.40,31.85,31.40,31.46,3703100,31.46
2016-11-17,31.61,31.73,31.30,31.39,4277100,31.39
2016-11-16,32.15,32.30,31.81,31.81,6683000,31.81
2016-11-15,31.72,32.18,31.31,32.10,5687300,32.10
2016-11-14,31.28,31.83,31.28,31.56,6415800,31.56
2016-11-11,31.00,31.35,30.86,31.25,4617100,31.25
2016-11-10,30.72,31.55,30.61,31.16,5510800,31.16
2016-11-09,31.10,31.24,30.01,30.36,5840600,30.36
2016-11-08,31.00,31.28,30.80,31.16,6186000,31.16
2016-11-07,32.57,32.58,31.11,31.23,14754900,31.23
2016-11-04,31.04,31.04,31.04,31.04,000,31.04
2016-11-03,31.04,31.04,31.04,31.04,000,31.04
2016-11-02,31.04,31.04,31.04,31.04,000,31.04
2016-11-01,31.04,31.04,31.04,31.04,000,31.04
2016-10-31,31.04,31.04,31.04,31.04,000,31.04
2016-10-28,31.04,31.04,31.04,31.04,000,31.04
2016-10-27,31.04,31.04,31.04,31.04,000,31.04
2016-10-26,31.04,31.04,31.04,31.04,000,31.04
2016-10-25,31.04,31.04,31.04,31.04,000,31.04
2016-10-24,31.04,31.04,31.04,31.04,000,31.04
2016-10-21,31.04,31.04,31.04,31.04,000,31.04
2016-10-20,31.04,31.04,31.04,31.04,000,31.04
2016-10-19,31.04,31.04,31.04,31.04,000,31.04
2016-10-18,31.04,31.04,31.04,31.04,000,31.04
2016-10-17,31.04,31.04,31.04,31.04,000,31.04
2016-10-14,31.04,31.04,31.04,31.04,000,31.04
2016-10-13,31.04,31.04,31.04,31.04,000,31.04
2016-10-12,31.04,31.04,31.04,31.04,000,31.04
2016-10-11,31.04,31.04,31.04,31.04,000,31.04
2016-10-10,31.04,31.04,31.04,31.04,000,31.04
2016-10-07,31.04,31.04,31.04,31.04,000,31.04
2016-10-06,31.04,31.04,31.04,31.04,000,31.04
2016-10-05,31.04,31.04,31.04,31.04,000,31.04
2016-10-04,31.04,31.04,31.04,31.04,000,31.04
2016-10-03,31.04,31.04,31.04,31.04,000,31.04
2016-09-30,31.04,31.04,31.04,31.04,000,31.04
2016-09-29,31.04,31.04,31.04,31.04,000,31.04
2016-09-28,31.04,31.04,31.04,31.04,000,31.04
2016-09-27,31.04,31.04,31.04,31.04,000,31.04
2016-09-26,31.04,31.04,31.04,31.04,000,31.04
2016-09-23,31.04,31.04,31.04,31.04,000,31.04
2016-09-22,31.04,31.04,31.04,31.04,000,31.04
2016-09-21,31.04,31.04,31.04,31.04,000,31.04
2016-09-20,31.04,31.04,31.04,31.04,000,31.04
2016-09-19,31.04,31.04,31.04,31.04,000,31.04
2016-09-16,31.04,31.04,31.04,31.04,000,31.04
2016-09-15,31.04,31.04,31.04,31.04,000,31.04
2016-09-14,31.04,31.04,31.04,31.04,000,31.04
2016-09-13,31.04,31.04,31.04,31.04,000,31.04
2016-09-12,31.04,31.04,31.04,31.04,000,31.04
2016-09-09,31.04,31.04,31.04,31.04,000,31.04
2016-09-08,31.04,31.04,31.04,31.04,000,31.04
2016-09-07,31.04,31.04,31.04,31.04,000,31.04
2016-09-06,30.53,31.18,30.13,31.04,5921200,31.04
2016-09-05,30.65,30.83,30.41,30.48,2466800,30.48
2016-09-02,30.59,30.67,30.11,30.50,3369300,30.50
2016-09-01,30.63,31.31,30.43,30.59,4416700,30.59
2016-08-31,30.65,30.65,30.20,30.52,2647700,30.52
2016-08-30,30.69,30.88,30.52,30.59,2657900,30.59
2016-08-29,30.70,30.95,30.11,30.56,4165600,30.56
2016-08-26,31.45,31.86,30.83,31.01,9962900,31.01
2016-08-25,30.70,31.45,30.33,31.42,7602000,31.42
2016-08-24,30.84,31.25,30.70,30.92,3117800,30.92
2016-08-23,30.66,31.03,30.41,30.75,2891400,30.75
2016-08-22,31.18,31.35,30.80,30.80,3399500,30.80
2016-08-19,31.28,31.35,30.87,31.20,3807400,31.20
2016-08-18,31.09,31.53,30.89,31.40,6153300,31.40
2016-08-17,31.06,31.28,30.81,31.10,4064800,31.10
2016-08-16,31.28,31.50,31.03,31.07,6614400,31.07
2016-08-15,30.26,31.31,30.01,31.10,7866600,31.10
2016-08-12,29.75,30.25,29.71,30.20,3075000,30.20
2016-08-11,30.02,30.25,29.77,29.77,3639100,29.77
2016-08-10,30.70,30.76,30.20,30.25,4682500,30.25
2016-08-09,30.40,30.68,30.25,30.68,4502200,30.68
2016-08-08,30.04,30.36,29.60,30.30,4085600,30.30
2016-08-05,30.40,30.40,29.93,30.00,3630900,30.00
2016-08-04,30.12,30.56,30.05,30.40,4063600,30.40
2016-08-03,30.26,30.27,29.85,30.09,3167500,30.09
2016-08-02,30.29,30.35,29.90,30.28,3048400,30.28
2016-08-01,30.10,30.20,29.35,29.98,4854900,29.98
2016-07-29,31.07,31.07,30.06,30.37,5893900,30.37
2016-07-28,31.48,31.73,30.40,30.90,8109400,30.90
2016-07-27,34.36,34.55,31.30,31.48,13590900,31.48
2016-07-26,33.84,34.38,33.84,34.38,7513900,34.38
2016-07-25,33.78,34.70,33.58,33.90,8759400,33.90
2016-07-22,33.65,34.28,33.42,33.92,8977400,33.92
2016-07-21,33.28,34.45,33.28,33.63,8890500,33.63
2016-07-20,33.80,34.16,33.50,33.51,6081600,33.51
2016-07-19,33.20,34.18,33.20,33.98,8325800,33.98
2016-07-18,33.58,33.58,32.82,33.20,5942900,33.20
2016-07-15,34.04,34.13,33.33,33.59,5655600,33.59
2016-07-14,33.83,34.04,33.52,33.94,8637100,33.94
2016-07-13,32.57,34.65,32.49,34.18,18390500,34.18
2016-07-12,32.23,32.90,31.30,32.56,9940000,32.56
2016-07-11,32.80,32.98,32.22,32.30,7909900,32.30
2016-07-08,32.35,32.96,32.11,32.73,7725000,32.73
2016-07-07,32.86,33.00,32.06,32.48,8683200,32.48
2016-07-06,32.20,33.05,32.08,32.99,10991600,32.99
2016-07-05,32.90,32.94,32.07,32.42,7126000,32.42
2016-07-04,31.80,32.80,31.71,32.62,9647200,32.62
2016-07-01,32.48,32.69,31.82,31.95,7883800,31.95
2016-06-30,31.98,32.87,31.85,32.50,9856900,32.50
2016-06-29,32.40,32.60,31.79,32.06,8964600,32.06
2016-06-28,31.79,32.56,31.60,32.40,11715700,32.40
2016-06-27,30.25,31.98,30.20,31.98,11879700,31.98
2016-06-24,31.11,31.35,29.58,30.55,7835600,30.55
2016-06-23,31.28,31.35,30.65,31.14,7122700,31.14
2016-06-22,29.87,30.92,29.86,30.92,6353800,30.92
2016-06-21,30.52,30.90,30.02,30.16,7036900,30.16
2016-06-20,30.60,30.80,29.61,30.25,7575900,30.25
2016-06-17,30.30,31.35,30.30,30.60,6339800,30.60
2016-06-16,31.09,31.17,30.20,30.38,9586900,30.38
2016-06-15,29.97,31.59,29.70,31.36,8628100,31.36
2016-06-14,30.00,30.68,29.85,30.39,3200900,30.39
2016-06-13,32.00,32.00,30.18,30.19,6382100,30.19
2016-06-10,32.61,32.61,32.61,32.61,000,32.61
2016-06-09,32.61,32.61,32.61,32.61,000,32.61
2016-06-08,32.74,32.90,32.36,32.61,4308200,32.61
2016-06-07,32.90,32.97,32.48,32.90,4580800,32.90
2016-06-06,33.60,33.60,32.70,33.01,7505800,33.01
2016-06-03,32.95,34.15,32.70,33.60,10999000,33.60
2016-06-02,32.13,32.96,32.13,32.90,7352300,32.90
2016-06-01,32.65,33.05,32.30,32.50,8250800,32.50
2016-05-31,30.78,32.79,30.69,32.65,9373800,32.65
2016-05-30,30.70,30.89,30.12,30.60,4403100,30.60
2016-05-27,31.59,31.60,30.90,31.16,6253200,31.16
2016-05-26,31.50,32.19,30.51,32.05,5079400,32.05
2016-05-25,31.00,33.80,30.82,31.86,6956400,31.86
2016-05-24,31.25,31.25,30.36,30.75,3090500,30.75
2016-05-23,31.50,32.29,31.00,31.25,4992800,31.25
2016-05-20,30.86,30.86,30.86,30.86,000,30.86
2016-05-19,30.86,30.86,30.86,30.86,000,30.86
2016-05-18,30.86,30.86,30.86,30.86,000,30.86
2016-05-17,30.86,30.86,30.86,30.86,000,30.86
2016-05-16,30.86,30.86,30.86,30.86,000,30.86
2016-05-13,30.86,30.86,30.86,30.86,000,30.86
2016-05-12,30.20,31.19,29.87,30.86,3835200,30.86
2016-05-11,32.56,32.70,31.74,31.88,2577900,31.88
2016-05-10,32.26,32.66,32.09,32.25,2324500,32.25
2016-05-09,33.26,33.26,32.03,32.26,4210800,32.26
2016-05-06,35.88,36.25,33.50,33.59,5818900,33.59
2016-05-05,35.00,35.96,34.91,35.67,3566200,35.67
2016-05-04,35.47,36.08,35.02,35.23,5571300,35.23
2016-05-03,33.39,35.97,32.80,35.59,5683400,35.59
2016-05-02,33.38,33.38,33.38,33.38,000,33.38
2016-04-29,33.18,33.80,32.90,33.38,3011300,33.38
2016-04-28,33.40,33.60,32.00,33.58,3844900,33.58
2016-04-27,33.99,33.99,33.10,33.23,3318800,33.23
2016-04-26,33.05,33.73,32.77,33.70,3437300,33.70
2016-04-25,33.70,33.70,32.30,33.01,3463600,33.01
2016-04-22,33.29,33.80,33.02,33.80,3187500,33.80
2016-04-21,33.60,34.38,33.06,33.30,4202500,33.30
2016-04-20,36.80,36.99,33.40,33.96,7329100,33.96
2016-04-19,36.60,36.99,36.30,36.80,3866000,36.80
2016-04-18,37.01,37.28,36.22,36.40,5332600,36.40
2016-04-15,38.05,38.20,37.31,37.75,5589100,37.75
2016-04-14,37.75,38.48,37.37,38.20,6472800,38.20
2016-04-13,36.78,38.50,36.78,37.66,8820200,37.66
2016-04-12,37.36,37.42,36.02,36.54,5921000,36.54
2016-04-11,37.00,37.78,37.00,37.36,6107800,37.36
2016-04-08,36.69,36.97,36.10,36.70,5349700,36.70
2016-04-07,38.99,39.18,37.13,37.18,6572400,37.18
2016-04-06,38.70,39.47,38.28,38.77,6157400,38.77
2016-04-05,37.67,39.48,37.15,39.05,7910600,39.05
2016-04-04,37.66,37.66,37.66,37.66,000,37.66
2016-04-01,38.15,38.31,37.02,37.66,7706600,37.66
2016-03-31,39.48,39.92,38.59,38.70,9215700,38.70
2016-03-30,37.35,39.35,37.35,39.25,9063100,39.25
2016-03-29,37.60,37.88,36.41,36.94,7193600,36.94
2016-03-28,38.99,39.69,37.40,37.68,8834500,37.68
2016-03-25,38.74,39.34,37.60,38.68,8775500,38.68
2016-03-24,40.00,40.45,38.85,39.10,13373400,39.10
2016-03-23,38.00,41.88,38.00,40.93,14325100,40.93
2016-03-22,36.80,40.50,36.10,39.01,15261100,39.01
2016-03-21,36.58,37.52,36.01,36.99,14059400,36.99
2016-03-18,34.51,36.66,34.01,36.16,13893600,36.16
2016-03-17,31.65,34.20,31.63,33.70,9340100,33.70
2016-03-16,32.50,32.84,31.06,31.47,4426600,31.47
2016-03-15,32.62,33.11,31.50,31.70,5379700,31.70
2016-03-14,31.70,33.78,31.70,32.85,7341800,32.85
2016-03-11,30.65,31.65,30.20,31.15,4663500,31.15
2016-03-10,32.58,32.98,31.25,31.49,5890100,31.49
2016-03-09,32.97,33.65,32.20,32.58,6726600,32.58
2016-03-08,34.30,34.30,31.51,34.18,12153800,34.18
2016-03-07,34.75,37.09,34.68,34.95,10927800,34.95
2016-03-04,34.63,36.50,33.15,34.25,13562600,34.25
2016-03-03,35.99,37.03,35.06,35.15,19881400,35.15
2016-03-02,30.20,33.66,30.10,33.66,6765200,33.66
2016-03-01,29.70,30.89,29.06,30.60,6124800,30.60
2016-02-29,31.80,32.34,28.80,29.35,4780600,29.35
2016-02-26,32.80,33.00,30.61,31.55,4797100,31.55
2016-02-25,35.67,35.70,32.38,32.38,6559000,32.38
2016-02-24,36.10,36.60,34.58,35.98,5296400,35.98
2016-02-23,37.50,37.97,36.00,36.36,5874900,36.36
2016-02-22,36.88,38.27,36.68,37.29,7313500,37.29
2016-02-19,35.50,36.60,35.13,36.10,4203500,36.10
2016-02-18,37.39,37.50,35.70,35.88,5814200,35.88
2016-02-17,36.50,36.97,35.65,36.67,6022800,36.67
2016-02-16,34.85,36.93,34.85,36.67,6066100,36.67
2016-02-15,33.20,35.19,33.18,34.76,3617900,34.76
2016-02-12,34.87,34.87,34.87,34.87,000,34.87
2016-02-11,34.87,34.87,34.87,34.87,000,34.87
2016-02-10,34.87,34.87,34.87,34.87,000,34.87
2016-02-09,34.87,34.87,34.87,34.87,000,34.87
2016-02-08,34.87,34.87,34.87,34.87,000,34.87
2016-02-05,35.41,35.83,33.90,34.87,5519300,34.87
2016-02-04,35.35,36.00,34.48,35.59,8034200,35.59
2016-02-03,33.52,35.50,33.20,35.34,10277900,35.34
2016-02-02,30.59,33.40,30.59,33.40,6276900,33.40
2016-02-01,30.39,30.85,29.75,30.36,3425800,30.36
2016-01-29,28.95,31.00,28.77,30.54,4932100,30.54
2016-01-28,30.80,31.20,28.56,28.77,3997400,28.77
2016-01-27,31.76,32.38,28.93,31.35,5142100,31.35
2016-01-26,34.79,34.79,31.80,31.80,5157900,31.80
2016-01-25,35.41,36.00,34.80,35.33,4176900,35.33
2016-01-22,35.33,36.10,34.12,35.50,4500600,35.50
2016-01-21,36.00,37.27,35.03,35.10,6299200,35.10
2016-01-20,36.80,37.30,36.02,36.30,5717600,36.30
2016-01-19,35.52,37.28,35.00,37.17,7025900,37.17
2016-01-18,33.48,36.48,33.01,35.75,6716200,35.75
2016-01-15,35.69,36.50,33.76,34.18,6027200,34.18
2016-01-14,31.29,36.58,31.24,36.18,7729000,36.18
2016-01-13,35.95,36.50,33.51,33.69,5581100,33.69
2016-01-12,33.90,36.75,33.90,35.92,6487400,35.92
2016-01-11,37.99,38.00,34.48,34.48,5960000,34.48
2016-01-08,40.00,40.80,35.08,38.31,6524400,38.31
2016-01-07,42.00,42.00,38.48,38.48,1685500,38.48
2016-01-06,41.77,43.00,41.50,42.75,5641200,42.75
2016-01-05,42.01,44.38,40.18,41.47,7012400,41.47
2016-01-04,49.49,49.49,44.64,44.64,5105800,44.64
2016-01-01,49.60,49.60,49.60,49.60,000,49.60
2015-12-31,51.21,51.42,49.51,49.60,4213500,49.60
2015-12-30,50.30,51.40,50.30,51.20,4488400,51.20
2015-12-29,50.66,50.99,49.43,50.28,4469700,50.28
2015-12-28,51.80,52.66,50.65,50.65,6404900,50.65
2015-12-25,52.07,52.40,51.33,51.64,3361900,51.64
2015-12-24,51.30,52.27,51.30,52.07,4328900,52.07
2015-12-23,53.12,53.38,51.20,51.29,6615200,51.29
2015-12-22,52.80,53.30,52.35,52.91,4807900,52.91
2015-12-21,52.45,53.20,51.67,52.70,6201800,52.70
2015-12-18,55.05,55.08,53.00,53.34,8004900,53.34
2015-12-17,53.65,55.65,53.65,55.09,9259300,55.09
2015-12-16,53.99,54.50,53.30,53.48,7381000,53.48
2015-12-15,52.80,55.27,52.60,53.92,8673300,53.92
2015-12-14,50.91,52.49,50.35,52.15,7510600,52.15
2015-12-11,52.95,53.20,50.91,51.04,8717600,51.04
2015-12-10,52.50,54.52,52.25,53.40,8131500,53.40
2015-12-09,52.60,54.59,52.20,52.75,8917300,52.75
2015-12-08,56.00,56.00,53.00,53.60,8357800,53.60
2015-12-07,56.30,57.75,55.70,56.08,8978300,56.08
2015-12-04,54.00,58.28,53.50,55.94,12029900,55.94
2015-12-03,52.98,54.49,52.88,53.95,6120900,53.95
2015-12-02,54.70,54.99,50.68,52.15,7321300,52.15
2015-12-01,54.30,56.01,53.60,54.96,7818000,54.96
2015-11-30,55.95,56.50,50.70,55.25,10568800,55.25
2015-11-27,60.17,60.79,54.90,55.94,12169900,55.94
2015-11-26,62.00,63.99,60.51,60.90,14549000,60.90
2015-11-25,61.00,63.55,58.70,61.67,15247800,61.67
2015-11-24,57.15,60.78,57.15,60.05,13625000,60.05
2015-11-23,57.25,58.91,56.01,56.99,10383000,56.99
2015-11-20,57.37,58.65,56.78,57.40,10410300,57.40
2015-11-19,55.40,57.51,54.00,57.51,10124100,57.51
2015-11-18,56.50,57.30,54.80,55.20,8632400,55.20
2015-11-17,59.28,60.77,55.90,56.48,11942300,56.48
2015-11-16,53.70,58.85,53.70,58.10,11226600,58.10
2015-11-13,59.01,59.57,55.60,56.40,15674100,56.40
2015-11-12,61.23,62.50,58.92,60.50,17026200,60.50
2015-11-11,57.85,62.83,57.85,61.24,17466300,61.24
2015-11-10,55.50,61.28,54.80,58.83,22475300,58.83
2015-11-09,50.25,56.32,48.50,56.32,23105800,56.32
2015-11-06,46.50,51.25,46.30,51.20,17832400,51.20
2015-11-05,48.30,49.50,45.30,46.75,15418300,46.75
2015-11-04,44.60,48.35,44.30,48.16,12500200,48.16
2015-11-03,46.12,46.85,43.50,44.00,10189800,44.00
2015-11-02,44.73,48.95,44.20,45.62,10697600,45.62
2015-10-30,48.83,48.83,45.50,47.00,13413300,47.00
2015-10-29,52.30,54.26,46.70,49.70,15045300,49.70
2015-10-28,50.225,55.36,49.505,51.31,18882900,25.655
2015-10-27,46.00,50.325,45.305,50.325,15282200,25.1625
2015-10-26,48.09,48.475,45.25,45.75,7977200,22.875
2015-10-23,99.00,99.68,91.08,95.30,12984800,47.65
2015-10-22,88.00,95.95,87.85,95.05,15109200,47.525
2015-10-21,95.30,97.10,87.75,87.75,13466800,43.875
2015-10-20,92.00,97.81,91.00,97.50,14578900,48.75
2015-10-19,92.30,96.10,86.42,93.88,16260900,46.94
2015-10-16,81.55,89.09,81.51,89.09,18278600,44.545
2015-10-15,73.46,81.00,73.46,80.99,15347000,40.495
2015-10-14,76.50,78.51,73.60,73.85,11079800,36.925
2015-10-13,73.60,79.10,73.13,77.10,11869600,38.55
2015-10-12,67.99,75.53,67.90,75.00,17160000,37.50
2015-10-09,68.30,69.20,67.80,68.66,7004000,34.33
2015-10-08,66.93,69.95,65.20,68.52,9448400,34.26
2015-10-07,63.87,63.87,63.87,63.87,000,31.935
2015-10-06,63.87,63.87,63.87,63.87,000,31.935
2015-10-05,63.87,63.87,63.87,63.87,000,31.935
2015-10-02,63.87,63.87,63.87,63.87,000,31.935
2015-10-01,63.87,63.87,63.87,63.87,000,31.935
2015-09-30,65.00,65.77,62.40,63.87,6814900,31.935
2015-09-29,64.50,66.19,62.03,64.20,10831000,32.10
2015-09-28,60.42,66.51,59.50,66.51,11697100,33.255
2015-09-25,66.00,67.50,60.46,60.46,13661900,30.23
2015-09-24,67.90,70.12,66.85,67.18,11590000,33.59
2015-09-23,64.06,69.00,63.62,67.65,11302600,33.825
2015-09-22,66.88,68.74,64.00,66.00,14771500,33.00
2015-09-21,58.00,65.75,57.84,65.75,15183300,32.875
2015-09-18,56.80,60.68,55.50,59.77,10147700,29.885
2015-09-17,55.98,59.45,54.60,55.92,12569500,27.96
2015-09-16,50.31,54.67,50.31,54.67,9341600,27.335
2015-09-15,51.65,53.98,49.65,49.70,10094100,24.85
2015-09-14,61.90,61.90,55.17,55.17,7321100,27.585
2015-09-11,59.13,63.78,59.05,61.30,8086300,30.65
2015-09-10,59.87,61.47,59.00,59.20,6426200,29.60
2015-09-09,61.00,63.84,59.17,61.58,12321400,30.79
2015-09-08,52.98,59.07,52.38,59.07,9761200,29.535
2015-09-07,51.50,54.93,51.50,53.70,11379000,26.85
2015-09-04,49.96,49.96,49.96,49.96,000,24.98
2015-09-03,49.96,49.96,49.96,49.96,000,24.98
2015-09-02,46.35,55.00,46.00,49.96,11631400,24.98
2015-09-01,55.00,56.00,50.00,50.00,8078300,25.00
2015-08-31,60.00,60.00,55.40,55.56,8693400,27.78
2015-08-28,57.20,61.97,57.20,60.86,11044800,30.43
2015-08-27,54.00,56.42,51.01,56.42,9396300,28.21
2015-08-26,52.88,57.00,50.02,51.29,11040900,25.645
2015-08-25,52.78,55.50,52.78,52.78,8459800,26.39
2015-08-24,60.50,62.50,58.64,58.64,5798800,29.32
2015-08-21,67.76,68.88,64.28,65.15,7560400,32.575
2015-08-20,71.96,73.96,69.50,69.70,9210800,34.85
2015-08-19,66.40,73.50,63.80,73.50,11747400,36.75
2015-08-18,76.90,80.00,69.44,69.44,13271000,34.72
2015-08-17,79.27,79.70,75.58,77.15,10432000,38.575
2015-08-14,83.00,83.98,79.52,79.81,10760000,39.905
2015-08-13,75.96,82.18,75.88,82.01,12628400,41.005
2015-08-12,80.81,82.51,76.80,77.00,12423600,38.50
2015-08-11,82.00,85.00,81.30,82.75,13103700,41.375
2015-08-10,80.38,85.60,77.57,83.85,18260100,41.925
2015-08-07,72.33,78.02,72.31,78.02,16741700,39.01
2015-08-06,68.30,73.40,68.30,70.93,7891300,35.465
2015-08-05,75.12,76.80,72.00,72.41,16028300,36.205
2015-08-04,65.99,72.07,65.99,72.07,8222800,36.035
2015-08-03,70.60,70.95,65.52,65.52,9809300,32.76
2015-07-31,72.19,76.88,71.00,72.80,9329800,36.40
2015-07-30,82.00,83.89,76.49,76.49,14769100,38.245
2015-07-29,83.00,85.39,74.36,84.99,20562200,42.495
2015-07-28,82.63,88.58,82.62,82.62,15391700,41.31
2015-07-27,97.50,99.87,91.80,91.80,13320000,45.90
2015-07-24,104.10,109.98,100.00,102.00,11582200,51.00
2015-07-23,102.00,106.98,99.90,103.41,12191400,51.705
2015-07-22,106.50,106.50,100.58,103.17,9458100,51.585
2015-07-21,100.00,110.00,98.00,106.63,13335100,53.315
2015-07-20,90.90,101.79,90.90,101.79,17294400,50.895
2015-07-17,84.75,92.54,84.75,92.54,10962600,46.27
2015-07-16,79.90,88.50,73.78,84.13,12702700,42.065
2015-07-15,91.61,91.61,79.95,81.98,15575100,40.99
2015-07-14,83.28,83.28,83.28,83.28,642500,41.64
2015-07-13,75.71,75.71,75.71,75.71,000,37.855
2015-07-10,75.71,75.71,75.71,75.71,000,37.855
2015-07-09,75.71,75.71,75.71,75.71,000,37.855
2015-07-08,75.71,75.71,75.71,75.71,000,37.855
2015-07-07,75.71,75.71,75.71,75.71,000,37.855
2015-07-06,92.22,92.22,75.71,75.71,10859700,37.855
2015-07-03,85.01,97.50,84.12,84.12,8064100,42.06
2015-07-02,97.99,102.49,93.47,93.47,7318100,46.735
2015-07-01,111.00,121.30,103.85,103.85,10197100,51.925
2015-06-30,94.41,115.39,94.41,115.39,13817100,57.695
2015-06-29,116.60,116.60,104.90,104.90,4599700,52.45
2015-06-26,124.01,124.02,116.55,116.55,3875500,58.275
2015-06-25,142.25,145.50,127.82,129.50,7068800,64.75
2015-06-24,142.00,150.20,136.53,142.02,6980200,71.01
2015-06-23,141.00,144.42999,128.00,139.85001,8354800,69.925
2015-06-22,142.00999,142.00999,142.00999,142.00999,000,71.005
2015-06-19,142.00999,149.39,142.00999,142.00999,6022400,71.005
2015-06-18,174.92999,174.99001,157.78999,157.78999,7242200,78.895
2015-06-17,165.48,175.55,160.00,175.32001,9237100,87.66
2015-06-16,183.70,183.70,169.20,169.20,6548100,84.60
2015-06-15,199.39,203.58,185.00,188.00,4505200,94.00
2015-06-12,203.00,209.21001,190.28,195.80,10752500,97.90
2015-06-11,183.67999,190.19,182.10001,190.19,6672000,95.095
2015-06-10,161.50,176.50,157.00,172.89999,7029800,86.45
2015-06-09,156.50,164.96001,152.58,160.48,8029800,80.24
2015-06-08,170.98,171.99001,153.08,156.36,8895400,78.18
2015-06-05,184.50999,193.50999,167.11,170.00,8478700,85.00
2015-06-04,191.20,197.00,173.00,183.50,7181400,91.75
2015-06-03,170.21001,190.74001,168.00,190.24001,13165900,95.12
2015-06-02,160.39,174.49001,159.60001,173.39999,10951100,86.70
2015-06-01,154.98,161.85001,152.00999,158.81,8584900,79.405
2015-05-29,155.00,158.87,142.87,153.86,8045200,76.93
2015-05-28,160.75,164.49159,154.1666,154.97501,10568400,64.57292
2015-05-27,172.0834,173.75,158.3334,160.5166,8918400,66.88192
2015-05-26,208.50001,211.02002,201.96001,206.31001,7949200,85.9625
2015-05-25,208.00009,214.00009,205.00009,208.60009,4165200,86.91671
2015-05-22,241.99921,246.00001,211.84992,219.97008,5854800,91.6542
2015-05-21,211.35001,229.86001,211.35001,229.86001,4946800,95.77501
2015-05-20,215.02008,221.68992,205.15993,208.9601,4744800,87.06671
2015-05-19,219.30001,222.73992,208.00009,214.45009,2630000,89.35421
2015-05-18,224.26993,247.69921,213.18,220.90009,5017200,92.04171
2015-05-15,213.49992,230.01001,202.99992,228.87002,4179800,95.36251
2015-05-14,222.00001,226.00009,209.98992,213.00001,2915700,88.75
2015-05-13,225.00001,237.94992,217.99992,226.99009,3860700,94.5792
2015-05-12,234.00001,244.99921,226.05001,234.70009,3909400,97.79171
2015-05-11,234.00001,247.99921,228.00001,238.08,3896700,99.20
2015-05-08,211.50001,229.69992,209.38992,229.69992,2995100,95.7083
2015-05-07,189.75001,208.81993,188.50009,208.81993,5593600,87.0083
2015-05-06,182.79,200.50009,182.01001,189.84,4031300,79.10
2015-05-05,192.0101,193.98,178.00009,182.50009,4244000,76.04171
2015-05-04,199.50001,199.51993,184.99992,193.99992,4093000,80.8333
2015-05-01,200.04,200.04,200.04,200.04,000,83.35
2015-04-30,203.70001,216.00001,199.99992,200.04,6968600,83.35
2015-04-29,183.30001,201.63,181.87993,201.63,7120500,84.0125
2015-04-28,185.29992,185.34,174.06001,183.30001,5424200,76.375
2015-04-27,176.01001,187.99992,175.00009,184.05001,8334800,76.6875
2015-04-24,173.61001,181.95001,172.00993,175.27008,6926100,73.0292
2015-04-23,164.71993,177.18,164.65992,175.45009,9579000,73.10421
2015-04-22,164.50009,166.00992,160.35001,163.99992,6701200,68.3333
2015-04-21,147.10992,167.04,147.10992,163.99992,13629500,68.3333
2015-04-20,157.99992,167.98992,153.79992,161.74992,9516400,67.3958
2015-04-17,163.99992,166.99009,157.39009,162.51001,6793300,67.7125
2015-04-16,157.99992,176.89992,156.06001,162.52008,7972300,67.7167
2015-04-15,174.00001,174.99,160.87993,160.99009,6461600,67.0792
2015-04-14,172.00009,183.97008,170.02008,174.90001,10137800,72.875
2015-04-13,168.37008,182.98992,165.88008,174.00001,13098400,72.50
2015-04-10,158.80009,174.99,156.00001,168.36001,13315700,70.15
2015-04-09,156.00001,168.00001,142.99993,163.50001,15391000,68.125
2015-04-08,168.99,171.66001,153.03001,156.00001,13597500,65.00
2015-04-07,167.50009,175.00009,165.00001,169.86001,11618800,70.775
2015-04-06,168.00001,168.00001,168.00001,168.00001,000,70.00
2015-04-03,170.59992,172.99009,162.9101,168.00001,12142400,70.00
2015-04-02,177.00001,181.35001,167.53008,173.58,7533000,72.325
2015-04-01,172.00009,183.00001,171.34009,177.00001,7148700,73.75
2015-03-31,170.59992,182.62993,166.11001,173.08992,10531500,72.1208
2015-03-30,178.38,180.99,162.87001,169.99992,10834900,70.8333
2015-03-27,175.99992,187.00009,169.38,180.97008,7217200,75.4042
2015-03-26,195.40993,195.49992,183.45001,183.45001,4840600,76.4375
2015-03-25,199.99992,213.22993,190.00009,203.83009,5091900,84.9292
2015-03-24,183.00001,202.18009,168.97008,202.09992,6416600,84.2083
2015-03-23,165.00001,183.91993,165.00001,183.91993,5697900,76.6333
2015-03-20,156.16993,173.73,154.80001,167.20009,4881800,69.66671
2015-03-19,153.00001,158.25001,149.88001,158.11993,4024200,65.8833
2015-03-18,148.00008,155.20009,147.00001,154.09992,4195000,64.2083
2015-03-17,152.28001,156.19992,147.79993,151.50001,4409700,63.125
2015-03-16,140.65008,153.00001,140.65008,152.44993,4266700,63.5208
2015-03-13,135.01993,141.31009,133.50001,140.59993,4267600,58.5833
2015-03-12,134.88001,141.79993,128.70001,135.01993,5446200,56.2583
2015-03-11,126.00001,141.96001,123.36001,138.60001,6934200,57.75
2015-03-10,126.19993,137.47009,126.19993,130.78008,4615800,54.4917
2015-03-09,116.65992,129.00001,114.96001,126.99,4741700,52.9125
2015-03-06,121.60008,121.60008,114.19993,118.51008,3597200,49.3792
2015-03-05,125.01001,127.80001,117.66001,121.99009,4223400,50.8292
2015-03-04,124.57009,131.80008,122.59993,126.40008,3083600,52.6667
2015-03-03,129.00001,136.99993,125.16001,127.00008,4502600,52.9167
2015-03-02,119.20008,130.00008,117.00,129.25008,4703700,53.8542
2015-02-27,115.72009,120.78001,113.50992,118.84009,3652800,49.5167
2015-02-26,118.30008,118.80,111.51001,115.72009,4359800,48.2167
2015-02-25,126.79009,128.88001,116.20992,118.30992,3752600,49.2958
2015-02-24,127.99993,127.99993,127.99993,127.99993,000,53.3333
2015-02-23,127.99993,127.99993,127.99993,127.99993,000,53.3333
2015-02-20,127.99993,127.99993,127.99993,127.99993,000,53.3333
2015-02-19,127.99993,127.99993,127.99993,127.99993,000,53.3333
2015-02-18,127.99993,127.99993,127.99993,127.99993,000,53.3333
2015-02-17,128.50992,131.47009,122.59993,127.99993,3419100,53.3333
2015-02-16,131.98993,133.33008,127.00008,128.50008,3053800,53.5417
2015-02-13,121.90992,130.00008,120.90,130.00008,4806000,54.1667
2015-02-12,125.56008,127.98001,119.50008,120.40008,3091200,50.1667
2015-02-11,123.90,130.00008,122.29993,124.81008,3118800,52.0042
2015-02-10,118.71001,126.10008,115.00008,124.68001,2691100,51.95
2015-02-09,121.00992,126.97992,118.00008,120.01008,3569200,50.0042
2015-02-06,129.00001,132.49993,118.96993,124.30008,4396500,51.7917
2015-02-05,125.50008,133.99993,124.00008,129.97992,5909800,54.1583
2015-02-04,126.43993,134.50008,124.02,132.19993,4925800,55.0833
2015-02-03,116.50008,128.68993,115.36008,125.61001,6617100,52.3375
2015-02-02,109.02,118.54993,108.00,116.98992,4040000,48.7458
2015-01-30,118.02,118.89,109.99993,110.29993,3970300,45.9583
2015-01-29,107.80992,118.00008,107.71008,117.88008,5824500,49.1167
2015-01-28,107.35008,112.80,105.70008,108.99,3253000,45.4125
2015-01-27,108.00,112.98001,106.00008,108.90,4802200,45.375
2015-01-26,99.84,108.30,98.98992,108.30,4399000,45.125
2015-01-23,104.89993,105.64993,99.58008,99.99,5981200,41.6625
2015-01-22,106.53001,111.94993,103.80,105.70008,6258200,44.0417
2015-01-21,103.99009,112.27992,103.00992,107.56008,5718400,44.8167
2015-01-20,100.00008,107.59993,100.00008,103.99993,5178900,43.3333
2015-01-19,97.27992,106.53001,95.80008,100.30008,7988600,41.7917
2015-01-16,88.00008,97.30008,88.00008,97.30008,7289500,40.5417
2015-01-15,88.81993,90.94009,87.19993,88.45008,2876300,36.8542
2015-01-14,90.49993,93.01008,88.20,88.81993,3172400,37.0083
2015-01-13,88.77,94.50,86.35008,91.06008,5069800,37.9417
2015-01-12,82.02,90.00,81.43008,88.30992,6341600,36.7958
2015-01-09,85.99993,90.10008,83.50992,83.50992,6650800,34.7958
2015-01-08,82.00008,90.60,82.00008,85.99009,6577600,35.8292
2015-01-07,82.00008,84.49993,79.21008,82.62,5791600,34.425
2015-01-06,76.09992,85.09009,75.03,83.32009,10682700,34.7167
2015-01-05,73.24992,81.00,71.17992,77.35008,9500200,32.2292
2015-01-02,75.79992,75.79992,75.79992,75.79992,000,31.5833
2015-01-01,75.79992,75.79992,75.79992,75.79992,000,31.5833
2014-12-31,73.00008,80.71008,73.00008,75.79992,10081500,31.5833
2014-12-30,78.12,80.11993,78.12,78.12,2703400,32.55
2014-12-29,86.80008,89.50008,86.80008,86.80008,1850800,36.1667
2014-12-26,96.43992,96.43992,96.43992,96.43992,000,40.1833
2014-12-25,96.43992,96.43992,96.43992,96.43992,000,40.1833
2014-12-24,96.43992,96.43992,96.43992,96.43992,000,40.1833
2014-12-23,96.43992,96.43992,96.43992,96.43992,000,40.1833
2014-12-22,96.43992,96.43992,96.43992,96.43992,000,40.1833
2014-12-19,96.43992,96.43992,96.43992,96.43992,000,40.1833
2014-12-18,96.43992,96.43992,96.43992,96.43992,000,40.1833
2014-12-17,96.43992,96.43992,96.43992,96.43992,000,40.1833
2014-12-16,96.43992,96.43992,96.43992,96.43992,000,40.1833
2014-12-15,96.43992,96.43992,96.43992,96.43992,000,40.1833
2014-12-12,96.43992,96.43992,96.43992,96.43992,000,40.1833
2014-12-11,96.43992,96.43992,96.43992,96.43992,000,40.1833
2014-12-10,96.43992,96.43992,96.43992,96.43992,000,40.1833
2014-12-09,96.43992,96.43992,96.43992,96.43992,000,40.1833
2014-12-08,96.43992,96.43992,96.43992,96.43992,000,40.1833
2014-12-05,96.43992,96.43992,96.43992,96.43992,000,40.1833
2014-12-04,96.43992,96.43992,96.43992,96.43992,000,40.1833
2014-12-03,96.43992,96.43992,96.43992,96.43992,000,40.1833
2014-12-02,96.43992,96.43992,96.43992,96.43992,000,40.1833
2014-12-01,96.43992,96.43992,96.43992,96.43992,000,40.1833
2014-11-28,96.43992,96.43992,96.43992,96.43992,000,40.1833
2014-11-27,96.43992,96.43992,96.43992,96.43992,000,40.1833
2014-11-26,96.43992,96.43992,96.43992,96.43992,000,40.1833
2014-11-25,96.43992,96.43992,96.43992,96.43992,000,40.1833
2014-11-24,96.43992,96.43992,96.43992,96.43992,000,40.1833
2014-11-21,96.81001,99.45,95.95008,96.43992,2819800,40.1833
2014-11-20,96.49993,101.58001,95.32992,97.57009,6429100,40.6542
2014-11-19,90.01993,100.32,90.00,97.95,8354600,40.8125
2014-11-18,92.95008,93.49993,88.00992,91.20,9231800,38.00
2014-11-17,86.86993,86.86993,86.86993,86.86993,000,36.1958
2014-11-14,86.86993,86.86993,86.86993,86.86993,000,36.1958
2014-11-13,86.86993,86.86993,86.86993,86.86993,000,36.1958
2014-11-12,86.86993,86.86993,86.86993,86.86993,000,36.1958
2014-11-11,88.09993,88.09993,84.52009,86.86993,5976300,36.1958
2014-11-10,84.37992,90.18001,82.09993,88.96008,6880900,37.0667
2014-11-07,80.98992,86.86008,80.65008,84.04993,7444000,35.0208
2014-11-06,79.06008,81.87,79.05,80.65008,3121600,33.6042
2014-11-05,79.99993,82.39993,78.19993,80.59008,6159300,33.5792
2014-11-04,78.49008,82.05,78.40008,81.10992,14868700,33.7958
2014-11-03,74.59008,74.59008,74.59008,74.59008,000,31.0792
2014-10-31,77.19,77.85,73.17,74.59008,7198900,31.0792
2014-10-30,72.25008,79.39993,72.22008,77.86008,8844300,32.4417
2014-10-29,71.80008,73.17,70.99992,72.18,3560800,30.075
2014-10-28,68.92008,72.34992,68.10,71.70,3684200,29.875
2014-10-27,68.80008,68.80008,65.70,67.87992,2919800,28.2833
2014-10-24,70.63008,71.43,68.59992,69.00,3815800,28.75
2014-10-23,72.73992,73.48992,70.68,70.74,3025000,29.475
2014-10-22,73.11,74.88,72.70992,72.94992,2790000,30.3958
2014-10-21,72.70992,73.92,71.89992,73.20,3726600,30.50
2014-10-20,71.23008,73.50,71.23008,72.97992,3551100,30.4083
2014-10-17,76.99008,76.99008,69.66,71.71992,8650600,29.8833
2014-10-16,78.88008,79.96993,76.68,77.40,5183600,32.25
2014-10-15,79.80,81.85992,79.33344,80.33328,4422400,21.78147
2014-10-14,119.49984,120.88008,116.97984,119.67984,3144000,32.44984
2014-10-13,123.00011,123.99984,117.00,119.27988,6486800,32.3414
2014-10-10,124.44984,125.88983,122.19984,125.24003,2770000,33.95743
2014-10-09,123.78996,127.58004,123.45011,124.37999,4518500,33.72424
2014-10-08,117.87984,122.79995,117.87984,122.57999,4580900,33.23619
2014-10-07,116.79984,116.79984,116.79984,116.79984,000,31.66896
2014-10-06,116.79984,116.79984,116.79984,116.79984,000,31.66896
2014-10-03,116.79984,116.79984,116.79984,116.79984,000,31.66896
2014-10-02,116.79984,116.79984,116.79984,116.79984,000,31.66896
2014-10-01,116.79984,116.79984,116.79984,116.79984,000,31.66896
2014-09-30,115.99991,116.97011,115.32995,116.79984,2727900,31.66896
2014-09-29,114.01991,116.20008,114.01991,116.04995,3094800,31.46564
2014-09-26,119.21003,119.21003,113.00004,113.38992,5978800,30.7444
2014-09-25,119.32992,121.88015,119.32992,119.97,2147400,32.52852
2014-09-24,117.99,119.95992,117.50004,119.49984,2335400,32.40104
2014-09-23,119.49984,120.39984,116.49995,118.32011,4801700,32.08117
2014-09-22,123.98004,123.99012,119.36016,119.94984,3728300,32.52305
2014-09-19,122.60015,125.25011,121.60008,124.99991,2869500,33.89232
2014-09-18,123.77988,126.65988,121.39991,122.60015,3252800,33.24165
2014-09-17,122.63004,125.20008,120.67992,124.40015,3506000,33.7297
2014-09-16,125.79984,129.74003,121.37004,121.65011,4579100,32.98406
2014-09-15,118.80,127.80,118.80,125.98992,5065000,34.16075
2014-09-12,117.00,120.34007,116.49995,119.30004,2591500,32.34687
2014-09-11,121.65983,122.78987,117.00,117.96012,4089000,31.98356
2014-09-10,122.00004,123.50015,120.08015,121.65011,3382400,32.98406
2014-09-09,117.29988,123.80004,116.67995,122.24988,7015500,33.14668
2014-09-08,117.25992,117.25992,117.25992,117.25992,000,31.79371
2014-09-05,120.17016,120.17988,115.76987,117.25992,4867600,31.79371
2014-09-04,123.00011,127.29995,117.16991,119.58012,13272000,32.42281
2014-09-03,109.00008,118.24991,108.06984,118.24991,9105800,32.06213
2014-09-02,104.38992,108.87984,103.91003,107.49995,6877100,29.1474
2014-09-01,101.36988,104.46012,100.00008,104.01984,4127900,28.20381
2014-08-29,99.79992,101.19995,99.29988,100.69992,1738800,27.30365
2014-08-28,99.84995,101.45015,99.79992,100.14012,2553500,27.15187
2014-08-27,99.30996,101.26008,99.30996,99.86003,3020900,27.07593
2014-08-26,102.80988,103.91003,98.94995,99.97992,4338000,27.10843
2014-08-25,105.87996,106.85988,103.01003,103.20012,4211000,27.98155
2014-08-22,105.00012,108.47988,103.50,105.87996,5877000,28.70816
2014-08-21,101.49012,105.59988,101.49012,104.90004,4839000,28.44247
2014-08-20,103.28004,103.37004,100.60992,101.45015,2879300,27.50707
2014-08-19,103.38012,106.99992,102.30012,103.02011,5074700,27.93275
2014-08-18,100.19016,102.88008,100.19016,102.70008,3453400,27.84597
2014-08-15,99.82008,101.39004,99.39995,101.00015,2121600,27.38506
2014-08-14,99.00,101.85012,98.93016,100.09007,3587700,27.1383
2014-08-13,101.97,101.97,98.20008,99.92988,6126200,27.09486
2014-08-12,107.49995,108.10008,101.80008,102.35015,7305200,27.75109
2014-08-11,103.97988,109.15992,103.12992,107.34984,4727000,29.1067
2014-08-08,100.97999,105.40008,100.28016,104.00004,6072200,28.19844
2014-08-07,99.69984,102.98016,99.39995,99.56016,3182800,26.99462
2014-08-06,100.00008,101.58012,99.33012,99.95004,2254000,27.10033
2014-08-05,98.42004,102.99995,97.30008,100.80,4716000,27.33079
2014-08-04,98.61012,99.38987,97.76988,98.42004,2274900,26.68549
2014-08-01,98.49995,100.58004,97.99992,98.52984,2881000,26.71526
2014-07-31,100.00008,100.44,97.74,98.97984,4138900,26.83727
2014-07-30,100.62,103.50,97.80012,100.55988,10048000,27.26568
2014-07-29,95.00004,100.45008,95.00004,100.45008,9682700,27.23591
2014-07-28,88.30008,91.74995,87.75,91.32011,3640200,24.76042
2014-07-25,88.35012,88.35012,86.81003,87.87996,2947200,23.82766
2014-07-24,87.19992,88.68996,87.18984,88.26984,4592900,23.93337
2014-07-23,89.30015,90.20015,86.82984,87.18012,3468200,23.63791
2014-07-22,88.99992,90.60012,88.08984,89.47008,3522600,24.25881
2014-07-21,92.09988,92.58984,86.82011,89.24004,4762000,24.19643
2014-07-18,92.14992,93.85992,92.14992,92.36988,2414100,25.04505
2014-07-17,92.10996,93.47004,91.94004,92.10996,2784800,24.97458
2014-07-16,92.30004,93.48984,91.69992,92.09988,2818100,24.97185
2014-07-15,98.88012,98.97011,91.10015,93.63996,8224600,25.38942
2014-07-14,101.99988,102.39984,98.35992,99.24984,5658700,26.91048
2014-07-11,103.78008,105.40008,100.50983,101.40012,8433100,27.4935
2014-07-10,101.00015,109.29995,99.87984,104.64984,10646200,28.37463
2014-07-09,95.31,104.18004,94.47984,101.31012,16042400,27.4691
2014-07-08,105.00012,105.00012,92.32992,94.70988,19254100,25.67952
2014-07-07,97.80983,97.80983,97.80983,97.80983,000,26.52004
2014-07-04,97.80983,97.80983,97.80983,97.80983,000,26.52004
2014-07-03,97.80983,97.80983,97.80983,97.80983,000,26.52004
2014-07-02,97.80983,97.80983,97.80983,97.80983,000,26.52004
2014-07-01,97.80983,97.80983,97.80983,97.80983,000,26.52004
2014-06-30,97.80983,97.80983,97.80983,97.80983,000,26.52004
2014-06-27,97.80983,97.80983,97.80983,97.80983,000,26.52004
2014-06-26,97.80983,97.80983,97.80983,97.80983,000,26.52004
2014-06-25,97.80983,97.80983,97.80983,97.80983,000,26.52004
2014-06-24,97.80983,97.80983,97.80983,97.80983,000,26.52004
2014-06-23,97.80983,97.80983,97.80983,97.80983,000,26.52004
2014-06-20,97.80983,97.80983,97.80983,97.80983,000,26.52004
2014-06-19,97.80983,97.80983,97.80983,97.80983,000,26.52004
2014-06-18,97.80983,97.80983,97.80983,97.80983,000,26.52004
2014-06-17,97.80983,97.80983,97.80983,97.80983,000,26.52004
2014-06-16,97.80983,97.80983,97.80983,97.80983,000,26.52004
2014-06-13,97.80983,97.80983,97.80983,97.80983,000,26.52004
2014-06-12,97.80983,97.80983,97.80983,97.80983,000,26.52004
2014-06-11,97.80983,97.80983,97.80983,97.80983,000,26.52004
2014-06-10,97.80983,97.80983,97.80983,97.80983,000,26.52004
2014-06-09,97.80983,97.80983,97.80983,97.80983,000,26.52004
2014-06-06,97.80983,97.80983,97.80983,97.80983,000,26.52004
2014-06-05,97.80983,97.80983,97.80983,97.80983,000,26.52004
2014-06-04,97.80983,97.80983,97.80983,97.80983,000,26.52004
2014-06-03,97.80983,97.80983,97.80983,97.80983,000,26.52004
2014-06-02,97.80983,97.80983,97.80983,97.80983,000,26.52004
2014-05-30,97.80983,97.80983,97.80983,97.80983,000,26.52004
2014-05-29,97.80983,97.80983,97.80983,97.80983,000,26.52004
2014-05-28,97.80983,97.80983,97.80983,97.80983,000,26.52004
2014-05-27,97.80983,97.80983,97.80983,97.80983,000,26.52004
2014-05-26,97.80983,97.80983,97.80983,97.80983,000,26.52004
2014-05-23,97.80983,97.80983,97.80983,97.80983,000,26.52004
2014-05-22,97.80983,97.80983,97.80983,97.80983,000,26.52004
2014-05-21,97.80983,97.80983,97.80983,97.80983,000,26.52004
2014-05-20,97.80983,97.80983,97.80983,97.80983,000,26.52004
2014-05-19,97.80983,97.80983,97.80983,97.80983,000,26.52004
2014-05-16,97.80983,97.80983,97.80983,97.80983,000,26.52004
2014-05-15,97.80983,97.80983,97.80983,97.80983,000,26.52004
2014-05-14,97.80983,97.80983,97.80983,97.80983,000,26.52004
2014-05-13,97.80983,97.80983,97.80983,97.80983,000,26.52004
2014-05-12,97.80983,97.80983,97.80983,97.80983,000,26.52004
2014-05-09,97.80983,97.80983,97.80983,97.80983,000,26.52004
2014-05-08,97.80983,97.80983,97.80983,97.80983,000,26.52004
2014-05-07,97.80983,97.80983,97.80983,97.80983,000,26.52004
2014-05-06,97.80983,97.80983,97.80983,97.80983,000,26.52004
2014-05-05,97.80983,97.80983,97.80983,97.80983,000,25.54394
2014-05-02,97.80983,97.80983,97.80983,97.80983,000,25.54394
2014-05-01,97.80983,97.80983,97.80983,97.80983,000,25.54394
2014-04-30,97.80983,97.80983,97.80983,97.80983,000,25.54394
2014-04-29,97.80983,97.80983,97.80983,97.80983,000,25.54394
2014-04-28,97.80983,97.80983,97.80983,97.80983,000,25.54394
2014-04-25,97.80983,97.80983,97.80983,97.80983,000,25.54394
2014-04-24,97.80983,97.80983,97.80983,97.80983,000,25.54394
2014-04-23,97.80983,97.80983,97.80983,97.80983,000,25.54394
2014-04-22,97.80983,97.80983,97.80983,97.80983,000,25.54394
2014-04-21,97.80983,97.80983,97.80983,97.80983,000,25.54394
2014-04-18,97.80983,97.80983,97.80983,97.80983,000,25.54394
2014-04-17,97.80983,97.80983,97.80983,97.80983,000,25.54394
2014-04-16,97.80983,97.80983,97.80983,97.80983,000,25.54394
2014-04-15,97.80983,97.80983,97.80983,97.80983,000,25.54394
2014-04-14,97.80983,97.80983,97.80983,97.80983,000,25.54394
2014-04-11,97.80983,97.80983,97.80983,97.80983,000,25.54394
2014-04-10,97.70004,99.87984,96.35004,97.80983,2286200,25.54394
2014-04-09,97.77996,99.02016,95.51988,97.44984,2464900,25.44992
2014-04-08,94.22999,97.98984,92.85012,97.22988,2775300,25.39248
2014-04-07,94.82004,94.82004,94.82004,94.82004,000,24.76313
2014-04-04,91.02996,95.33016,89.66988,94.82004,2753000,24.76313
2014-04-03,89.37,92.87999,89.37,91.81008,2847700,23.97705
2014-04-02,93.89016,94.29984,88.85015,90.38016,2999600,23.60361
2014-04-01,92.99988,95.69988,91.50012,93.39984,2394500,24.39223
2014-03-31,92.07,95.50008,90.02988,92.67984,2448100,24.20419
2014-03-28,96.92999,96.92999,89.25983,92.09988,5016400,24.05273
2014-03-27,101.40012,101.99016,96.99984,97.21008,3521200,25.38731
2014-03-26,100.38996,102.39984,99.48996,102.31991,2491000,26.72179
2014-03-25,99.50004,101.99016,97.59995,100.50012,2571300,26.24653
2014-03-24,106.40988,106.99992,98.17992,99.47016,6255600,25.97755
2014-03-21,103.42008,107.49995,102.16008,105.28992,5177400,27.49743
2014-03-20,110.49984,113.28012,104.69988,105.99984,5447700,27.68283
2014-03-19,111.99995,112.50,108.01008,110.00988,6133100,28.73009
2014-03-18,116.58996,116.97984,113.50008,113.72004,3918100,29.69903
2014-03-17,114.99984,118.45008,111.75983,116.60004,4575900,30.45117
2014-03-14,111.89988,120.08987,110.00015,117.00,7664100,30.55563
2014-03-13,101.40012,111.09995,99.20988,111.09995,5745000,29.01478
2014-03-12,103.98996,105.99012,96.40008,101.00015,6867900,26.37712
2014-03-11,110.00015,114.59988,103.50,104.90004,14582000,27.39561
2014-03-10,105.59988,105.59988,105.59988,105.59988,7761200,27.57838
2014-03-07,101.87999,101.99988,95.68008,96.00012,5984400,25.07131
2014-03-06,94.79988,100.52999,92.99988,100.52999,8479600,26.25433
2014-03-05,90.56016,93.24,89.22996,91.38996,3643100,23.86733
2014-03-04,90.33984,92.27016,88.25004,90.00,2851100,23.50433
2014-03-03,90.42984,91.58004,88.61003,90.33012,3049000,23.59054
2014-02-28,91.00008,92.89007,86.50008,91.58004,4521000,23.91697
2014-02-27,91.29995,93.48012,88.88004,91.01988,5324900,23.77068
2014-02-26,88.99992,90.78012,86.96016,89.71991,5046600,23.43118
2014-02-25,101.90015,101.90015,91.78992,91.78992,8303800,23.97178
2014-02-24,99.10008,102.26988,97.67988,101.99016,5067600,26.63567
2014-02-21,100.32011,101.58012,98.49995,99.25992,3346700,25.92264
2014-02-20,103.84992,103.84992,99.60012,100.00008,4982600,26.11594
2014-02-19,104.00004,104.50008,100.59984,103.89995,3178000,27.13443
2014-02-18,107.49995,107.49995,103.51008,104.00004,4911800,27.16057
2014-02-17,105.90012,108.56016,101.80008,108.48996,4644500,28.33315
2014-02-14,104.15015,108.59004,103.80996,106.20,3801900,27.73511
2014-02-13,110.90015,114.99012,103.79988,104.15015,6114600,27.19977
2014-02-12,112.10004,112.37004,108.92988,111.80015,3638700,29.19764
2014-02-11,113.51988,114.80004,108.11016,113.10012,7209600,29.53714
2014-02-10,117.60011,119.27988,111.99995,114.00012,9813800,29.77218
2014-02-07,117.10008,122.00004,112.34988,119.99988,8209400,31.33907
2014-02-06,117.00,117.00,117.00,117.00,000,30.55563
2014-02-05,117.00,117.00,117.00,117.00,000,30.55563
2014-02-03,117.00,117.00,117.00,117.00,000,30.55563
2014-01-31,117.00,117.00,117.00,117.00,000,30.55563
2014-01-30,117.00,122.57999,114.04007,117.00,10586500,30.55563
2014-01-29,100.11996,111.44016,99.00,111.44016,8469400,29.10362
2014-01-28,98.31996,104.00004,95.00004,101.31012,6179300,26.45807
2014-01-27,93.02004,101.97,92.18016,100.00008,9015100,26.11594
2014-01-24,87.99984,96.59988,87.80004,94.74984,17533300,24.74479
2014-01-23,81.00,88.26012,80.88984,88.26012,8917100,23.04994
2014-01-22,76.41,80.93988,76.02984,80.24004,6021900,20.95543
2014-01-21,74.99988,76.47012,74.50992,76.39992,3886000,19.95254
2014-01-20,78.63012,79.97004,73.91016,74.45988,5484800,19.44588
2014-01-17,79.70004,81.07992,78.50016,78.78996,3019600,20.57672
2014-01-16,82.50012,82.78992,78.99984,79.80012,6036400,20.84054
2014-01-15,82.00008,84.47004,81.21996,82.59984,5467400,21.57171
2014-01-14,80.88012,82.17,79.59996,81.87012,4935500,21.38113
2014-01-13,79.20,82.50012,78.60996,81.20016,7449500,21.20617
2014-01-10,77.01012,80.57988,76.10004,79.50996,6652500,20.76476
2014-01-09,77.50008,80.97984,77.23008,78.33996,13604700,20.4592
2014-01-08,70.38,77.95008,70.38,75.96,24063800,19.83765
2014-01-07,76.51008,78.98004,76.51008,78.19992,3078300,20.42263
2014-01-06,80.01,82.50012,77.24988,77.55012,5258800,20.25293
2014-01-03,80.49996,81.92988,78.99984,80.96004,5604600,21.14346
2014-01-02,77.99004,81.88992,77.61996,81.10008,6468200,21.18003
2014-01-01,77.65992,77.65992,77.65992,77.65992,000,20.2816
2013-12-31,80.03016,80.48988,76.05,77.65992,7837200,20.2816
2013-12-30,81.00,82.29996,80.55,81.29016,6162400,21.22967
2013-12-27,78.94008,81.92016,78.24996,81.43992,10312000,21.26878
2013-12-26,79.21008,81.81,77.69988,78.09984,13044100,20.39649
2013-12-25,73.85004,79.74,73.13004,79.74,13622900,20.82483
2013-12-24,72.84996,75.13992,71.69004,72.48996,9979400,18.93142
2013-12-23,70.70004,73.50012,70.40016,72.78012,4859100,19.0072
2013-12-20,70.54992,71.38008,69.62004,70.70004,4136700,18.46397
2013-12-19,70.88004,72.86004,70.88004,71.16012,5671900,18.58412
2013-12-18,72.50004,73.18008,70.22988,70.79004,3644700,18.48747
2013-12-17,71.49996,73.47996,70.56,72.83016,5402200,19.02027
2013-12-16,74.30004,75.70008,69.87996,71.70012,10946300,18.72515
2013-12-13,75.89988,77.60016,74.66004,74.99016,8215600,19.58437
2013-12-12,75.16008,77.78016,74.70,75.99996,6399800,19.84809
2013-12-11,75.60,77.96016,74.58984,75.27996,4989200,19.66005
2013-12-10,78.98004,78.99984,74.88,75.84984,9331100,19.80888
2013-12-09,77.99004,79.17984,76.50,78.75,6595700,20.56629
2013-12-06,74.98008,77.96988,74.09016,76.79988,5828500,20.05699
2013-12-05,77.69988,78.87996,75.11004,75.89016,8565400,19.81941
2013-12-04,79.14996,82.71,78.59988,79.16004,7946400,20.67337
2013-12-03,79.31016,81.97992,74.48004,78.36012,12007700,20.46447
2013-12-02,82.76004,84.52008,82.76004,82.76004,6445400,21.61355
2013-11-29,90.55008,94.16016,90.19007,91.95012,9096100,24.01362
2013-11-28,87.19992,89.98992,87.00984,89.98992,6662200,23.5017
2013-11-27,86.86008,89.38008,85.01003,87.47999,9893900,22.84621
2013-11-26,92.00015,95.37984,87.00012,87.14988,12334600,22.75999
2013-11-25,86.97996,94.29984,86.79995,91.81008,8553700,23.97705
2013-11-22,89.48987,90.20015,86.69988,87.19992,6302500,22.77306
2013-11-21,86.90004,91.45008,85.20984,90.29988,9439000,23.58264
2013-11-20,87.99012,89.98992,85.61016,87.75,9127900,22.91672
2013-11-19,88.20,92.42999,87.50015,87.91991,10346600,22.9611
2013-11-18,87.68016,90.90,86.50008,88.59995,12100600,23.13869
2013-11-15,79.58016,87.67008,78.99984,87.67008,19388800,22.89585
2013-11-14,74.00016,81.18,74.00016,79.70004,15293900,20.8144
2013-11-13,71.80992,75.49992,71.79984,73.80,4347100,19.27355
2013-11-12,72.99,74.46996,71.52984,72.69984,3921600,18.98623
2013-11-11,69.69996,73.46988,68.90004,72.07992,4087100,18.82433
2013-11-08,69.00012,70.98012,68.50008,69.99984,3296700,18.2811
2013-11-07,70.58016,71.70012,68.68008,69.59988,4831600,18.17665
2013-11-06,74.49984,75.70008,70.99992,71.20008,5131900,18.59456
2013-11-05,73.74996,75.11004,72.55008,74.99016,3315900,19.58437
2013-11-04,71.51004,74.95992,71.51004,73.71,3460600,19.25005
2013-11-01,73.23012,74.40984,70.49988,71.98992,4852000,18.80083
2013-10-31,79.54992,80.30016,74.30004,74.40984,7169200,19.43281
2013-10-30,77.69988,81.65988,76.59,80.49996,6162900,21.0233
2013-10-29,78.99984,79.98012,74.49984,78.03,8332000,20.37825
2013-10-28,73.59984,80.93988,72.20016,79.77996,8704000,20.83527
2013-10-25,71.38008,76.20012,71.38008,73.69992,7888500,19.24741
2013-10-24,72.79992,73.36008,70.13016,71.87004,4065000,18.76952
2013-10-23,68.90004,71.97984,68.90004,71.80992,5660100,18.75382
2013-10-22,73.22004,73.22004,68.00004,68.76,6756600,17.95731
2013-10-21,73.86984,74.99016,72.50004,73.59984,4547300,19.22128
2013-10-18,70.18992,72.97992,69.99984,72.84996,4692300,19.02544
2013-10-17,68.23008,72.50004,68.23008,69.31008,6818000,18.10097
2013-10-16,75.35988,75.49992,67.80996,67.83012,9396500,17.71446
2013-10-15,78.00012,78.18012,74.00988,75.34008,5364300,19.67575
2013-10-14,75.60,78.24996,74.00988,78.00012,5344200,20.37045
2013-10-11,76.20012,77.49,73.55988,75.39012,5249500,19.68882
2013-10-10,79.40016,80.42004,75.09996,75.66012,6902300,19.75934
2013-10-09,77.69988,80.69004,77.00004,79.22016,7011100,20.68907
2013-10-08,80.79984,81.50004,76.08996,78.00012,6882400,20.37045
2013-10-07,80.98992,80.98992,80.98992,80.98992,000,21.15126
2013-10-04,80.98992,80.98992,80.98992,80.98992,000,21.15126
2013-10-03,80.98992,80.98992,80.98992,80.98992,000,21.15126
2013-10-02,80.98992,80.98992,80.98992,80.98992,000,21.15126
2013-10-01,80.98992,80.98992,80.98992,80.98992,000,21.15126
2013-09-30,78.99984,82.50012,78.69996,80.98992,6044300,21.15126
2013-09-27,80.12988,81.00,77.10984,78.69996,4876000,20.55322
2013-09-26,80.25012,83.37996,79.48008,79.89984,5134800,20.86658
2013-09-25,80.57016,83.49012,79.00992,80.55,5091600,21.03637
2013-09-24,83.54016,84.00996,78.00012,80.79984,6745600,21.10162
2013-09-23,83.09988,86.50008,80.48988,84.34007,7081800,22.02619
2013-09-20,82.80,82.80,82.80,82.80,000,21.62398
2013-09-18,81.69984,83.99988,80.01,82.80,4995300,21.62398
2013-09-17,81.99,85.20012,81.38988,81.65988,7249800,21.32623
2013-09-16,77.00004,84.53988,75.99996,82.73016,10279300,21.60574
2013-09-13,73.10016,77.47992,73.10016,76.84992,9548800,20.07006
2013-09-12,68.06016,75.34008,67.79988,75.34008,13236000,19.67575
2013-09-11,71.52012,71.88012,66.70008,68.49,6094900,17.88679
2013-09-10,73.10016,73.96992,69.89004,70.71984,6903400,18.46914
2013-09-09,71.97012,74.99988,70.40016,73.99008,9073600,19.32319
2013-09-06,69.00012,73.37988,67.06008,72.38988,11081800,18.90528
2013-09-05,65.49012,71.39988,65.04984,68.83992,12304200,17.97818
2013-09-04,64.50984,67.15008,64.13004,65.49984,8256500,17.10589
2013-09-03,62.83008,64.50012,62.04996,63.99,4990300,16.71158
2013-09-02,60.90012,63.78012,60.27984,63.05004,5844500,16.4661
2013-08-30,65.67984,65.99988,60.08004,60.90012,10811200,15.90463
2013-08-29,66.11004,68.29992,65.04984,66.48984,8188200,17.36443
2013-08-28,69.00012,70.58988,66.49992,66.57012,11415800,17.3854
2013-08-27,64.81008,70.89984,63.21996,70.76016,15612000,18.47967
2013-08-26,63.69984,68.41008,62.70012,65.19996,13077600,17.02757
2013-08-23,63.00,65.58012,60.37992,63.51984,17889900,16.58879
2013-08-22,56.70,62.29008,56.66004,62.29008,12462900,16.26763
2013-08-21,55.94004,56.63016,55.05012,56.63016,5715700,14.78949
2013-08-20,57.09996,57.89988,55.92996,56.25,5842500,14.69021
2013-08-19,54.57996,56.99016,54.57996,56.66004,7306400,14.79729
2013-08-16,58.41,58.44996,54.18,54.88992,11206900,14.33501
2013-08-15,60.24996,61.86996,59.29992,59.29992,8059100,15.48672
2013-08-14,60.40008,60.40008,58.50,59.95008,8091700,15.65651
2013-08-13,57.99996,61.18992,57.54996,60.54012,9960100,15.81061
2013-08-12,56.30004,57.57012,55.87992,57.48984,8567400,15.014
2013-08-09,54.29988,58.50,54.29988,56.59992,11970100,14.78159
2013-08-08,52.95996,54.33012,52.26012,53.67996,5084900,14.01902
2013-08-07,55.50012,55.87992,52.61004,52.76016,9340500,13.7788
2013-08-06,56.10996,57.43008,55.87992,55.95012,7265800,14.61189
2013-08-05,55.91988,56.82996,55.10988,56.39004,6620700,14.72678
2013-08-02,56.79,58.44996,55.82988,55.91016,9994600,14.60145
2013-08-01,53.48988,56.70,53.10,56.19996,9396100,14.67714
2013-07-31,53.07012,54.77004,52.31988,53.52012,5971700,13.97727
2013-07-30,55.24992,55.77984,51.64992,53.01,7974200,13.84405
2013-07-29,55.38996,56.88,54.55008,54.93996,5509400,14.34808
2013-07-26,55.59984,57.17988,54.50004,55.85004,10510700,14.58575
2013-07-25,62.01,62.61012,56.70,56.70,18277100,14.80773
2013-07-24,60.77988,65.80008,59.90004,63.00,18808700,16.45303
2013-07-23,60.81012,61.59996,58.52016,61.13988,14707400,15.96724
2013-07-22,60.30,62.97012,58.50,60.81984,15940600,15.88366
2013-07-19,60.80004,62.66988,59.79996,60.50016,16958900,15.80017
2013-07-18,61.04988,63.18,60.35004,60.75,10611700,15.86542
2013-07-17,61.99992,66.66012,61.50996,61.97004,20899900,16.18405
2013-07-16,60.15996,63.70992,59.65992,62.17992,12778700,16.23886
2013-07-15,57.99996,61.02,56.99988,61.02,15249800,15.93594
2013-07-12,50.00004,55.46988,49.50,55.46988,15076600,14.48647
2013-07-11,48.49992,50.49,47.90988,50.42988,17491700,13.17023
2013-07-10,47.09988,49.32,47.09988,49.32,20981900,12.88037
2013-07-09,42.99984,44.84016,42.99012,44.84016,3451900,11.71042
2013-07-08,41.00004,42.19992,39.99996,40.75992,4424500,10.64483
2013-07-05,45.18,45.77004,42.99984,42.99984,4639100,11.2298
2013-07-04,46.37016,46.37016,44.60004,44.78004,5255000,11.69472
2013-07-03,45.10008,46.77984,43.49988,46.77984,6974000,12.21699
2013-07-02,44.70012,46.24992,44.70012,45.60984,6076800,11.91143
2013-07-01,42.95988,45.10008,42.54984,45.10008,3365400,11.7783
2013-06-28,43.00992,44.96004,42.50988,42.95988,3008300,11.21937
2013-06-27,45.79992,46.00008,43.67016,43.83,4602800,11.44661
2013-06-26,42.59988,45.28008,42.40008,45.20016,5491300,11.80444
2013-06-25,41.50008,43.27992,39.20004,42.90012,3952400,11.20376
2013-06-24,43.81992,44.75016,41.01012,42.41016,4683100,11.0758
2013-06-21,45.00,45.19008,42.99984,44.25012,5637100,11.55633
2013-06-20,49.88016,49.88016,46.37016,46.37016,10470300,12.10999
2013-06-19,48.21984,50.74992,47.04984,50.37012,7232600,13.15462
2013-06-18,49.20012,49.28004,47.13984,48.80988,7082200,12.74715
2013-06-17,49.84992,51.18984,48.65004,49.44996,9509900,12.91431
2013-06-14,47.90016,50.16996,47.49984,49.51008,8393200,12.93001
2013-06-13,45.45,48.17988,43.76988,47.76012,7026800,12.47299
2013-06-12,45.87984,45.87984,45.87984,45.87984,000,11.98194
2013-06-11,45.87984,45.87984,45.87984,45.87984,000,11.98194
2013-06-10,45.87984,45.87984,45.87984,45.87984,000,11.98194
2013-06-07,44.65008,46.49004,44.64,45.87984,4187300,11.98194
2013-06-06,44.75016,45.42984,44.48988,44.49996,1883900,11.62157
2013-06-05,44.28,45.36,43.99992,45.00,2177200,11.75216
2013-06-04,46.50984,46.80,43.98012,44.39988,4458200,11.59544
2013-06-03,48.42,48.80016,46.32012,46.50012,3961800,12.14393
2013-05-31,48.71016,49.50,48.30012,48.39984,2469900,12.64006
2013-05-30,48.30984,49.08996,48.04992,48.67992,3461800,12.71321
2013-05-29,48.70008,48.98988,48.17988,48.57012,3075400,12.68453
2013-05-28,50.16996,50.16996,47.94984,48.96,4145500,12.78635
2013-05-27,50.10012,51.00012,49.74984,50.19984,4349100,13.11015
2013-05-24,48.66012,50.50008,48.66012,50.10012,4280800,13.08411
2013-05-23,47.99988,50.10012,47.88,48.62988,3824300,12.70014
2013-05-22,50.99004,50.99004,48.80016,48.88008,5276100,12.76548
2013-05-21,51.69996,51.69996,50.10012,51.00012,6837500,13.31915
2013-05-20,50.60016,52.98984,50.55012,52.76016,6013900,12.83863
2013-05-17,49.02984,50.69016,48.98016,50.50008,4023800,12.28866
2013-05-16,50.50008,51.96996,48.80016,49.10004,6623200,11.94798
2013-05-15,48.98988,50.60016,48.80016,50.55984,2995400,12.3032
2013-05-14,50.70996,51.50016,48.49992,48.85992,3339200,11.88955
2013-05-13,51.35004,51.49008,50.00004,50.68008,3469000,12.33246
2013-05-10,52.88004,52.88004,50.51016,51.36012,5506200,12.49794
2013-05-09,51.85008,53.60004,50.96016,53.60004,8102900,13.043
2013-05-08,50.09004,52.99992,50.09004,51.82992,6050000,12.61226
2013-05-07,50.06988,50.99004,49.42008,49.98996,3991200,12.16453
2013-05-06,47.86992,51.80004,47.58984,50.99004,7708700,12.40789
2013-05-03,46.51992,48.42,46.51992,47.25,3321200,11.49779
2013-05-02,46.23984,46.86984,45.00,46.59984,3525100,11.33958
2013-05-01,46.45008,46.45008,46.45008,46.45008,000,11.30314
2013-04-30,46.45008,46.45008,46.45008,46.45008,000,11.30314
2013-04-29,46.45008,46.45008,46.45008,46.45008,000,11.30314
2013-04-26,48.80988,49.41,46.37988,46.45008,5417400,11.30314
2013-04-25,46.47996,51.00012,46.19988,48.89016,10467800,11.8969
2013-04-24,44.03016,46.86012,44.03016,46.36008,2739200,11.28124
2013-04-23,46.63008,46.64988,43.99992,44.30016,1880300,10.77998
2013-04-22,45.79992,47.01996,45.29988,46.49004,2423500,11.31286
2013-04-19,44.60004,45.84996,44.60004,45.84996,2019600,11.1571
2013-04-18,43.88004,45.10008,43.29,44.76996,3021100,10.8943
2013-04-17,43.81992,44.20008,43.04016,44.08992,1384500,10.72882
2013-04-16,42.98004,44.40996,42.50016,44.20008,1251300,10.75562
2013-04-15,46.00008,46.00008,42.51996,43.80012,3648500,10.6583
2013-04-12,46.74996,47.40012,46.00008,46.87992,2590400,11.40773
2013-04-11,46.68984,48.49992,46.55988,46.91016,3528800,11.41509
2013-04-10,46.55988,46.80,45.79992,46.64988,1934900,11.35176
2013-04-09,45.01008,46.68984,45.00,46.59984,3591800,11.33958
2013-04-08,43.00992,45.05004,42.51996,44.98992,1884200,10.94782
2013-04-05,43.80012,43.80012,43.80012,43.80012,000,10.6583
2013-04-04,43.80012,43.80012,43.80012,43.80012,000,10.6583
2013-04-03,44.15004,44.43012,43.00992,43.80012,1128800,10.6583
2013-04-02,44.07012,45.05004,43.89984,44.16984,2115100,10.74826
2013-04-01,42.40008,44.37,42.30,44.07012,2155700,10.724
2013-03-29,43.04016,43.40016,42.36012,42.57,1343000,10.35896
2013-03-28,45.00,45.38988,42.68016,42.90012,2677100,10.43929
2013-03-27,46.01016,46.45008,45.05004,45.39996,2082200,11.0476
2013-03-26,45.99,46.17,45.69984,46.05984,1763600,11.20818
2013-03-25,47.52,47.58012,45.51984,46.31004,2553300,11.26906
2013-03-22,46.49004,47.67984,46.47996,47.04984,3063700,11.44908
2013-03-21,46.19988,47.00016,46.01016,46.60992,2697400,11.34203
2013-03-20,44.76996,46.38996,44.76996,46.19016,2479400,11.23989
2013-03-19,44.79984,45.33984,44.29008,44.70012,1567600,10.8773
2013-03-18,44.60004,45.16992,44.30016,44.79984,1618800,10.90157
2013-03-15,44.29008,45.38016,44.29008,44.39016,2876600,10.80188
2013-03-14,44.29008,44.93988,44.21988,44.33004,2085000,10.78725
2013-03-13,46.10988,46.50012,44.10,44.49996,3652900,10.8286
2013-03-12,50.69988,50.69988,45.51984,46.42992,6355700,11.29823
2013-03-11,49.98996,51.23988,49.84992,50.58,3076100,12.30811
2013-03-08,50.01012,50.83992,49.65984,50.01012,3356300,12.16943
2013-03-07,51.09984,51.30,49.50,49.74012,5012600,12.10373
2013-03-06,48.52008,51.89004,48.00996,51.50988,10016400,12.53439
2013-03-05,48.35988,49.50,48.30012,49.44996,2409000,12.03313
2013-03-04,49.60008,50.45004,48.13992,48.25008,4011700,11.74115
2013-03-01,48.89988,50.47992,48.70008,50.42988,4815800,12.27158
2013-02-28,48.30012,48.98016,48.00996,48.98016,3334400,11.91881
2013-02-27,49.91004,50.37984,47.89008,48.25008,4784900,11.74115
2013-02-26,49.51008,51.18012,49.34988,49.96008,4091100,12.15726
2013-02-25,50.60016,50.60016,49.51008,49.79988,3569500,12.11828
2013-02-22,50.20992,50.90004,49.16988,50.19984,4123300,12.2156
2013-02-21,49.50,50.87988,49.10004,50.00004,4395600,12.16698
2013-02-20,49.05,50.28012,48.92004,49.97988,3186000,12.16208
2013-02-19,51.19992,51.26004,48.88008,49.02984,4639900,11.93089
2013-02-18,51.40008,51.48,50.56992,51.24996,2970500,12.47114
2013-02-15,51.14016,51.14016,51.14016,51.14016,000,12.44442
2013-02-14,51.14016,51.14016,51.14016,51.14016,000,12.44442
2013-02-13,51.14016,51.14016,51.14016,51.14016,000,12.44442
2013-02-12,51.14016,51.14016,51.14016,51.14016,000,12.44442
2013-02-11,51.14016,51.14016,51.14016,51.14016,000,12.44442
2013-02-08,50.37984,51.53004,50.00004,51.14016,3952400,12.44442
2013-02-07,49.83984,50.46984,49.20984,50.19984,3503800,12.2156
2013-02-06,49.89996,50.82984,49.29984,50.02992,5501000,12.17425
2013-02-05,48.99996,50.32008,48.30012,49.93992,10179800,12.15235
2013-02-04,50.99004,53.89992,50.32008,52.59996,4782300,12.79965
2013-02-01,50.87988,51.86988,50.55984,51.19992,2617100,12.45896
2013-01-31,52.03008,52.44984,50.45004,50.97996,3347800,12.40544
2013-01-30,53.79984,54.10008,51.59988,52.22016,4241100,12.70722
2013-01-29,54.15012,54.60012,53.33004,53.79984,3377100,13.09162
2013-01-28,53.28,54.24984,53.28,54.15012,3159500,13.17686
2013-01-25,52.49988,53.69004,52.05996,53.30016,2467400,12.97003
2013-01-24,52.80012,54.51012,51.19992,52.40016,4668400,12.75103
2013-01-23,52.65,53.97984,51.99984,53.93016,4174400,13.12334
2013-01-22,56.19996,56.36988,51.62004,52.67016,7102200,12.81673
2013-01-21,55.59984,56.54988,55.36008,56.49984,4096300,13.74864
2013-01-18,56.00988,56.79,54.60012,56.04984,4066300,13.63914
2013-01-17,55.95984,57.67992,55.71,55.86984,3464900,13.59534
2013-01-16,58.20012,58.20012,55.90008,56.32992,6716700,13.70729
2013-01-15,60.10992,60.30,57.89988,58.79988,8012300,14.30833
2013-01-14,57.81996,60.99984,57.03012,60.78996,7467400,14.7926
2013-01-11,57.80016,60.49008,57.17988,58.68,9136000,14.27916
2013-01-10,55.69992,58.88016,55.55016,56.98008,7615700,13.8655
2013-01-09,57.78,58.88016,54.51012,55.91988,9837500,13.60751
2013-01-08,59.29992,61.94988,58.01004,59.90004,7755400,14.57604
2013-01-07,60.72012,61.48008,57.60,58.95,9062500,14.34486
2013-01-04,54.29988,59.28984,53.51004,59.28984,10490100,14.42756
2013-01-03,53.89992,53.89992,53.89992,53.89992,000,13.11598
2013-01-02,53.89992,53.89992,53.89992,53.89992,000,13.11598
2013-01-01,53.89992,53.89992,53.89992,53.89992,000,13.11598
2012-12-31,53.98992,54.95004,52.67988,53.89992,6033200,13.11598
2012-12-28,51.99012,56.45016,51.99012,54.57996,10756500,13.28146
2012-12-27,56.89008,57.30012,51.67008,52.35012,13623600,12.73885
2012-12-26,48.66984,53.66016,48.35988,53.66016,7555800,13.05763
2012-12-25,48.39984,49.60008,48.06,48.78,4078100,11.8701
2012-12-24,46.58004,49.50,46.19988,48.57984,4135000,11.82139
2012-12-21,44.49996,47.49984,44.17992,46.55016,4030800,11.32749
2012-12-20,42.54984,44.88012,42.04008,44.25012,2945200,10.7678
2012-12-19,41.73984,42.77016,41.42988,42.45984,1014100,10.33215
2012-12-18,41.79996,42.31008,41.40,41.69016,1503900,10.14486
2012-12-17,42.24996,42.64992,41.79996,42.08004,2185700,10.23973
2012-12-14,40.39992,42.35004,40.39992,42.00012,2325000,10.22029
2012-12-13,40.17996,41.79996,40.16988,40.53996,1373500,9.86497
2012-12-12,39.80016,40.88016,39.60,40.52988,1343800,9.86252
2012-12-11,39.72996,40.19004,39.65004,39.87,1148700,9.70194
2012-12-10,39.44988,40.23,39.16008,40.16016,1325600,9.77255
2012-12-07,38.98008,39.69,38.53008,39.44988,1326000,9.59971
2012-12-06,38.19996,39.99996,38.19996,38.99988,1558900,9.49021
2012-12-05,36.66996,38.80008,36.43992,38.50992,1569300,9.37098
2012-12-04,36.09,36.84996,35.30002,36.74016,813300,8.94033
2012-12-03,37.02996,37.69992,36.50004,36.50004,626600,8.8819
2012-11-30,36.56016,37.59984,36.37008,37.58004,1209100,9.14471
2012-11-29,38.30004,38.34,36.79992,36.88992,1075300,8.97677
2012-11-28,38.22012,38.59992,37.69992,38.04012,1015900,9.25666
2012-11-27,40.97988,40.97988,38.00988,38.59992,2138200,9.39288
2012-11-26,41.65992,41.65992,41.09004,41.09004,480900,9.99883
2012-11-23,40.89996,41.77008,40.83012,41.34996,961700,10.06208
2012-11-22,41.20992,41.55984,40.79988,40.88016,829100,9.94776
2012-11-21,41.07996,41.79996,40.20984,41.76,689400,10.16186
2012-11-20,40.97016,41.34996,40.70988,41.00004,857900,9.97693
2012-11-19,42.31008,42.37992,40.42008,41.09004,1895500,9.99883
2012-11-16,41.81004,42.76008,41.79996,42.31008,1182000,10.29571
2012-11-15,42.59988,42.85008,42.00012,42.01992,518100,10.2251
2012-11-14,42.37992,42.96996,42.30,42.69996,635200,10.39058
2012-11-13,43.53984,43.53984,42.27984,42.36012,1197900,10.30789
2012-11-12,43.49988,43.67016,43.08984,43.53984,699000,10.59496
2012-11-09,42.99984,43.49988,42.87996,43.48008,1033400,10.58042
2012-11-08,44.79984,44.79984,43.47,43.49016,2032100,10.58287
2012-11-07,45.29988,45.83016,45.07992,45.12996,1177500,10.9819
2012-11-06,47.00016,47.18016,45.01008,45.50004,2369200,11.07195
2012-11-05,47.81988,47.81988,46.90008,47.18016,1520900,11.48079
2012-11-02,48.03012,48.38004,47.66004,47.90016,1512800,11.656
2012-11-01,47.09988,48.35988,46.71,48.00996,2024600,11.68272
2012-10-31,47.70,47.72988,46.50012,46.95012,1527300,11.42482
2012-10-30,47.85012,48.12984,47.21004,47.59992,1607900,11.58294
2012-10-29,47.00016,48.45996,46.64988,47.82996,2676800,11.63892
2012-10-26,46.14984,47.54988,45.79992,47.10996,3089200,11.46371
2012-10-25,45.82008,47.45016,45.38988,46.37988,4195300,11.28605
2012-10-24,44.51004,44.98992,44.51004,44.83008,848800,10.90893
2012-10-23,45.38016,45.65016,44.60004,44.75988,1431800,10.89184
2012-10-22,44.84016,45.41004,44.38008,45.39996,1240300,11.0476
2012-10-19,45.38016,45.38016,44.73,44.98992,985700,10.94782
2012-10-18,44.30016,45.29988,44.11008,45.02016,1766300,10.95518
2012-10-17,44.70012,44.85996,43.83,44.52012,1181700,10.8335
2012-10-16,44.97984,45.51984,44.48016,44.60004,1444700,10.85295
2012-10-15,45.84996,45.84996,44.69004,45.00,990900,10.95028
2012-10-12,46.68984,47.26008,45.12996,45.55008,921200,11.08413
2012-10-11,47.21004,47.49984,46.19016,46.40004,599700,11.29096
2012-10-10,47.40012,47.40012,46.80,47.09988,970400,11.46126
2012-10-09,45.79992,47.54016,45.79992,47.40012,784000,11.53432
2012-10-08,46.00008,46.55016,45.69984,46.02996,314000,11.20091
2012-10-05,46.19016,46.19016,46.19016,46.19016,000,11.23989
2012-10-04,46.19016,46.19016,46.19016,46.19016,000,11.23989
2012-10-03,46.19016,46.19016,46.19016,46.19016,000,11.23989
2012-10-02,46.19016,46.19016,46.19016,46.19016,000,11.23989
2012-10-01,46.19016,46.19016,46.19016,46.19016,000,11.23989
2012-09-28,45.61992,46.19988,45.12996,46.19016,559700,11.23989
2012-09-27,44.82,46.14984,44.82,45.65016,812600,11.10848
2012-09-26,45.38016,46.49004,44.60004,44.79984,879300,10.90157
2012-09-25,45.00,45.33012,44.66988,44.70984,500300,10.87967
2012-09-24,45.06012,45.33012,44.52984,45.02016,552000,10.95518
2012-09-21,46.26,46.50012,45.06012,45.06012,671600,10.9649
2012-09-20,47.19996,47.59992,46.19988,46.23012,729400,11.24961
2012-09-19,46.92996,47.77992,46.85004,47.31984,370400,11.51478
2012-09-18,47.00016,47.68992,46.59984,46.91988,705000,11.41746
2012-09-17,49.29012,49.29012,47.19996,47.22012,729600,11.49052
2012-09-14,48.94992,49.39992,48.60,48.96,830100,11.9139
2012-09-13,50.77008,50.78988,48.61008,48.80988,2152900,11.87737
2012-09-12,52.11,52.56,50.00004,50.74992,1898100,12.34946
2012-09-11,51.71004,52.98012,51.59988,52.04988,2038200,12.66579
2012-09-10,52.49988,52.59996,51.54984,51.95016,1869800,12.64152
2012-09-07,51.22008,53.10,51.00012,52.47,2212200,12.76802
2012-09-06,50.76,51.75,50.00004,51.05016,1083600,12.42252
2012-09-05,51.28992,51.28992,50.22,50.78016,1344300,12.35682
2012-09-04,51.53004,51.99984,50.64984,50.99004,1374300,12.40789
2012-09-03,49.55004,51.80004,49.21992,51.58008,1937200,12.55147
2012-08-31,49.11012,50.46984,48.88008,49.95,1135400,12.15481
2012-08-30,52.14996,52.49016,49.05,49.05,2689400,11.9358
2012-08-29,50.00004,54.79992,49.65984,52.23996,3042300,12.71204
2012-08-28,48.84012,50.74992,48.49992,50.19984,1558300,12.2156
2012-08-27,48.16008,49.32,48.16008,48.53016,493200,11.8093
2012-08-24,50.78988,51.32016,48.78,48.88008,1283600,11.89445
2012-08-23,50.05008,50.87016,49.89996,50.79996,810000,12.36163
2012-08-22,50.28012,50.79996,49.89996,50.40,1253700,12.26431
2012-08-21,49.23,51.50016,48.60,50.34996,2117200,12.25213
2012-08-20,48.88008,49.50,48.11004,49.01004,1062900,11.92608
2012-08-17,48.89988,49.95,48.83004,49.20984,1100500,11.9747
2012-08-16,51.59988,52.49988,48.75984,48.99996,2515600,11.92362
2012-08-15,52.38,52.63992,51.64992,52.13016,1253300,12.68532
2012-08-14,51.50988,53.26992,51.37992,52.38,2672800,12.74612
2012-08-13,50.78988,52.45992,50.70996,51.80004,3228700,12.60499
2012-08-10,50.65992,51.80004,50.31,51.10992,2230300,12.43706
2012-08-09,50.22,50.87988,49.60008,50.72004,3110600,12.34219
2012-08-08,52.29,52.83,50.00004,50.40,6188700,12.26431
2012-08-07,54.74988,55.59012,53.60004,55.55016,3055900,13.51755
2012-08-06,51.69996,55.59012,51.69996,54.92016,3237400,13.36424
2012-08-03,51.80004,52.49988,51.14988,52.38,2594600,12.74612
2012-08-02,50.00004,52.39008,49.82004,52.04988,3375000,12.66579
2012-08-01,47.99988,50.33988,47.80008,50.32008,2319000,12.24486
2012-07-31,49.61988,50.06988,47.82996,48.15,2066700,11.71679
2012-07-30,51.99984,51.99984,49.50,49.92984,3074200,12.1499
2012-07-27,47.30004,52.00992,47.04984,52.00992,3677900,12.65607
2012-07-26,48.53016,48.80016,47.14992,47.27988,1214400,11.50506
2012-07-25,48.54996,49.78008,48.30012,48.70008,1313400,11.85065
2012-07-24,48.80016,49.17996,47.85012,48.70008,1485500,11.85065
2012-07-23,48.20004,49.43016,47.70,48.60,1579200,11.8263
2012-07-20,46.77984,49.20012,46.00008,48.54996,2697100,11.81412
2012-07-19,46.24992,48.38004,46.24992,46.78992,1837500,11.38583
2012-07-18,46.69992,47.00016,45.10008,46.69992,1403900,11.36393
2012-07-17,45.82008,47.18988,45.51012,46.67004,1225900,11.35666
2012-07-16,48.20004,48.39984,45.78012,45.83016,2903500,11.15229
2012-07-13,48.92004,49.88016,47.19996,47.89008,2369200,11.65355
2012-07-12,47.03004,49.38984,47.00988,49.24008,2325300,11.98205
2012-07-11,47.00016,47.89008,46.65996,47.28996,1797300,11.50751
2012-07-10,49.01004,49.47984,46.86012,46.87992,3246400,11.40773
2012-07-09,49.89996,51.09984,49.50,49.60008,2641800,12.06966
2012-07-06,48.80016,50.55012,47.09988,50.24016,3036200,12.22541
2012-07-05,47.76012,48.97008,47.23992,48.26016,2162600,11.7436
2012-07-04,48.99996,50.16996,47.70,47.81988,3267200,11.63646
2012-07-03,48.58992,49.93992,48.38004,48.80988,3024200,11.87737
2012-07-02,47.00988,48.93012,46.59984,48.56004,2596500,11.81657
2012-06-29,46.00008,47.18016,45.33012,46.80,2246700,11.38829
2012-06-28,46.59984,47.37996,45.90,45.93996,3342500,11.179
2012-06-27,43.32996,47.49984,42.99984,45.91008,3549000,11.17173
2012-06-26,43.99992,44.60004,43.49988,43.50996,1328100,10.58769
2012-06-25,43.98984,45.24984,43.70004,43.81992,1916800,10.66312
2012-06-22,44.12988,44.12988,44.12988,44.12988,000,10.73854
2012-06-21,44.79984,44.79984,43.40988,44.12988,2244800,10.73854
2012-06-20,44.94996,46.50012,44.70012,44.93988,3821500,10.93565
2012-06-19,45.65016,45.74988,44.53992,44.98992,2859000,10.94782
2012-06-18,44.30016,45.97992,43.54992,45.69012,4797000,11.11821
2012-06-15,42.85008,45.00,42.31008,43.89984,4855700,10.68256
2012-06-14,41.81004,42.90012,41.70996,42.85008,2852200,10.42711
2012-06-13,40.79988,42.46992,40.55004,42.36012,2728000,10.30789
2012-06-12,40.29984,40.88016,39.70008,40.38012,1430900,9.82608
2012-06-11,40.28004,40.47984,39.52008,40.44996,1195300,9.84307
2012-06-08,39.80016,40.57992,39.25008,39.93012,1378700,9.71657
2012-06-07,39.80016,39.99996,39.02004,39.13992,992900,9.52429
2012-06-06,39.89016,40.19004,39.20004,39.38004,943200,9.58272
2012-06-05,38.34,40.10004,38.34,39.94992,1883100,9.72139
2012-06-04,39.48012,39.48012,38.32992,38.32992,984200,9.32718
2012-06-01,40.79016,41.07996,40.05,40.11984,981900,9.76274
2012-05-31,40.15008,41.24988,39.57012,40.78008,1463900,9.9234
2012-05-30,39.98988,40.68,39.89988,40.08996,1056600,9.75547
2012-05-29,39.24,40.07988,39.04992,39.89988,955600,9.70921
2012-05-28,39.71988,39.80016,38.00988,39.04992,1126400,9.50239
2012-05-25,40.66992,40.98996,39.80016,39.80016,1020200,9.68495
2012-05-24,40.78008,41.29992,40.60008,40.70016,710900,9.90395
2012-05-23,41.97996,41.97996,40.60008,40.88016,1270800,9.94776
2012-05-22,41.47992,41.82984,41.27004,41.69988,648400,10.14723
2012-05-21,42.50016,42.50016,40.01004,41.24016,1552100,10.03536
2012-05-18,42.50016,43.85016,42.09984,42.95016,2479500,10.01346
2012-05-17,42.30,42.95016,41.91012,42.75,1213200,9.96679
2012-05-16,43.30008,43.40016,42.40008,42.40008,1222100,9.88521
2012-05-15,42.50016,43.49016,42.19992,43.22016,1566500,10.07641
2012-05-14,42.78996,43.67016,42.30,42.75,2447900,9.96679
2012-05-11,43.38,43.59996,42.40008,42.40008,1806200,9.88521
2012-05-10,43.47,44.21016,43.04988,43.36992,2064300,10.11132
2012-05-09,44.49996,44.56008,43.30008,43.57008,2044100,10.15799
2012-05-08,45.55008,45.57996,44.71992,44.79984,2129500,10.44469
2012-05-07,44.56008,45.63,44.25012,45.50004,3021800,10.60794
2012-05-04,44.78004,45.11988,44.20008,44.88012,3129000,10.46341
2012-05-03,42.59988,46.42992,42.30,45.34992,4432100,10.57294
2012-05-02,42.60996,43.36992,42.30,42.63012,2145100,9.93884
2012-05-01,42.00012,42.00012,42.00012,42.00012,000,9.79196
2012-04-30,42.00012,42.00012,42.00012,42.00012,000,9.79196
2012-04-27,41.79996,42.98004,41.79996,42.00012,1494700,9.79196
2012-04-26,41.51016,42.40008,41.51016,41.60988,1532400,9.70098
2012-04-25,41.40,41.47992,40.60008,41.42988,1591600,9.65902
2012-04-24,42.24996,42.40008,39.39984,41.00004,3102900,9.5588
2012-04-23,45.65016,45.68004,41.61996,41.92992,5190700,9.7756
2012-04-20,45.79992,46.41012,45.60012,45.84996,2567100,10.68952
2012-04-19,45.15012,47.00016,45.10008,46.15992,3787400,10.76178
2012-04-18,45.11988,45.55008,44.51004,45.15012,3039600,10.52636
2012-04-17,43.58016,45.24984,42.81012,44.89992,3840900,10.46803
2012-04-16,45.10008,45.41004,43.81992,43.81992,2792200,10.21623
2012-04-13,45.25992,46.19988,44.70012,45.25992,3772800,10.55196
2012-04-12,45.00,45.46008,44.67996,45.42984,2568800,10.59157
2012-04-11,44.70012,46.19988,44.60004,45.02016,3789300,10.49606
2012-04-10,43.18992,46.05012,42.36984,45.78012,5432700,10.67324
2012-04-09,42.78996,44.47008,42.30,43.99992,5745800,10.2582
2012-04-06,42.09984,43.68996,41.15988,43.30008,4879000,10.09504
2012-04-05,41.20992,42.51996,41.20992,42.40008,3516800,9.88521
2012-04-04,41.00004,41.00004,41.00004,41.00004,000,9.5588
2012-04-03,41.00004,41.00004,41.00004,41.00004,000,9.5588
2012-04-02,41.00004,41.00004,41.00004,41.00004,000,9.5588
2012-03-30,43.20,43.80012,40.50,41.00004,4580100,9.5588
2012-03-29,43.35984,43.94016,41.51988,43.62984,5727700,10.17192
2012-03-28,47.30004,47.66004,43.39008,43.49988,7624100,10.14162
2012-03-27,46.37016,49.29984,45.60012,48.21012,7155000,11.23977
2012-03-26,47.99988,48.09996,44.94996,46.46988,4956000,10.83405
2012-03-23,47.77992,48.60,47.10996,48.04992,4718000,11.20242
2012-03-22,47.30004,48.88008,47.30004,47.70,4852400,11.12084
2012-03-21,52.61004,52.98984,47.16,47.99988,11409800,11.19076
2012-03-20,54.79992,55.40004,51.68988,52.40016,9928100,12.21664
2012-03-19,52.00992,57.27996,51.99984,55.28988,16375600,12.89036
2012-03-16,54.84996,55.87992,53.46,53.46,18561400,12.46374
2012-03-15,55.00008,59.79996,55.00008,59.40,24558300,13.84859
