Date,Open,High,Low,Close,Volume,Adj Close
2016-11-24,20.70,20.79,20.11,20.17,3571100,20.17
2016-11-23,20.43,21.28,20.33,20.70,7849400,20.70
2016-11-22,20.30,20.57,19.95,20.43,4763300,20.43
2016-11-21,20.48,20.64,20.17,20.38,1918100,20.38
2016-11-18,20.40,20.45,20.29,20.32,980700,20.32
2016-11-17,20.66,20.78,20.21,20.37,2061000,20.37
2016-11-16,20.78,20.78,20.31,20.66,1569400,20.66
2016-11-15,20.50,20.75,20.23,20.67,1873800,20.67
2016-11-14,20.60,20.88,20.39,20.54,2417300,20.54
2016-11-11,20.00,20.60,20.00,20.60,5397700,20.60
2016-11-10,20.08,20.08,19.61,20.00,1653000,20.00
2016-11-09,19.81,20.08,19.50,19.74,1814500,19.74
2016-11-08,20.23,20.28,19.85,19.89,2154800,19.89
2016-11-07,20.01,20.28,20.01,20.13,1030600,20.13
2016-11-04,20.18,20.30,20.06,20.10,1843000,20.10
2016-11-03,19.72,20.31,19.60,20.09,2374200,20.09
2016-11-02,19.60,20.00,19.37,19.81,2333000,19.81
2016-11-01,19.78,19.82,19.51,19.67,1395300,19.67
2016-10-31,19.82,20.05,19.60,19.70,2619100,19.70
2016-10-28,19.78,20.05,19.74,19.92,2261000,19.92
2016-10-27,20.06,20.10,19.77,19.88,2744900,19.88
2016-10-26,20.30,20.46,19.97,20.06,3342000,20.06
2016-10-25,20.01,20.58,19.96,20.35,4442600,20.35
2016-10-24,20.08,20.23,19.94,20.05,1913400,20.05
2016-10-21,19.89,20.20,19.83,20.06,3531200,20.06
2016-10-20,20.16,20.21,19.72,20.05,3518300,20.05
2016-10-19,20.39,20.39,20.03,20.12,1321800,20.12
2016-10-18,20.16,20.33,20.13,20.25,2574600,20.25
2016-10-17,20.28,20.45,19.82,20.25,1910500,20.25
2016-10-14,19.95,20.19,19.91,20.18,1652000,20.18
2016-10-13,20.35,20.38,20.03,20.08,2365500,20.08
2016-10-12,20.15,20.40,19.95,20.40,2397500,20.40
2016-10-11,20.44,20.54,20.11,20.27,2363600,20.27
2016-10-10,19.93,20.44,19.90,20.39,4552100,20.39
2016-10-07,19.89,19.89,19.89,19.89,000,19.89
2016-10-06,19.89,19.89,19.89,19.89,000,19.89
2016-10-05,19.89,19.89,19.89,19.89,000,19.89
2016-10-04,19.89,19.89,19.89,19.89,000,19.89
2016-10-03,19.89,19.89,19.89,19.89,000,19.89
2016-09-30,19.83,20.14,19.71,19.89,2095000,19.89
2016-09-29,19.90,20.42,19.66,19.80,3017800,19.80
2016-09-28,20.15,20.71,19.80,19.92,5205100,19.92
2016-09-27,19.90,21.30,19.42,20.69,8587700,20.69
2016-09-26,20.34,20.70,20.00,20.01,3212800,20.01
2016-09-23,20.11,20.48,20.03,20.33,1222400,20.33
2016-09-22,20.22,20.26,20.02,20.11,1833300,20.11
2016-09-21,20.26,20.52,20.03,20.06,1583500,20.06
2016-09-20,20.68,20.79,20.17,20.24,2916600,20.24
2016-09-19,20.67,20.86,20.40,20.63,2495400,20.63
2016-09-16,20.67,20.67,20.67,20.67,000,20.67
2016-09-15,20.67,20.67,20.67,20.67,000,20.67
2016-09-14,20.55,20.82,20.18,20.67,4469200,20.67
2016-09-13,19.65,20.90,19.65,20.90,7445800,20.90
2016-09-12,19.73,20.38,19.00,19.82,5261100,19.82
2016-09-09,19.65,20.15,19.33,19.99,4810600,19.99
2016-09-08,19.52,19.99,19.52,19.70,4474700,19.70
2016-09-07,19.32,19.82,19.22,19.70,6550200,19.70
2016-09-06,19.10,19.40,19.04,19.32,5795700,19.32
2016-09-05,19.18,19.41,19.01,19.19,4870900,19.19
2016-09-02,19.18,19.88,19.18,19.30,9338700,19.30
2016-09-01,19.18,19.24,18.87,19.10,4777200,19.10
2016-08-31,19.21,19.40,18.93,19.00,3371700,19.00
2016-08-30,19.51,19.51,18.88,19.38,5164500,19.38
2016-08-29,19.18,19.75,19.10,19.43,2468600,19.43
2016-08-26,19.26,19.57,19.13,19.16,2603200,19.16
2016-08-25,19.38,19.42,19.12,19.26,4000200,19.26
2016-08-24,19.65,19.65,19.35,19.53,3587100,19.53
2016-08-23,18.80,19.77,18.75,19.55,8609300,19.55
2016-08-22,19.80,19.85,18.92,19.16,5489100,19.16
2016-08-19,19.82,19.99,19.65,19.80,3784400,19.80
2016-08-18,19.50,19.87,19.42,19.83,7980100,19.83
2016-08-17,19.60,19.95,19.40,19.63,3722000,19.63
2016-08-16,19.18,19.88,19.13,19.76,8334300,19.76
2016-08-15,18.90,19.50,18.70,19.18,6467000,19.18
2016-08-12,18.93,18.97,18.50,18.88,3456600,18.88
2016-08-11,19.17,19.20,18.54,18.98,2865500,18.98
2016-08-10,19.32,19.50,19.04,19.14,4959500,19.14
2016-08-09,19.45,19.65,19.33,19.40,3900000,19.40
2016-08-08,19.30,19.56,19.09,19.45,3130500,19.45
2016-08-05,19.00,19.53,18.88,19.30,5036800,19.30
2016-08-04,18.88,19.52,18.60,19.05,6701100,19.05
2016-08-03,18.90,19.38,18.30,18.93,9181900,18.93
2016-08-02,19.20,19.20,19.20,19.20,000,19.20
2016-08-01,19.20,19.20,19.20,19.20,000,19.20
2016-07-29,18.99,19.80,18.99,19.20,4693800,19.20
2016-07-28,18.76,19.38,18.02,19.15,12709200,19.15
2016-07-27,19.98,19.98,18.21,18.94,14436500,18.94
2016-07-26,19.77,20.15,19.61,20.15,6272200,20.15
2016-07-25,19.64,19.85,19.21,19.74,4517200,19.74
2016-07-22,20.22,20.25,19.50,19.67,9185500,19.67
2016-07-21,20.00,20.57,19.93,20.22,8038200,20.22
2016-07-20,19.87,20.28,19.66,20.02,8066500,20.02
2016-07-19,19.15,20.20,19.11,19.96,10404000,19.96
2016-07-18,18.81,19.29,18.80,19.27,4317400,19.27
2016-07-15,18.66,19.13,18.66,19.00,8201800,19.00
2016-07-14,19.13,19.25,18.63,18.88,10714500,18.88
2016-07-13,18.50,19.35,18.30,19.01,10580000,19.01
2016-07-12,18.70,19.10,18.00,18.61,12627600,18.61
2016-07-11,19.18,19.45,18.74,18.90,7897400,18.90
2016-07-08,18.80,19.28,18.60,19.05,13122800,19.05
2016-07-07,18.90,18.94,18.31,18.86,13541600,18.86
2016-07-06,18.18,19.39,18.09,18.83,17132700,18.83
2016-07-05,17.32,18.45,17.32,18.36,18596000,18.36
2016-07-04,17.09,17.72,17.02,17.31,8306500,17.31
2016-07-01,17.06,17.90,17.00,17.43,13474000,17.43
2016-06-30,17.26,17.40,16.81,17.09,8735300,17.09
2016-06-29,17.99,18.19,17.15,17.24,12245800,17.24
2016-06-28,17.62,17.80,17.30,17.61,13489200,17.61
2016-06-27,16.73,18.05,16.61,17.90,22145900,17.90
2016-06-24,16.12,17.46,16.02,16.93,25962400,16.93
2016-06-23,16.23,16.38,15.88,16.01,12066300,16.01
2016-06-22,15.78,16.32,15.51,16.18,9289800,16.18
2016-06-21,16.45,16.90,15.84,15.93,15819800,15.93
2016-06-20,16.78,16.85,16.26,16.49,8485400,16.49
2016-06-17,15.89,16.74,15.68,16.74,14977900,16.74
2016-06-16,16.33,16.61,15.72,15.80,13945000,15.80
2016-06-15,15.40,16.52,15.40,16.49,8164700,16.49
2016-06-14,15.51,16.28,15.38,15.68,9124700,15.68
2016-06-13,16.21,16.85,15.90,15.90,13220400,15.90
2016-06-10,16.01,16.01,16.01,16.01,000,16.01
2016-06-09,16.01,16.01,16.01,16.01,000,16.01
2016-06-08,16.31,17.10,16.01,16.01,16377300,16.01
2016-06-07,16.70,16.98,16.21,16.21,9211200,16.21
2016-06-06,16.30,16.93,16.16,16.70,15685100,16.70
2016-06-03,17.01,17.47,16.86,17.01,14391000,17.01
2016-06-02,16.32,17.79,16.18,17.31,26294300,17.31
2016-06-01,16.50,16.76,15.86,16.42,28214500,16.42
2016-05-31,14.47,15.61,14.47,15.61,7332800,15.61
2016-05-30,14.10,14.64,13.90,14.19,6893700,14.19
2016-05-27,14.42,14.88,14.35,14.36,13019300,14.36
2016-05-26,13.80,14.39,13.53,14.39,11944400,14.39
2016-05-25,13.65,14.30,13.32,14.08,12289300,14.08
2016-05-24,13.70,13.79,13.40,13.40,4713900,13.40
2016-05-23,13.42,14.05,13.41,13.85,7509800,13.85
2016-05-20,12.79,13.48,12.70,13.39,6792100,13.39
2016-05-19,12.60,13.42,12.60,12.92,6737400,12.92
2016-05-18,13.01,13.14,12.30,12.60,4307900,12.60
2016-05-17,13.46,13.55,13.10,13.22,4059400,13.22
2016-05-16,13.40,13.46,12.90,13.43,4991400,13.43
2016-05-13,12.75,13.78,12.75,13.28,6096100,13.28
2016-05-12,12.80,12.80,12.30,12.74,3002700,12.74
2016-05-11,13.33,13.38,12.98,13.04,2984300,13.04
2016-05-10,13.23,13.30,13.10,13.19,2362500,13.19
2016-05-09,13.95,13.95,13.02,13.19,4271500,13.19
2016-05-06,14.80,14.82,13.89,13.90,6182000,13.90
2016-05-05,14.55,14.79,14.40,14.73,4278300,14.73
2016-05-04,14.61,14.86,14.30,14.56,4693100,14.56
2016-05-03,14.05,14.68,13.88,14.60,5788600,14.60
2016-05-02,14.00,14.00,14.00,14.00,000,14.00
2016-04-29,14.10,14.23,13.86,14.00,2618200,14.00
2016-04-28,14.27,14.27,13.80,14.19,4150600,14.19
2016-04-27,14.39,14.44,13.88,14.00,4228800,14.00
2016-04-26,14.04,14.35,14.02,14.28,4251100,14.28
2016-04-25,13.92,14.11,13.75,14.01,3183200,14.01
2016-04-22,13.88,14.23,13.82,14.19,3829900,14.19
2016-04-21,14.35,14.57,13.71,13.88,6260200,13.88
2016-04-20,15.79,15.84,14.20,14.33,7833800,14.33
2016-04-19,15.70,15.85,15.50,15.67,4279600,15.67
2016-04-18,15.95,15.95,15.46,15.59,5282200,15.59
2016-04-15,16.21,16.56,16.00,16.08,8970000,16.08
2016-04-14,15.84,15.99,15.70,15.99,6338200,15.99
2016-04-13,15.60,16.03,15.60,15.77,8312500,15.77
2016-04-12,15.90,15.98,15.33,15.50,4873500,15.50
2016-04-11,15.70,16.01,15.58,15.78,5782400,15.78
2016-04-08,15.55,15.65,15.11,15.43,7393900,15.43
2016-04-07,16.44,16.66,15.86,15.86,8846700,15.86
2016-04-06,15.87,17.00,15.75,16.53,13159700,16.53
2016-04-05,15.46,16.08,15.33,15.96,8243300,15.96
2016-04-04,15.34,15.34,15.34,15.34,000,15.34
2016-04-01,15.42,15.62,15.09,15.34,6658100,15.34
2016-03-31,16.04,16.27,15.61,15.71,9452200,15.71
2016-03-30,15.36,15.98,15.25,15.88,10014200,15.88
2016-03-29,15.89,16.00,14.86,15.19,8135400,15.19
2016-03-28,16.57,16.80,15.65,15.80,10630200,15.80
2016-03-25,16.80,16.95,16.06,16.43,14128500,16.43
2016-03-24,16.99,17.79,16.71,17.15,26636900,17.15
2016-03-23,14.96,16.45,14.96,16.45,7760900,16.45
2016-03-22,15.16,15.34,14.80,14.95,8858200,14.95
2016-03-21,14.95,15.47,14.88,15.23,11619000,15.23
2016-03-18,14.30,14.97,14.15,14.87,11976400,14.87
2016-03-17,13.50,14.18,13.47,14.12,9062400,14.12
2016-03-16,14.00,14.08,13.30,13.44,5033700,13.44
2016-03-15,13.79,14.14,13.65,13.73,5653800,13.73
2016-03-14,13.09,14.03,13.09,13.80,8356300,13.80
2016-03-11,12.80,13.25,12.70,12.94,4666900,12.94
2016-03-10,13.55,13.91,13.13,13.21,5785600,13.21
2016-03-09,13.54,13.90,13.20,13.38,6028400,13.38
2016-03-08,13.63,14.00,12.66,13.99,9669100,13.99
2016-03-07,13.65,13.99,13.54,13.63,6533900,13.63
2016-03-04,14.28,14.65,13.26,13.35,9017900,13.35
2016-03-03,14.80,15.36,14.61,14.67,10531300,14.67
2016-03-02,14.22,15.17,13.60,14.97,11761500,14.97
2016-03-01,14.51,14.78,13.30,14.20,10578200,14.20
2016-02-29,16.00,16.00,14.68,14.68,8293500,14.68
2016-02-26,17.60,17.87,15.80,16.31,15803000,16.31
2016-02-25,17.96,19.45,17.07,17.52,25080200,17.52
2016-02-24,17.77,17.77,17.31,17.77,19419000,17.77
2016-02-23,16.15,16.15,16.15,16.15,320200,16.15
2016-02-22,14.68,14.68,14.68,14.68,000,14.68
2016-02-19,14.68,14.68,14.68,14.68,000,14.68
2016-02-18,14.68,14.68,14.68,14.68,000,14.68
2016-02-17,14.68,14.68,14.68,14.68,000,14.68
2016-02-16,14.68,14.68,14.68,14.68,000,14.68
2016-02-15,14.68,14.68,14.68,14.68,000,14.68
2016-02-12,14.68,14.68,14.68,14.68,000,14.68
2016-02-11,14.68,14.68,14.68,14.68,000,14.68
2016-02-10,14.68,14.68,14.68,14.68,000,14.68
2016-02-09,14.68,14.68,14.68,14.68,000,14.68
2016-02-08,14.68,14.68,14.68,14.68,000,14.68
2016-02-05,14.68,14.68,14.68,14.68,000,14.68
2016-02-04,14.68,14.68,14.68,14.68,000,14.68
2016-02-03,14.68,14.68,14.68,14.68,000,14.68
2016-02-02,14.68,14.68,14.68,14.68,000,14.68
2016-02-01,14.68,14.68,14.68,14.68,000,14.68
2016-01-29,14.68,14.68,14.68,14.68,000,14.68
2016-01-28,14.68,14.68,14.68,14.68,000,14.68
2016-01-27,14.68,14.68,14.68,14.68,000,14.68
2016-01-26,16.00,16.16,14.68,14.68,6028500,14.68
2016-01-25,16.50,16.60,16.03,16.31,4240200,16.31
2016-01-22,16.89,17.20,15.05,16.14,8467500,16.14
2016-01-21,17.17,17.75,16.66,16.66,5282000,16.66
2016-01-20,18.10,18.38,17.17,17.40,8007500,17.40
2016-01-19,17.49,18.33,17.00,18.19,9726300,18.19
2016-01-18,17.00,17.77,16.70,17.30,8128900,17.30
2016-01-15,19.18,19.18,16.94,17.22,10389600,17.22
2016-01-14,17.51,19.37,17.51,18.82,11477400,18.82
2016-01-13,18.81,19.51,17.80,18.50,12616200,18.50
2016-01-12,20.54,21.06,18.66,18.66,14403400,18.66
2016-01-11,21.32,23.15,20.15,20.73,17322000,20.73
2016-01-08,21.57,22.47,20.06,22.09,10643200,22.09
2016-01-07,22.20,22.43,20.70,20.78,2555300,20.78
2016-01-06,22.07,22.98,21.10,22.97,9989200,22.97
2016-01-05,19.50,22.17,18.48,21.47,14905300,21.47
2016-01-04,22.43,23.08,20.50,20.51,5821700,20.51
2016-01-01,22.77,22.77,22.77,22.77,000,22.77
2015-12-31,22.93,24.07,22.74,22.77,10986600,22.77
2015-12-30,21.84,22.95,21.84,22.93,8983300,22.93
2015-12-29,21.85,22.04,21.40,21.79,4509200,21.79
2015-12-28,22.40,22.96,21.70,21.85,9224500,21.85
2015-12-25,21.30,22.60,21.06,22.33,11297300,22.33
2015-12-24,20.66,21.70,20.24,21.06,6703100,21.06
2015-12-23,21.55,21.70,20.66,20.66,8106500,20.66
2015-12-22,21.70,21.98,21.28,21.56,7405100,21.56
2015-12-21,21.00,21.96,20.90,21.92,12531600,21.92
2015-12-18,20.92,21.30,20.26,20.76,9397500,20.76
2015-12-17,20.80,21.38,20.50,20.89,10747200,20.89
2015-12-16,20.30,21.34,20.15,20.74,15151300,20.74
2015-12-15,18.38,20.21,18.37,20.21,15701600,20.21
2015-12-14,16.67,18.47,16.67,18.37,8470300,18.37
2015-12-11,18.22,18.22,17.56,17.82,5533800,17.82
2015-12-10,18.82,18.88,18.06,18.20,6731000,18.20
2015-12-09,19.21,19.40,18.79,18.80,5739600,18.80
2015-12-08,19.20,19.88,19.00,19.37,6966900,19.37
2015-12-07,19.70,19.70,18.98,19.32,4616800,19.32
2015-12-04,19.63,19.94,19.35,19.41,6508000,19.41
2015-12-03,18.89,19.65,18.89,19.47,6156200,19.47
2015-12-02,18.60,19.20,18.20,19.07,7239400,19.07
2015-12-01,19.45,19.46,18.19,18.60,9254600,18.60
2015-11-30,20.02,20.48,18.18,19.45,10392900,19.45
2015-11-27,22.22,22.30,19.97,20.20,11550200,20.20
2015-11-26,23.10,23.25,21.98,22.13,9492200,22.13
2015-11-25,22.77,23.15,22.47,23.00,9637600,23.00
2015-11-24,22.99,23.61,22.77,22.98,7632200,22.98
2015-11-23,23.65,23.66,22.40,22.49,10483000,22.49
2015-11-20,24.20,24.20,23.20,23.41,13299700,23.41
2015-11-19,23.80,24.20,23.12,23.98,17178800,23.98
2015-11-18,22.35,24.35,22.28,23.28,18456000,23.28
2015-11-17,24.46,24.47,22.50,22.50,26733200,22.50
2015-11-16,19.79,22.34,19.61,22.34,15171800,22.34
2015-11-13,21.00,21.14,20.18,20.31,8712700,20.31
2015-11-12,22.00,22.00,21.16,21.29,8601900,21.29
2015-11-11,21.63,21.95,21.38,21.86,10396200,21.86
2015-11-10,21.40,22.09,21.28,21.63,10425200,21.63
2015-11-09,20.71,21.79,20.60,21.35,11260600,21.35
2015-11-06,20.90,21.99,20.90,21.25,10282200,21.25
2015-11-05,21.40,22.10,20.81,20.93,12950100,20.93
2015-11-04,19.55,21.18,19.30,21.18,10969600,21.18
2015-11-03,20.42,20.70,19.10,19.25,10074000,19.25
2015-11-02,21.60,22.08,20.17,20.38,10633300,20.38
2015-10-30,22.19,23.19,22.00,22.36,10979400,22.36
2015-10-29,22.20,22.49,21.78,22.02,6665300,22.02
2015-10-28,23.05,23.44,21.80,21.85,10978500,21.85
2015-10-27,23.45,23.80,21.88,23.13,15812500,23.13
2015-10-26,24.15,25.20,23.30,24.10,18845300,24.10
2015-10-23,22.80,24.50,22.70,23.81,19424400,23.81
2015-10-22,22.10,22.75,21.66,22.60,14800100,22.60
2015-10-21,24.10,24.40,22.01,22.03,28561700,22.03
2015-10-20,24.81,25.80,23.82,24.45,22417600,24.45
2015-10-19,25.88,25.88,24.55,25.05,26386300,25.05
2015-10-16,24.11,26.77,24.11,25.95,36666900,25.95
2015-10-15,25.39,25.87,23.65,24.34,35373400,24.34
2015-10-14,22.54,24.60,21.80,24.60,30224800,24.60
2015-10-13,21.50,24.90,21.50,22.36,42837000,22.36
2015-10-12,23.43,23.43,23.43,23.43,000,23.43
2015-10-09,23.43,23.43,23.43,23.43,000,23.43
2015-10-08,23.43,23.43,23.43,23.43,000,23.43
2015-10-07,23.43,23.43,23.43,23.43,000,23.43
2015-10-06,23.43,23.43,23.43,23.43,000,23.43
2015-10-05,23.43,23.43,23.43,23.43,000,23.43
2015-10-02,23.43,23.43,23.43,23.43,000,23.43
2015-10-01,23.43,23.43,23.43,23.43,000,23.43
2015-09-30,23.43,23.43,23.43,23.43,000,23.43
2015-09-29,23.43,23.43,23.43,23.43,000,23.43
2015-09-28,23.24,24.30,21.58,23.43,29249000,23.43
2015-09-25,23.43,23.43,23.43,23.43,000,23.43
2015-09-24,23.43,23.43,23.43,23.43,000,23.43
2015-09-23,23.43,23.43,23.43,23.43,000,23.43
2015-09-22,23.43,23.43,23.43,23.43,000,23.43
2015-09-21,23.43,23.43,23.43,23.43,000,23.43
2015-09-18,23.43,23.43,23.43,23.43,000,23.43
2015-09-17,23.43,23.43,23.43,23.43,000,23.43
2015-09-16,23.43,23.43,23.43,23.43,000,23.43
2015-09-15,23.43,23.43,23.43,23.43,000,23.43
2015-09-14,23.43,23.43,23.43,23.43,000,23.43
2015-09-11,23.43,23.43,23.43,23.43,000,23.43
2015-09-10,23.43,23.43,23.43,23.43,000,23.43
2015-09-09,23.43,23.43,23.43,23.43,000,23.43
2015-09-08,23.43,23.43,23.43,23.43,000,23.43
2015-09-07,23.43,23.43,23.43,23.43,000,23.43
2015-09-04,23.43,23.43,23.43,23.43,000,23.43
2015-09-03,23.43,23.43,23.43,23.43,000,23.43
2015-09-02,23.43,23.43,23.43,23.43,000,23.43
2015-09-01,23.43,23.43,23.43,23.43,000,23.43
2015-08-31,23.43,23.43,23.43,23.43,000,23.43
2015-08-28,23.43,23.43,23.43,23.43,000,23.43
2015-08-27,23.43,23.43,23.43,23.43,000,23.43
2015-08-26,23.43,23.43,23.43,23.43,000,23.43
2015-08-25,23.43,23.43,23.43,23.43,000,23.43
2015-08-24,23.43,23.43,23.43,23.43,000,23.43
2015-08-21,23.43,23.43,23.43,23.43,000,23.43
2015-08-20,23.43,23.43,23.43,23.43,000,23.43
2015-08-19,23.43,23.43,23.43,23.43,000,23.43
2015-08-18,23.43,23.43,23.43,23.43,000,23.43
2015-08-17,23.43,23.43,23.43,23.43,000,23.43
2015-08-14,23.43,23.43,23.43,23.43,000,23.43
2015-08-13,23.43,23.43,23.43,23.43,000,23.43
2015-08-12,23.43,23.43,23.43,23.43,000,23.43
2015-08-11,23.43,23.43,23.43,23.43,000,23.43
2015-08-10,23.43,23.43,23.43,23.43,000,23.43
2015-08-07,23.43,23.43,23.43,23.43,000,23.43
2015-08-06,23.43,23.43,23.43,23.43,000,23.43
2015-08-05,23.43,23.43,23.43,23.43,000,23.43
2015-08-04,23.43,23.43,23.43,23.43,000,23.43
2015-08-03,23.43,23.43,23.43,23.43,000,23.43
2015-07-31,23.43,23.43,23.43,23.43,000,23.43
2015-07-30,23.43,23.43,23.43,23.43,000,23.43
2015-07-29,23.43,23.43,23.43,23.43,000,23.43
2015-07-28,23.43,23.43,23.43,23.43,000,23.43
2015-07-27,23.43,23.43,23.43,23.43,000,23.43
2015-07-24,23.43,23.43,23.43,23.43,000,23.43
2015-07-23,23.43,23.43,23.43,23.43,000,23.43
2015-07-22,23.43,23.43,23.43,23.43,000,23.43
2015-07-21,23.43,23.43,23.43,23.43,000,23.43
2015-07-20,23.43,23.43,23.43,23.43,000,23.43
2015-07-17,23.43,23.43,23.43,23.43,000,23.43
2015-07-16,23.43,23.43,23.43,23.43,000,23.43
2015-07-15,23.43,23.43,23.43,23.43,000,23.43
2015-07-14,23.43,23.43,23.43,23.43,000,23.43
2015-07-13,23.43,23.43,23.43,23.43,000,23.43
2015-07-10,23.43,23.43,23.43,23.43,000,23.43
2015-07-09,23.43,23.43,23.43,23.43,000,23.43
2015-07-08,23.43,23.43,23.43,23.43,000,23.43
2015-07-07,23.43,23.43,23.43,23.43,000,23.43
2015-07-06,23.43,23.43,23.43,23.43,000,23.43
2015-07-03,23.43,23.43,23.43,23.43,000,23.43
2015-07-02,23.43,23.43,23.43,23.43,000,23.43
2015-07-01,23.43,23.43,23.43,23.43,000,23.43
2015-06-30,23.43,23.43,23.43,23.43,000,23.43
2015-06-29,23.43,23.43,23.43,23.43,000,23.43
2015-06-26,23.43,23.43,23.43,23.43,000,23.43
2015-06-25,23.43,23.43,23.43,23.43,000,23.43
2015-06-24,23.43,23.43,23.43,23.43,000,23.43
2015-06-23,23.43,23.43,23.43,23.43,000,23.43
2015-06-22,23.43,23.43,23.43,23.43,000,23.43
2015-06-19,23.43,23.43,23.43,23.43,000,23.43
2015-06-18,23.43,23.43,23.43,23.43,000,23.43
2015-06-17,23.43,23.43,23.43,23.43,000,23.43
2015-06-16,23.43,23.43,23.43,23.43,000,23.43
2015-06-15,23.43,23.43,23.43,23.43,000,23.43
2015-06-12,23.43,23.43,23.43,23.43,000,23.43
2015-06-11,23.43,23.43,23.43,23.43,000,23.43
2015-06-10,23.43,23.43,23.43,23.43,000,23.43
2015-06-09,23.43,23.43,23.43,23.43,000,23.43
2015-06-08,23.43,23.43,23.43,23.43,000,23.43
2015-06-05,23.43,23.43,23.43,23.43,000,23.43
2015-06-04,23.43,23.43,23.43,23.43,000,23.43
2015-06-03,23.43,23.43,23.43,23.43,000,23.43
2015-06-02,23.43,23.43,23.43,23.43,000,23.43
2015-06-01,23.43,23.43,23.43,23.43,000,23.43
2015-05-29,23.43,23.43,23.43,23.43,000,23.43
2015-05-28,23.43,23.43,23.43,23.43,000,23.43
2015-05-27,23.43,23.43,23.43,23.43,000,23.43
2015-05-26,23.43,23.43,23.43,23.43,000,23.43
2015-05-25,23.43,23.43,23.43,23.43,000,23.43
2015-05-22,23.43,23.43,23.43,23.43,000,23.43
2015-05-21,23.43,23.43,23.43,23.43,000,23.43
2015-05-20,23.43,23.43,23.43,23.43,000,23.43
2015-05-19,23.43,23.43,23.43,23.43,000,23.43
2015-05-18,23.43,23.43,23.43,23.43,000,23.43
2015-05-15,23.43,23.43,23.43,23.43,000,23.43
2015-05-14,23.43,23.43,23.43,23.43,000,23.43
2015-05-13,23.43,23.43,23.43,23.43,000,23.43
2015-05-12,23.43,23.43,23.43,23.43,000,23.43
2015-05-11,23.43,23.43,23.43,23.43,000,23.43
2015-05-08,23.43,23.43,23.43,23.43,000,23.43
2015-05-07,23.43,23.43,23.43,23.43,000,23.43
2015-05-06,23.43,23.43,23.43,23.43,000,23.43
2015-05-05,23.43,23.43,23.43,23.43,000,23.43
2015-05-04,23.43,23.43,23.43,23.43,000,23.43
2015-05-01,23.43,23.43,23.43,23.43,000,23.43
2015-04-30,23.43,23.43,23.43,23.43,000,23.43
2015-04-29,23.43,23.43,23.43,23.43,000,23.43
2015-04-28,23.43,23.43,23.43,23.43,000,23.43
2015-04-27,23.43,23.43,23.43,23.43,000,23.43
2015-04-24,23.43,23.43,23.43,23.43,000,23.43
2015-04-23,23.43,23.43,23.43,23.43,000,23.43
2015-04-22,23.43,23.43,23.43,23.43,000,23.43
2015-04-21,23.43,23.43,23.43,23.43,000,23.43
2015-04-20,23.43,23.43,23.43,23.43,000,23.43
2015-04-17,23.43,23.43,23.43,23.43,000,23.43
2015-04-16,23.43,23.43,23.43,23.43,000,23.43
2015-04-15,23.43,23.43,23.43,23.43,000,23.43
2015-04-14,23.43,23.43,23.43,23.43,000,23.43
2015-04-13,23.43,23.43,23.43,23.43,000,23.43
2015-04-10,23.43,23.43,23.43,23.43,000,23.43
2015-04-09,23.43,23.43,23.43,23.43,000,23.43
2015-04-08,23.43,23.43,23.43,23.43,000,23.43
2015-04-07,23.43,23.43,23.43,23.43,000,23.43
2015-04-06,23.43,23.43,23.43,23.43,000,23.43
2015-04-03,23.43,23.43,23.43,23.43,000,23.43
2015-04-02,23.43,23.43,23.43,23.43,000,23.43
2015-04-01,23.43,23.43,23.43,23.43,000,23.43
2015-03-31,23.43,23.43,23.43,23.43,000,23.43
2015-03-30,23.43,23.43,23.43,23.43,000,23.43
2015-03-27,23.24,24.30,21.58,23.43,29249000,23.43
2015-03-26,25.88,26.87,23.80,23.84,37984700,23.84
2015-03-25,24.90,27.39,24.80,26.31,31590200,26.31
2015-03-24,22.50,24.90,22.19,24.90,36606400,24.90
2015-03-23,20.71,22.75,20.34,22.64,32331800,22.64
2015-03-20,20.10,21.48,19.99,20.68,33199600,20.68
2015-03-19,19.47,20.79,18.93,20.49,34134800,20.49
2015-03-18,19.30,20.03,18.62,19.65,36236600,19.65
2015-03-17,19.15,20.27,18.72,19.50,48024200,19.50
2015-03-16,17.00,18.43,16.71,18.43,31541900,18.43
2015-03-13,16.70,16.98,16.10,16.75,25078200,16.75
2015-03-12,16.35,17.43,16.00,17.00,37659600,17.00
2015-03-11,17.00,18.28,16.09,16.20,43436500,16.20
2015-03-10,33.50,35.66,32.10,34.80,37009000,17.40
2015-03-09,31.00,34.12,30.30,33.48,45267300,16.74
2015-03-06,28.70,31.02,28.20,31.02,26845700,15.51
2015-03-05,26.60,28.20,26.11,28.20,22745200,14.10
2015-03-04,24.50,25.70,24.35,25.64,13420000,12.82
2015-03-03,25.10,25.40,24.28,24.50,11798000,12.25
2015-03-02,25.01,25.58,24.00,25.58,16012400,12.79
2015-02-27,24.82,25.58,24.51,24.71,13640900,12.355
2015-02-26,24.21,25.18,24.02,25.15,12100900,12.575
2015-02-25,23.98,24.78,23.53,24.08,9174600,12.04
2015-02-24,23.90,23.90,23.90,23.90,000,11.95
2015-02-23,23.90,23.90,23.90,23.90,000,11.95
2015-02-20,23.90,23.90,23.90,23.90,000,11.95
2015-02-19,23.90,23.90,23.90,23.90,000,11.95
2015-02-18,23.90,23.90,23.90,23.90,000,11.95
2015-02-17,24.00,24.33,23.51,23.90,9818400,11.95
2015-02-16,22.33,24.78,22.30,24.38,19025100,12.19
2015-02-13,22.29,22.60,21.46,22.53,16137800,11.265
2015-02-12,21.80,22.38,21.51,21.84,8854300,10.92
2015-02-11,21.45,22.50,21.16,21.83,12598800,10.915
2015-02-10,19.20,21.75,19.20,21.50,18485300,10.75
2015-02-09,21.82,22.84,20.19,20.19,23435100,10.095
2015-02-06,22.00,22.89,21.01,22.43,38981400,11.215
2015-02-05,21.91,21.91,21.00,21.91,34748200,10.955
2015-02-04,19.92,19.92,19.92,19.92,212100,9.96
2015-02-03,18.11,18.11,18.11,18.11,2132500,9.055
2015-02-02,16.46,16.46,16.46,16.46,000,8.23
2015-01-30,16.46,16.46,16.46,16.46,000,8.23
2015-01-29,16.46,16.46,16.46,16.46,000,8.23
2015-01-28,16.46,16.46,16.46,16.46,000,8.23
2015-01-27,16.46,16.46,16.46,16.46,000,8.23
2015-01-26,16.46,16.46,16.46,16.46,000,8.23
2015-01-23,16.46,16.46,16.46,16.46,000,8.23
2015-01-22,16.46,16.46,16.46,16.46,000,8.23
2015-01-21,16.46,16.46,16.46,16.46,000,8.23
2015-01-20,16.46,16.46,16.46,16.46,000,8.23
2015-01-19,16.46,16.46,16.46,16.46,000,8.23
2015-01-16,16.46,16.46,16.46,16.46,000,8.23
2015-01-15,16.46,16.46,16.46,16.46,000,8.23
2015-01-14,16.46,16.46,16.46,16.46,000,8.23
2015-01-13,16.46,16.46,16.46,16.46,000,8.23
2015-01-12,16.46,16.46,16.46,16.46,000,8.23
2015-01-09,16.46,16.46,16.46,16.46,000,8.23
2015-01-08,16.46,16.46,16.46,16.46,000,8.23
2015-01-07,16.46,16.46,16.46,16.46,000,8.23
2015-01-06,16.46,16.46,16.46,16.46,000,8.23
2015-01-05,16.46,16.46,16.46,16.46,000,8.23
2015-01-02,16.46,16.46,16.46,16.46,000,8.23
2015-01-01,16.46,16.46,16.46,16.46,000,8.23
2014-12-31,16.46,16.46,16.46,16.46,000,8.23
2014-12-30,16.46,16.46,16.46,16.46,000,8.23
2014-12-29,16.46,16.46,16.46,16.46,000,8.23
2014-12-26,16.46,16.46,16.46,16.46,000,8.23
2014-12-25,16.46,16.46,16.46,16.46,000,8.23
2014-12-24,16.46,16.46,16.46,16.46,000,8.23
2014-12-23,16.46,16.46,16.46,16.46,000,8.23
2014-12-22,16.46,16.46,16.46,16.46,000,8.23
2014-12-19,16.46,16.46,16.46,16.46,000,8.23
2014-12-18,16.46,16.46,16.46,16.46,000,8.23
2014-12-17,16.46,16.46,16.46,16.46,000,8.23
2014-12-16,16.46,16.46,16.46,16.46,000,8.23
2014-12-15,16.46,16.46,16.46,16.46,000,8.23
2014-12-12,16.46,16.46,16.46,16.46,000,8.23
2014-12-11,16.46,16.46,16.46,16.46,000,8.23
2014-12-10,16.46,16.46,16.46,16.46,000,8.23
2014-12-09,16.46,16.46,16.46,16.46,000,8.23
2014-12-08,16.46,16.46,16.46,16.46,000,8.23
2014-12-05,16.46,16.46,16.46,16.46,000,8.23
2014-12-04,16.46,16.46,16.46,16.46,000,8.23
2014-12-03,16.46,16.46,16.46,16.46,000,8.23
2014-12-02,16.46,16.46,16.46,16.46,000,8.23
2014-12-01,16.46,16.46,16.46,16.46,000,8.23
2014-11-28,16.46,16.46,16.46,16.46,000,8.23
2014-11-27,16.46,16.46,16.46,16.46,000,8.23
2014-11-26,16.46,16.46,16.46,16.46,000,8.23
2014-11-25,16.46,16.46,16.46,16.46,000,8.23
2014-11-24,16.46,16.46,16.46,16.46,000,8.23
2014-11-21,16.46,16.46,16.46,16.46,000,8.23
2014-11-20,16.46,16.46,16.46,16.46,000,8.23
2014-11-19,16.46,16.46,16.46,16.46,000,8.23
2014-11-18,16.46,16.46,16.46,16.46,000,8.23
2014-11-17,16.46,16.46,16.46,16.46,000,8.23
2014-11-14,16.46,16.46,16.46,16.46,000,8.23
2014-11-13,16.46,16.46,16.46,16.46,000,8.23
2014-11-12,16.46,16.46,16.46,16.46,000,8.23
2014-11-11,16.46,16.46,16.46,16.46,000,8.23
2014-11-10,16.46,16.46,16.46,16.46,000,8.23
2014-11-07,16.46,16.46,16.46,16.46,000,8.23
2014-11-06,16.46,16.46,16.46,16.46,000,8.23
2014-11-05,16.46,16.46,16.46,16.46,000,8.23
2014-11-04,16.46,16.46,16.46,16.46,000,8.23
2014-11-03,16.46,16.46,16.46,16.46,000,8.23
2014-10-31,16.46,16.46,16.46,16.46,000,8.23
2014-10-30,16.46,16.46,16.46,16.46,000,8.23
2014-10-29,16.46,16.46,16.46,16.46,000,8.23
2014-10-28,16.46,16.46,16.46,16.46,000,8.23
2014-10-27,16.46,16.46,16.46,16.46,000,8.23
2014-10-24,16.46,16.46,16.46,16.46,000,8.23
2014-10-23,16.46,16.46,16.46,16.46,000,8.23
2014-10-22,16.46,16.46,16.46,16.46,000,8.23
2014-10-21,16.46,16.46,16.46,16.46,000,8.23
2014-10-20,16.46,16.46,16.46,16.46,000,8.23
2014-10-17,16.46,16.46,16.46,16.46,000,8.23
2014-10-16,16.46,16.46,16.46,16.46,000,8.23
2014-10-15,16.46,16.46,16.46,16.46,000,8.23
2014-10-14,16.46,16.46,16.46,16.46,000,8.23
2014-10-13,16.46,16.46,16.46,16.46,000,8.23
2014-10-10,16.46,16.46,16.46,16.46,000,8.23
2014-10-09,16.46,16.46,16.46,16.46,000,8.23
2014-10-08,16.46,16.46,16.46,16.46,000,8.23
2014-10-07,16.46,16.46,16.46,16.46,000,8.23
2014-10-06,16.46,16.46,16.46,16.46,000,8.23
2014-10-03,16.46,16.46,16.46,16.46,000,8.23
2014-10-02,16.46,16.46,16.46,16.46,000,8.23
2014-10-01,16.46,16.46,16.46,16.46,000,8.23
2014-09-30,16.46,16.46,16.46,16.46,000,8.23
2014-09-29,16.46,16.46,16.46,16.46,000,8.23
2014-09-26,16.46,16.46,16.46,16.46,000,8.23
2014-09-25,16.46,16.46,16.46,16.46,000,8.23
2014-09-24,16.46,16.46,16.46,16.46,000,8.23
2014-09-23,16.46,16.46,16.46,16.46,000,8.23
2014-09-22,16.46,16.46,16.46,16.46,000,8.23
2014-09-19,15.99,16.65,15.98,16.46,5156900,8.23
2014-09-18,15.98,16.13,15.80,16.03,3595900,8.015
2014-09-17,16.15,16.30,15.61,16.03,7388000,8.015
2014-09-16,17.28,17.29,16.08,16.15,10736500,8.075
2014-09-15,17.13,17.77,16.88,17.39,14249000,8.695
2014-09-12,16.81,17.08,16.81,17.08,7350600,8.54
2014-09-11,16.96,17.49,16.72,17.06,13044800,8.53
2014-09-10,16.68,17.08,16.59,17.03,8272100,8.515
2014-09-09,16.99,17.03,16.25,16.86,7587700,8.43
2014-09-08,17.06,17.06,17.06,17.06,000,8.53
2014-09-05,17.00,17.30,16.83,17.06,8565900,8.53
2014-09-04,17.16,17.43,16.92,17.06,13144900,8.53
2014-09-03,16.98,17.67,16.68,17.36,15317100,8.68
2014-09-02,16.83,17.17,16.80,16.98,10465200,8.49
2014-09-01,16.52,16.98,16.27,16.88,9548000,8.44
2014-08-29,16.03,16.80,15.87,16.57,9965700,8.285
2014-08-28,16.90,16.90,15.90,15.97,15723300,7.985
2014-08-27,16.60,17.20,16.51,16.79,10771500,8.395
2014-08-26,16.93,17.48,16.66,16.91,19368000,8.455
2014-08-25,18.40,18.40,16.93,16.93,38028500,8.465
2014-08-22,17.88,18.81,17.00,18.81,47681200,9.405
2014-08-21,16.15,17.50,15.94,17.10,20701800,8.55
2014-08-20,16.28,16.58,16.00,16.13,11604400,8.065
2014-08-19,16.40,16.60,16.02,16.24,12348500,8.12
2014-08-18,16.10,17.11,15.95,16.46,20490600,8.23
2014-08-15,16.10,16.41,15.80,16.26,29884900,8.13
2014-08-14,14.26,15.72,14.15,15.57,27679100,7.785
2014-08-13,14.84,14.86,14.14,14.29,9705300,7.145
2014-08-12,14.90,14.99,14.78,14.83,6808700,7.415
2014-08-11,14.84,15.02,14.68,14.90,9668100,7.45
2014-08-08,14.70,15.17,14.63,14.89,8515500,7.445
2014-08-07,14.91,15.18,14.65,14.83,11853500,7.415
2014-08-06,15.05,15.37,14.90,15.05,14886600,7.525
2014-08-05,14.25,15.40,14.25,15.08,22637900,7.54
2014-08-04,14.45,14.75,14.15,14.30,12497000,7.15
2014-08-01,14.79,15.07,14.41,14.55,16231300,7.275
2014-07-31,14.15,15.10,14.10,14.88,27303200,7.44
2014-07-30,13.91,14.68,13.83,14.35,31162800,7.175
2014-07-29,13.62,13.96,13.52,13.81,18340600,6.905
2014-07-28,13.35,14.00,13.18,13.67,22311900,6.835
2014-07-25,13.21,13.55,13.13,13.37,15208100,6.685
2014-07-24,13.30,13.62,12.88,13.25,18852300,6.625
2014-07-23,14.00,14.00,13.12,13.32,23685700,6.66
2014-07-22,14.04,14.17,13.70,14.07,18872500,7.035
2014-07-21,14.62,14.76,13.73,13.98,30147600,6.99
2014-07-18,15.25,15.25,15.25,15.25,000,7.625
2014-07-17,15.25,15.25,15.25,15.25,000,7.625
2014-07-16,15.25,15.25,15.25,15.25,000,7.625
2014-07-15,15.25,15.25,15.25,15.25,000,7.625
2014-07-14,15.25,15.25,15.25,15.25,000,7.625
2014-07-11,15.25,15.25,15.25,15.25,000,7.625
2014-07-10,15.55,16.17,15.15,15.25,31450200,7.625
2014-07-09,17.40,17.40,15.93,15.93,48315300,7.965
2014-07-08,16.38,17.87,16.20,17.70,48557000,8.85
2014-07-07,15.99,16.80,15.86,16.30,37167400,8.15
2014-07-04,15.20,16.62,15.13,16.10,50062800,8.05
2014-07-03,15.29,16.08,15.06,15.11,26789700,7.555
2014-07-02,15.21,16.13,14.98,15.60,42580000,7.80
2014-07-01,15.37,15.40,14.91,15.25,33239900,7.625
2014-06-30,14.03,15.65,13.90,15.65,49871800,7.825
2014-06-27,14.37,14.62,14.14,14.23,23727700,7.115
2014-06-26,13.94,14.59,13.81,14.55,30960400,7.275
2014-06-25,15.12,15.19,13.99,14.05,43116200,7.025
2014-06-24,14.82,16.18,14.67,15.45,54449100,7.725
2014-06-23,14.38,15.19,14.20,14.90,37528000,7.45
2014-06-20,14.05,14.68,13.77,14.59,31829000,7.295
2014-06-19,14.52,15.48,14.22,14.65,43795000,7.325
2014-06-18,14.60,15.08,14.36,14.75,32035300,7.375
2014-06-17,15.38,15.73,14.71,14.75,45090600,7.375
2014-06-16,14.72,15.88,14.60,15.67,62886400,7.835
2014-06-13,13.80,15.69,13.70,14.91,69862500,7.455
2014-06-12,14.10,14.75,13.70,14.26,70935300,7.13
2014-06-11,14.01,14.53,13.35,13.85,80753600,6.925
2014-06-10,12.55,13.21,12.21,13.21,48111500,6.605
2014-06-09,11.00,12.01,10.93,12.01,38821700,6.005
2014-06-06,10.03,10.92,9.98,10.92,23516700,5.46
2014-06-05,9.66,10.07,9.60,9.93,5874100,4.965
2014-06-04,10.16,10.28,9.62,9.67,7100800,4.835
2014-06-03,10.53,10.84,10.04,10.14,4081200,5.07
2014-06-02,10.54,10.54,10.54,10.54,000,5.27
2014-05-30,10.36,10.78,10.06,10.54,9268000,5.27
2014-05-29,10.54,10.71,10.34,10.41,6254900,5.205
2014-05-28,10.22,10.78,10.09,10.61,11127000,5.305
2014-05-27,10.28,10.56,10.16,10.19,10345100,5.095
2014-05-26,9.77,10.65,9.77,10.36,16314900,5.18
2014-05-23,9.50,9.74,9.39,9.73,4508000,4.865
2014-05-22,9.40,9.54,9.32,9.44,3668700,4.72
2014-05-21,9.29,9.43,9.12,9.38,2623200,4.69
2014-05-20,9.35,9.54,9.25,9.29,2622200,4.645
2014-05-19,9.28,9.35,9.19,9.30,1493700,4.64
2014-05-16,9.22,9.36,9.15,9.27,1459800,4.625
2014-05-15,9.63,9.71,9.20,9.23,5031000,4.6051
2014-05-14,9.75,9.86,9.63,9.67,3502600,4.8246
2014-05-13,9.65,9.85,9.60,9.83,4228500,4.9044
2014-05-12,9.64,9.78,9.38,9.70,5337200,4.8396
2014-05-09,10.00,10.12,9.45,9.52,5536900,4.7498
2014-05-08,9.71,10.45,9.70,10.02,9135300,4.9992
2014-05-07,9.96,10.15,9.88,9.92,6845200,4.9493
2014-05-06,9.51,10.24,9.45,10.16,13547200,5.0691
2014-05-05,9.32,9.58,9.25,9.55,5274900,4.7647
2014-05-02,9.37,9.37,9.37,9.37,000,4.6749
2014-05-01,9.37,9.37,9.37,9.37,000,4.6749
2014-04-30,9.42,9.44,9.25,9.37,4494100,4.6749
2014-04-29,9.11,9.47,9.10,9.39,6066800,4.6849
2014-04-28,9.72,9.90,9.08,9.10,7876200,4.5402
2014-04-25,9.95,10.29,9.81,9.82,9356500,4.8994
2014-04-24,10.05,10.48,9.98,10.00,10747300,4.9892
2014-04-23,10.25,10.27,10.01,10.15,6475600,5.0641
2014-04-22,10.21,10.38,9.91,10.32,11148900,5.1489
2014-04-21,10.53,10.54,10.10,10.21,13399800,5.094
2014-04-18,10.80,10.83,10.51,10.65,10773000,5.3135
2014-04-17,10.66,10.97,10.56,10.81,13982500,5.3934
2014-04-16,10.71,10.86,10.48,10.66,17355700,5.3185
2014-04-15,11.22,11.45,10.91,10.91,19948000,5.4433
2014-04-14,11.00,11.70,10.80,11.46,36374700,5.7177
2014-04-11,11.00,11.70,10.80,11.20,40952500,5.588
2014-04-10,10.79,10.79,10.51,10.79,19993000,5.3834
2014-04-09,9.81,9.81,9.81,9.81,479600,4.8945
2014-04-08,8.92,8.92,8.92,8.92,651500,4.4504
2014-04-07,8.11,8.11,8.11,8.11,000,4.0463
2014-04-04,8.11,8.11,8.11,8.11,83400,4.0463
2014-04-03,7.37,7.37,7.37,7.37,000,3.6771
2014-04-02,7.37,7.37,7.37,7.37,000,3.6771
2014-04-01,7.37,7.37,7.37,7.37,000,3.6771
2014-03-31,7.37,7.37,7.37,7.37,000,3.6771
2014-03-28,7.37,7.37,7.37,7.37,000,3.6771
2014-03-27,7.37,7.37,7.37,7.37,000,3.6771
2014-03-26,7.37,7.37,7.37,7.37,000,3.6771
2014-03-25,7.37,7.37,7.37,7.37,000,3.6771
2014-03-24,7.37,7.37,7.37,7.37,000,3.6771
2014-03-21,7.37,7.37,7.37,7.37,000,3.6771
2014-03-20,7.37,7.37,7.37,7.37,000,3.6771
2014-03-19,7.37,7.37,7.37,7.37,000,3.6771
2014-03-18,7.37,7.37,7.37,7.37,000,3.6771
2014-03-17,7.37,7.37,7.37,7.37,000,3.6771
2014-03-14,7.37,7.37,7.37,7.37,000,3.6771
2014-03-13,7.37,7.37,7.37,7.37,000,3.6771
2014-03-12,7.37,7.37,7.37,7.37,000,3.6771
2014-03-11,7.37,7.37,7.37,7.37,000,3.6771
2014-03-10,7.37,7.37,7.37,7.37,000,3.6771
2014-03-07,7.37,7.37,7.37,7.37,000,3.6771
2014-03-06,7.37,7.37,7.37,7.37,000,3.6771
2014-03-05,7.37,7.37,7.37,7.37,000,3.6771
2014-03-04,7.37,7.37,7.37,7.37,000,3.6771
2014-03-03,7.37,7.37,7.37,7.37,000,3.6771
2014-02-28,7.37,7.37,7.37,7.37,000,3.6771
2014-02-27,7.37,7.37,7.37,7.37,000,3.6771
2014-02-26,7.37,7.37,7.37,7.37,000,3.6771
2014-02-25,7.37,7.37,7.37,7.37,000,3.6771
2014-02-24,7.37,7.37,7.37,7.37,000,3.6771
2014-02-21,7.37,7.37,7.37,7.37,000,3.6771
2014-02-20,7.37,7.37,7.37,7.37,000,3.6771
2014-02-19,7.37,7.37,7.37,7.37,000,3.6771
2014-02-18,7.37,7.37,7.37,7.37,000,3.6771
2014-02-17,7.37,7.37,7.37,7.37,000,3.6771
2014-02-14,7.37,7.37,7.37,7.37,000,3.6771
2014-02-13,7.37,7.37,7.37,7.37,000,3.6771
2014-02-12,7.37,7.37,7.37,7.37,000,3.6771
2014-02-11,7.37,7.37,7.37,7.37,000,3.6771
2014-02-10,7.37,7.37,7.37,7.37,000,3.6771
2014-02-07,7.37,7.37,7.37,7.37,000,3.6771
2014-02-06,7.37,7.37,7.37,7.37,000,3.6771
2014-02-05,7.37,7.37,7.37,7.37,000,3.6771
2014-02-03,7.37,7.37,7.37,7.37,000,3.6771
2014-01-31,7.37,7.37,7.37,7.37,000,3.6771
2014-01-30,7.37,7.37,7.37,7.37,000,3.6771
2014-01-29,7.37,7.37,7.37,7.37,000,3.6771
2014-01-28,7.37,7.37,7.37,7.37,000,3.6771
2014-01-27,7.37,7.37,7.37,7.37,000,3.6771
2014-01-24,7.37,7.37,7.37,7.37,000,3.6771
2014-01-23,7.37,7.37,7.37,7.37,000,3.6771
2014-01-22,7.37,7.37,7.37,7.37,000,3.6771
2014-01-21,7.37,7.37,7.37,7.37,000,3.6771
2014-01-20,7.37,7.37,7.37,7.37,000,3.6771
2014-01-17,7.37,7.37,7.37,7.37,000,3.6771
2014-01-16,7.37,7.37,7.37,7.37,000,3.6771
2014-01-15,7.37,7.37,7.37,7.37,000,3.6771
2014-01-14,7.37,7.37,7.37,7.37,000,3.6771
2014-01-13,7.37,7.37,7.37,7.37,000,3.6771
2014-01-10,7.37,7.37,7.37,7.37,000,3.6771
2014-01-09,7.37,7.37,7.37,7.37,000,3.6771
2014-01-08,7.37,7.37,7.37,7.37,000,3.6771
2014-01-07,7.37,7.37,7.37,7.37,000,3.6771
2014-01-06,7.37,7.37,7.37,7.37,000,3.6771
2014-01-03,7.37,7.37,7.37,7.37,000,3.6771
2014-01-02,7.37,7.37,7.37,7.37,000,3.6771
2014-01-01,7.37,7.37,7.37,7.37,000,3.6771
2013-12-31,7.37,7.37,7.37,7.37,000,3.6771
2013-12-30,7.37,7.37,7.37,7.37,000,3.6771
2013-12-27,7.37,7.37,7.37,7.37,000,3.6771
2013-12-26,7.37,7.37,7.37,7.37,000,3.6771
2013-12-25,7.37,7.37,7.37,7.37,000,3.6771
2013-12-24,7.37,7.37,7.37,7.37,000,3.6771
2013-12-23,7.37,7.37,7.37,7.37,000,3.6771
2013-12-20,7.37,7.37,7.37,7.37,000,3.6771
2013-12-19,7.37,7.37,7.37,7.37,000,3.6771
2013-12-18,7.37,7.37,7.37,7.37,000,3.6771
2013-12-17,7.37,7.37,7.37,7.37,000,3.6771
2013-12-16,7.37,7.37,7.37,7.37,000,3.6771
2013-12-13,7.37,7.37,7.37,7.37,000,3.6771
2013-12-12,7.37,7.37,7.37,7.37,000,3.6771
2013-12-11,7.37,7.37,7.37,7.37,000,3.6771
2013-12-10,7.37,7.37,7.37,7.37,000,3.6771
2013-12-09,7.37,7.37,7.37,7.37,000,3.6771
2013-12-06,7.37,7.37,7.37,7.37,000,3.6771
2013-12-05,7.37,7.37,7.37,7.37,000,3.6771
2013-12-04,7.37,7.37,7.37,7.37,000,3.6771
2013-12-03,7.37,7.37,7.37,7.37,000,3.6771
2013-12-02,7.37,7.37,7.37,7.37,000,3.6771
2013-11-29,7.37,7.37,7.37,7.37,000,3.6771
2013-11-28,7.37,7.37,7.37,7.37,000,3.6771
2013-11-27,7.37,7.37,7.37,7.37,000,3.6771
2013-11-26,7.37,7.37,7.37,7.37,000,3.6771
2013-11-25,7.37,7.37,7.37,7.37,000,3.6771
2013-11-22,7.37,7.37,7.37,7.37,000,3.6771
2013-11-21,7.37,7.37,7.37,7.37,000,3.6771
2013-11-20,7.37,7.37,7.37,7.37,000,3.6771
2013-11-19,7.37,7.37,7.37,7.37,000,3.6771
2013-11-18,7.37,7.37,7.37,7.37,000,3.6771
2013-11-15,7.37,7.37,7.37,7.37,000,3.6771
2013-11-14,7.37,7.37,7.37,7.37,000,3.6771
2013-11-13,7.37,7.37,7.37,7.37,000,3.6771
2013-11-12,7.37,7.37,7.37,7.37,000,3.6771
2013-11-11,7.37,7.37,7.37,7.37,000,3.6771
2013-11-08,7.37,7.37,7.37,7.37,000,3.6771
2013-11-07,7.37,7.37,7.37,7.37,000,3.6771
2013-11-06,7.37,7.37,7.37,7.37,000,3.6771
2013-11-05,7.37,7.37,7.37,7.37,000,3.6771
2013-11-04,7.37,7.37,7.37,7.37,000,3.6771
2013-11-01,7.37,7.42,7.32,7.37,1535900,3.6771
2013-10-31,7.29,7.49,7.26,7.37,1950300,3.6771
2013-10-30,7.22,7.37,7.16,7.37,2497600,3.6771
2013-10-29,7.54,7.60,6.99,7.22,3566400,3.6022
2013-10-28,7.99,7.99,7.50,7.50,3492400,3.7419
2013-10-25,7.85,8.09,7.80,7.99,3856800,3.9864
2013-10-24,7.90,7.97,7.84,7.90,2041000,3.9415
2013-10-23,8.24,8.24,7.85,7.89,3797300,3.9365
2013-10-22,8.08,8.32,8.02,8.18,6104600,4.0812
2013-10-21,7.95,8.08,7.83,8.07,3060800,4.0263
2013-10-18,7.91,7.96,7.85,7.89,2221500,3.9365
2013-10-17,7.93,8.00,7.86,7.90,3493800,3.9415
2013-10-16,8.37,8.37,7.81,7.90,3726100,3.9415
2013-10-15,8.26,8.41,8.14,8.25,4509600,4.1161
2013-10-14,8.23,8.32,8.20,8.30,4009000,4.1411
2013-10-11,8.15,8.24,8.15,8.23,3096000,4.1062
2013-10-10,8.28,8.32,8.10,8.13,3502500,4.0563
2013-10-09,8.19,8.31,8.19,8.28,4028700,4.1311
2013-10-08,8.09,8.24,8.08,8.23,3659800,4.1062
2013-10-07,8.09,8.09,8.09,8.09,000,4.0363
2013-10-04,8.09,8.09,8.09,8.09,000,4.0363
2013-10-03,8.09,8.09,8.09,8.09,000,4.0363
2013-10-02,8.09,8.09,8.09,8.09,000,4.0363
2013-10-01,8.09,8.09,8.09,8.09,000,4.0363
2013-09-30,8.02,8.13,8.02,8.09,1413200,4.0363
2013-09-27,8.04,8.14,8.01,8.05,2126800,4.0163
2013-09-26,7.99,8.33,7.87,8.08,4684600,4.0313
2013-09-25,8.11,8.13,7.98,8.00,2799400,3.9914
2013-09-24,8.13,8.17,8.00,8.08,3499900,4.0313
2013-09-23,8.02,8.18,8.01,8.14,3541400,4.0612
2013-09-20,7.99,7.99,7.99,7.99,000,3.9864
2013-09-18,7.94,8.05,7.92,7.99,2634800,3.9864
2013-09-17,8.30,8.33,7.91,7.97,3354400,3.9764
2013-09-16,8.23,8.35,8.18,8.24,3063000,4.1111
2013-09-13,8.17,8.26,8.10,8.23,3483700,4.1062
2013-09-12,8.11,8.22,8.07,8.14,3933800,4.0612
2013-09-11,8.58,8.58,8.06,8.13,7872500,4.0563
2013-09-10,8.46,8.55,8.39,8.46,5118300,4.2209
2013-09-09,8.55,8.56,8.36,8.46,6317800,4.2209
2013-09-06,8.48,8.60,8.42,8.51,7515800,4.2458
2013-09-05,8.70,8.70,8.39,8.49,10681900,4.2359
2013-09-04,8.88,8.97,8.73,8.77,11960700,4.3756
2013-09-03,8.20,9.00,8.17,9.00,19186600,4.4903
2013-09-02,8.21,8.28,8.05,8.18,1588700,4.0812
2013-08-30,8.48,8.49,8.10,8.18,4165900,4.0812
2013-08-29,8.50,8.65,8.43,8.52,1840500,4.2508
2013-08-28,8.68,8.71,8.50,8.50,4185900,4.2409
2013-08-27,8.80,8.85,8.61,8.74,2919100,4.3606
2013-08-26,8.70,8.95,8.69,8.84,2696200,4.4105
2013-08-23,8.95,9.00,8.50,8.75,2368300,4.3656
2013-08-22,8.80,9.04,8.75,8.96,2905000,4.4704
2013-08-21,8.84,8.88,8.66,8.86,2190600,4.4205
2013-08-20,8.55,8.83,8.50,8.80,2741700,4.3905
2013-08-19,8.39,8.58,8.34,8.55,1899400,4.2658
2013-08-16,8.75,8.88,8.36,8.43,3290600,4.2059
2013-08-15,9.04,9.25,8.80,8.80,4967100,4.3905
2013-08-14,8.74,9.16,8.67,9.02,6974100,4.5003
2013-08-13,8.54,8.76,8.52,8.72,3029800,4.3506
2013-08-12,8.55,8.59,8.42,8.58,1754000,4.2808
2013-08-09,8.57,8.63,8.32,8.49,2492100,4.2359
2013-08-08,8.45,8.68,8.42,8.57,2157200,4.2758
2013-08-07,8.90,8.90,8.48,8.48,4487600,4.2309
2013-08-06,8.95,8.98,8.74,8.92,3825400,4.4504
2013-08-05,8.77,8.99,8.69,8.98,3922500,4.4803
2013-08-02,8.74,8.95,8.66,8.75,4896900,4.3656
2013-08-01,8.23,8.89,8.20,8.77,5633900,4.3756
2013-07-31,8.23,8.34,8.16,8.25,2752400,4.1161
2013-07-30,8.24,8.44,7.98,8.26,3507200,4.1211
2013-07-29,8.45,8.64,8.26,8.31,2605300,4.1461
2013-07-26,8.40,8.68,8.19,8.58,4645300,4.2808
2013-07-25,9.10,9.23,8.52,8.52,7516700,4.2508
2013-07-24,9.40,9.41,8.80,9.27,10382400,4.625
2013-07-23,9.41,9.64,9.18,9.49,7147400,4.7348
2013-07-22,8.69,9.79,8.60,9.58,9974200,4.7797
2013-07-19,8.76,9.38,8.65,8.90,14225100,4.4404
2013-07-18,7.81,8.59,7.71,8.59,7538200,4.2858
2013-07-17,8.14,8.18,7.73,7.81,4191500,3.8966
2013-07-16,7.80,8.09,7.72,8.09,3067400,4.0363
2013-07-15,7.50,7.96,7.50,7.82,3117700,3.9016
2013-07-12,7.46,7.81,7.46,7.56,2600700,3.7719
2013-07-11,7.20,7.61,7.17,7.52,2438500,3.7519
2013-07-10,7.07,7.25,7.05,7.25,1411100,3.6172
2013-07-09,7.05,7.16,7.02,7.06,1344900,3.5224
2013-07-08,7.46,7.46,6.94,7.10,1953500,3.5424
2013-07-05,7.70,7.72,7.53,7.57,1429100,3.7769
2013-07-04,7.50,7.72,7.42,7.62,2693700,3.8018
2013-07-03,7.72,7.72,7.36,7.63,1740800,3.8068
2013-07-02,7.42,7.78,7.39,7.74,2852800,3.8617
2013-07-01,7.25,7.45,7.16,7.39,1535800,3.6871
2013-06-28,7.25,7.49,7.09,7.19,1264100,3.5873
2013-06-27,7.69,7.84,7.30,7.32,2301600,3.6521
2013-06-26,7.39,7.66,7.18,7.65,2582800,3.8168
2013-06-25,7.59,7.59,6.89,7.37,4014100,3.6771
2013-06-24,8.30,8.38,7.53,7.60,2605100,3.7918
2013-06-21,8.43,8.50,8.10,8.37,2077200,4.176
2013-06-20,8.93,8.93,8.60,8.62,1138900,4.3007
2013-06-19,8.90,8.97,8.70,8.85,1605300,4.4155
2013-06-18,9.02,9.02,8.72,8.95,1594000,4.4654
2013-06-17,9.12,9.12,8.80,8.98,2003800,4.4803
2013-06-14,8.96,9.18,8.91,9.08,1718900,4.5302
2013-06-13,9.30,9.30,8.55,8.98,2251700,4.4604
2013-06-12,9.49,9.49,9.49,9.49,000,4.7137
2013-06-11,9.49,9.49,9.49,9.49,000,4.7137
2013-06-10,9.49,9.49,9.49,9.49,000,4.7137
2013-06-07,10.17,10.27,9.41,9.49,3246900,4.7137
2013-06-06,10.07,10.29,10.01,10.22,2067300,5.0763
2013-06-05,10.16,10.32,10.04,10.16,2133500,5.0465
2013-06-04,10.65,10.78,10.07,10.29,3919000,5.1111
2013-06-03,10.45,10.90,10.45,10.69,4887400,5.3097
2013-05-31,10.42,11.10,10.42,10.61,6560500,5.27
2013-05-30,10.32,10.54,10.14,10.49,4670400,5.2104
2013-05-29,10.01,10.38,10.00,10.36,3744400,5.1458
2013-05-28,10.29,10.30,9.92,10.03,3802400,4.9819
2013-05-27,10.59,10.59,10.23,10.36,4363600,5.1458
2013-05-24,10.10,10.44,10.10,10.34,3491300,5.1359
2013-05-23,10.01,10.33,10.00,10.05,3569200,4.9919
2013-05-22,10.64,10.78,10.05,10.20,6813300,5.0664
2013-05-21,10.55,10.80,10.32,10.70,8114200,5.3147
2013-05-20,10.11,10.66,10.01,10.60,7917900,5.265
2013-05-17,10.00,10.18,9.81,10.06,4490800,4.9968
2013-05-16,10.20,10.28,9.85,10.00,6714200,4.967
2013-05-15,10.03,10.33,9.88,10.26,6780600,5.0962
2013-05-14,9.96,10.18,9.80,10.10,6515000,5.0167
2013-05-13,10.08,10.09,9.66,10.03,6666600,4.9819
2013-05-10,10.11,10.46,9.96,10.15,7312700,5.0415
2013-05-09,10.10,10.80,9.85,10.40,21159100,5.1657
2013-05-08,9.30,10.05,9.30,10.05,7012100,4.9919
2013-05-07,8.84,9.15,8.70,9.14,3201700,4.5399
2013-05-06,8.74,8.90,8.68,8.87,1489200,4.4057
2013-05-03,8.58,8.77,8.52,8.69,1451800,4.3163
2013-05-02,8.54,8.58,8.39,8.57,1303200,4.2567
2013-05-01,8.50,8.50,8.50,8.50,000,4.222
2013-04-30,8.50,8.50,8.50,8.50,000,4.222
2013-04-29,8.50,8.50,8.50,8.50,000,4.222
2013-04-26,8.87,8.91,8.44,8.50,2051200,4.222
2013-04-25,9.23,9.24,8.82,8.86,2501100,4.4008
2013-04-24,9.03,9.29,9.03,9.25,1763800,4.5945
2013-04-23,9.53,9.62,9.02,9.05,2989100,4.4952
2013-04-22,9.32,9.66,9.32,9.60,3322500,4.7683
2013-04-19,9.10,9.56,9.05,9.46,4791100,4.6988
2013-04-18,9.09,9.23,9.03,9.12,2963600,4.5299
2013-04-17,9.18,9.28,8.85,9.24,4614400,4.5895
2013-04-16,9.01,9.20,8.84,9.20,1896500,4.5697
2013-04-15,9.11,9.26,8.82,9.04,2071400,4.4902
2013-04-12,9.41,9.55,9.18,9.22,1132800,4.5796
2013-04-11,9.59,9.61,9.42,9.44,1579200,4.6889
2013-04-10,9.72,9.75,9.42,9.55,1858500,4.7435
2013-04-09,9.58,9.75,9.58,9.74,1930500,4.8379
2013-04-08,9.40,9.60,9.16,9.60,2059700,4.7683
2013-04-05,9.53,9.53,9.53,9.53,000,4.7336
2013-04-04,9.53,9.53,9.53,9.53,000,4.7336
2013-04-03,9.48,9.61,9.43,9.53,2039300,4.7336
2013-04-02,9.46,9.86,9.46,9.50,3728800,4.7187
2013-04-01,9.52,9.71,9.39,9.43,1592700,4.6839
2013-03-29,9.30,9.58,9.02,9.51,2047700,4.7236
2013-03-28,9.80,9.80,9.25,9.31,4292000,4.6243
2013-03-27,9.95,10.01,9.81,9.83,2775900,4.8826
2013-03-26,9.90,10.04,9.82,9.90,2477600,4.9174
2013-03-25,10.08,10.15,9.85,9.90,3639200,4.9174
2013-03-22,10.18,10.22,9.99,10.10,2690700,5.0167
2013-03-21,10.03,10.29,10.00,10.24,4207400,5.0862
2013-03-20,9.88,10.06,9.78,10.03,4550700,4.9819
2013-03-19,9.78,9.80,9.50,9.79,3778600,4.8627
2013-03-18,10.30,10.30,9.67,9.70,5781800,4.818
2013-03-15,10.83,11.00,10.32,10.42,4658900,5.1756
2013-03-14,11.30,11.39,10.73,10.95,2152400,5.4389
2013-03-13,11.23,11.56,11.10,11.31,4127400,5.6177
2013-03-12,11.15,11.35,10.70,11.26,5702800,5.5929
2013-03-11,11.07,11.30,11.00,11.17,2476200,5.5482
2013-03-08,11.73,11.79,10.95,11.21,5675200,5.568
2013-03-07,12.18,12.27,11.62,11.72,2435300,5.8214
2013-03-06,11.77,12.20,11.74,12.08,5708000,6.0002
2013-03-05,11.55,11.88,11.55,11.75,2082300,5.8363
2013-03-04,12.09,12.33,11.60,11.71,2715800,5.8164
2013-03-01,12.30,12.35,12.09,12.27,2686100,6.0945
2013-02-28,12.22,12.40,11.86,12.30,4185600,6.1094
2013-02-27,13.25,13.25,12.40,12.49,6340200,6.2038
2013-02-26,13.11,14.15,13.11,13.30,11301300,6.6061
2013-02-25,12.95,13.25,12.51,13.16,4470000,6.5366
2013-02-22,12.62,12.85,12.40,12.80,2072600,6.3578
2013-02-21,12.63,12.73,12.28,12.51,1511400,6.2137
2013-02-20,12.70,12.85,12.53,12.63,2257200,6.2734
2013-02-19,12.55,12.86,12.32,12.54,1827800,6.2286
2013-02-18,12.30,12.71,12.18,12.52,2551300,6.2187
2013-02-15,12.30,12.30,12.30,12.30,000,6.1094
2013-02-14,12.30,12.30,12.30,12.30,000,6.1094
2013-02-13,12.30,12.30,12.30,12.30,000,6.1094
2013-02-12,12.30,12.30,12.30,12.30,000,6.1094
2013-02-11,12.30,12.30,12.30,12.30,000,6.1094
2013-02-08,11.90,12.70,11.90,12.30,4352100,6.1094
2013-02-07,11.66,12.16,11.45,12.12,3597000,6.02
2013-02-06,11.89,11.96,11.65,11.65,1902200,5.7866
2013-02-05,11.80,12.01,11.59,11.97,1595400,5.9455
2013-02-04,12.26,12.35,11.23,12.10,4117300,6.0101
2013-02-01,12.22,12.43,12.13,12.26,1402700,6.0896
2013-01-31,12.47,12.58,12.10,12.22,1975300,6.0697
2013-01-30,12.70,12.82,12.43,12.58,1796300,6.2485
2013-01-29,12.77,12.97,12.52,12.74,2101700,6.328
2013-01-28,12.13,12.85,12.02,12.78,3347200,6.3479
2013-01-25,12.16,12.40,11.88,12.00,6189000,5.9604
2013-01-24,12.67,12.99,12.02,12.29,8399300,6.1045
2013-01-23,13.66,13.86,12.55,12.94,8867500,6.4273
2013-01-22,13.32,13.90,13.32,13.66,8580500,6.785
2013-01-21,13.91,13.93,13.23,13.26,19343400,6.5863
2013-01-18,14.25,14.70,13.83,13.91,7582700,6.9091
2013-01-17,14.50,14.80,14.23,14.40,6491500,7.1525
2013-01-16,13.61,14.88,13.48,14.70,7928500,7.3015
2013-01-15,13.87,13.87,13.41,13.61,4018800,6.7601
2013-01-14,12.96,13.72,12.86,13.58,7783700,6.7452
2013-01-11,13.18,13.27,12.80,12.95,3980400,6.4323
2013-01-10,12.86,13.14,12.71,13.09,3442700,6.5018
2013-01-09,12.89,13.15,12.88,12.97,3226900,6.4422
2013-01-08,13.37,13.69,12.84,12.96,13745300,6.4373
2013-01-07,13.42,13.69,13.23,13.46,5684400,6.6856
2013-01-04,13.16,13.60,13.14,13.41,6257600,6.6608
2013-01-03,13.15,13.15,13.15,13.15,000,6.5316
2013-01-02,13.15,13.15,13.15,13.15,000,6.5316
2013-01-01,13.15,13.15,13.15,13.15,000,6.5316
2012-12-31,12.97,13.30,12.00,13.15,5993400,6.5316
2012-12-28,13.00,13.26,12.90,13.04,5297700,6.477
2012-12-27,13.26,13.40,12.77,13.07,9962100,6.4919
2012-12-26,13.63,13.63,13.26,13.27,13460100,6.5912
2012-12-25,13.66,14.00,13.19,13.79,16295800,6.8495
2012-12-24,12.80,13.84,12.75,13.80,11550300,6.8545
2012-12-21,12.95,13.05,12.49,12.58,8867300,6.2485
2012-12-20,11.58,12.86,11.50,12.86,9607700,6.3876
2012-12-19,11.90,12.20,11.60,11.69,9865200,5.8065
2012-12-18,11.32,11.98,11.18,11.95,5069700,5.9356
2012-12-17,11.52,11.66,11.35,11.40,7214900,5.6624
2012-12-14,11.08,11.68,11.03,11.52,8565000,5.722
2012-12-13,11.08,11.14,10.80,11.14,5678600,5.5333
2012-12-12,11.77,11.95,10.90,11.20,11364300,5.5631
2012-12-11,11.88,12.12,11.61,11.78,2857200,5.8512
2012-12-10,11.46,12.09,11.45,11.90,4669700,5.9108
2012-12-07,11.32,11.59,11.16,11.50,3009400,5.7121
2012-12-06,11.21,11.48,11.10,11.32,2893500,5.6227
2012-12-05,10.62,11.50,10.41,11.27,5744900,5.5978
2012-12-04,10.21,10.63,10.15,10.62,2964600,5.275
2012-12-03,10.46,10.80,10.20,10.26,3962700,5.0962
2012-11-30,10.65,10.85,10.35,10.51,6399000,5.2203
2012-11-29,10.60,10.94,10.46,10.64,4808600,5.2849
2012-11-28,10.06,10.88,9.60,10.64,5621700,5.2849
2012-11-27,10.18,10.57,10.10,10.20,5946600,5.0664
2012-11-26,10.10,10.53,10.03,10.33,5518000,5.1309
2012-11-23,9.78,10.81,9.67,10.30,8615600,5.116
2012-11-22,9.45,10.08,9.32,9.83,3343400,4.8826
2012-11-21,9.78,9.83,9.36,9.53,4678400,4.7336
2012-11-20,9.40,9.70,9.33,9.69,4175400,4.813
2012-11-19,9.23,9.43,9.13,9.36,2626500,4.6491
2012-11-16,9.15,9.48,9.11,9.23,3744000,4.5846
2012-11-15,9.45,9.63,9.22,9.23,4390900,4.5846
2012-11-14,9.04,9.35,9.04,9.35,827100,4.6442
2012-11-13,9.26,9.37,9.12,9.14,966100,4.5399
2012-11-12,9.35,9.49,9.08,9.44,1769000,4.6889
2012-11-09,9.03,9.44,8.98,9.35,2469600,4.6442
2012-11-08,9.20,9.30,8.96,9.05,2144700,4.4952
2012-11-07,9.48,9.65,9.18,9.22,3624100,4.5796
2012-11-06,9.80,9.85,9.14,9.65,3812900,4.7932
2012-11-05,9.50,9.90,9.38,9.79,4735100,4.8627
2012-11-02,9.15,9.58,8.96,9.58,5265600,4.7584
2012-11-01,9.16,9.66,9.04,9.21,3985600,4.5746
2012-10-31,8.92,9.28,8.69,9.18,3933700,4.5597
2012-10-30,8.74,9.10,8.46,8.95,2843100,4.4455
2012-10-29,8.92,8.99,8.57,8.74,2900600,4.3412
2012-10-26,8.89,9.15,8.61,8.99,2703800,4.4654
2012-10-25,8.49,8.80,8.26,8.80,3801100,4.371
2012-10-24,8.27,8.45,8.20,8.30,2481500,4.1226
2012-10-23,8.57,8.62,8.30,8.30,2007700,4.1226
2012-10-22,8.40,8.65,8.40,8.63,1228800,4.2865
2012-10-19,8.43,8.61,8.38,8.49,574600,4.217
2012-10-18,8.45,8.54,8.37,8.46,1064400,4.2021
2012-10-17,8.55,8.59,8.39,8.44,1015700,4.1922
2012-10-16,8.39,8.63,8.27,8.54,1686000,4.2418
2012-10-15,8.30,8.37,8.18,8.35,844000,4.1475
2012-10-12,8.25,8.40,8.16,8.35,1312500,4.1475
2012-10-11,8.55,8.73,8.31,8.34,2815500,4.1425
2012-10-10,8.32,8.58,8.30,8.47,2597300,4.2071
2012-10-09,8.30,8.56,8.16,8.42,3477300,4.1822
2012-10-08,8.55,8.65,8.05,8.41,4801800,4.1773
2012-10-05,8.40,8.40,8.40,8.40,000,4.1723
2012-10-04,8.40,8.40,8.40,8.40,000,4.1723
2012-10-03,8.40,8.40,8.40,8.40,000,4.1723
2012-10-02,8.40,8.40,8.40,8.40,000,4.1723
2012-10-01,8.40,8.40,8.40,8.40,000,4.1723
2012-09-28,7.65,8.40,7.60,8.40,5139800,4.1723
2012-09-27,7.41,7.76,7.40,7.64,485200,3.7948
2012-09-26,7.28,7.80,7.28,7.52,832800,3.7352
2012-09-25,7.57,7.57,7.44,7.46,521800,3.7054
2012-09-24,7.43,7.62,7.28,7.53,1205900,3.7402
2012-09-21,7.61,7.69,7.43,7.43,1098600,3.6905
2012-09-20,7.75,8.12,7.55,7.98,5736300,3.9637
2012-09-19,8.38,8.48,8.30,8.39,462700,4.1673
2012-09-18,8.49,8.49,8.26,8.39,473200,4.1673
2012-09-17,8.51,8.64,8.31,8.35,415000,4.1475
2012-09-14,8.62,8.62,8.36,8.55,902700,4.2468
2012-09-13,8.75,8.75,8.45,8.45,1027600,4.1971
2012-09-12,8.85,8.89,8.59,8.74,1325000,4.3412
2012-09-11,8.86,8.89,8.62,8.81,1512800,4.3759
2012-09-10,8.86,8.90,8.69,8.79,1993100,4.366
2012-09-07,8.40,9.26,8.31,8.87,3165300,4.4057
2012-09-06,8.20,8.54,8.11,8.42,1996200,4.1822
2012-09-05,7.86,8.28,7.70,8.27,1388400,4.1077
2012-09-04,7.73,7.88,7.73,7.77,593800,3.8594
2012-09-03,7.62,7.78,7.55,7.78,631000,3.8643
2012-08-31,7.69,7.70,7.47,7.65,214000,3.7998
2012-08-30,7.61,7.90,7.36,7.52,943900,3.7352
2012-08-29,7.85,8.05,7.85,7.85,594600,3.8991
2012-08-28,7.92,8.05,7.80,7.98,484300,3.9637
2012-08-27,8.20,8.35,7.80,7.85,1426600,3.8991
2012-08-24,8.23,8.29,8.13,8.18,807400,4.063
2012-08-23,8.22,8.33,8.15,8.24,1309400,4.0928
2012-08-22,8.53,8.54,8.21,8.25,1251700,4.0978
2012-08-21,8.67,8.67,8.36,8.49,2372700,4.217
2012-08-20,8.35,8.68,8.35,8.57,2209900,4.2567
2012-08-17,8.25,8.50,8.10,8.47,2195900,4.2071
2012-08-16,8.23,8.39,8.18,8.30,889800,4.1226
2012-08-15,8.25,8.39,8.09,8.27,1662900,4.1077
2012-08-14,7.99,8.27,7.91,8.26,1978900,4.1028
2012-08-13,8.03,8.12,7.85,7.97,1216500,3.9587
2012-08-10,8.02,8.25,8.00,8.03,1874300,3.9885
2012-08-09,7.97,8.03,7.80,8.01,1793400,3.9786
2012-08-08,7.75,8.23,7.71,8.08,2975000,4.0134
2012-08-07,7.74,8.07,7.66,7.70,2366400,3.8246
2012-08-06,7.13,7.79,7.12,7.79,4184500,3.8693
2012-08-03,7.06,7.20,7.01,7.17,1375400,3.5614
2012-08-02,7.23,7.25,7.01,7.06,1273600,3.5067
2012-08-01,7.08,7.21,7.07,7.19,1232400,3.5713
2012-07-31,7.09,7.19,7.05,7.09,1011200,3.5216
2012-07-30,7.31,7.45,7.08,7.17,1744200,3.5614
2012-07-27,7.79,7.83,7.07,7.41,4214500,3.6806
2012-07-26,8.13,8.20,7.73,7.77,2642100,3.8594
2012-07-25,8.16,8.25,8.10,8.13,2296000,4.0382
2012-07-24,8.10,8.23,8.07,8.14,2456600,4.0432
2012-07-23,8.25,8.36,8.15,8.22,2385700,4.0829
2012-07-20,8.26,8.59,8.10,8.42,12109400,4.1822
2012-07-19,9.40,9.40,8.59,8.59,15714200,4.2667
2012-07-18,9.55,9.98,9.31,9.54,3328200,4.7385
2012-07-17,9.05,10.00,8.98,9.75,2434200,4.8428
2012-07-16,9.30,9.57,8.55,9.10,3377300,4.52
2012-07-13,9.38,9.68,9.15,9.46,2952900,4.6988
2012-07-12,17.50,20.00,17.50,19.75,7689600,4.7063
2012-07-11,21.48,21.50,18.94,18.94,5774900,4.5132
2012-07-10,21.04,21.04,21.04,21.04,000,5.0137
2012-07-09,21.04,21.04,21.04,21.04,000,5.0137
2012-07-06,21.04,21.04,21.04,21.04,000,5.0137
2012-07-05,21.04,21.04,21.04,21.04,000,5.0137
2012-07-04,21.04,21.04,21.04,21.04,000,5.0137
2012-07-03,21.04,21.04,21.04,21.04,000,5.0137
2012-07-02,21.04,21.04,21.04,21.04,000,5.0137
2012-06-29,21.04,21.04,21.04,21.04,000,5.0137
2012-06-28,21.04,21.04,21.04,21.04,000,5.0137
2012-06-27,21.04,21.04,21.04,21.04,000,5.0137
2012-06-26,21.04,21.04,21.04,21.04,000,5.0137
2012-06-25,21.04,21.04,21.04,21.04,000,5.0137
2012-06-22,21.04,21.04,21.04,21.04,000,5.0137
2012-06-21,21.04,21.04,21.04,21.04,000,5.0137
2012-06-20,21.04,21.04,21.04,21.04,000,5.0137
2012-06-19,21.04,21.04,21.04,21.04,000,5.0137
2012-06-18,21.04,21.04,21.04,21.04,000,5.0137
2012-06-15,21.04,21.04,21.04,21.04,000,5.0137
2012-06-14,21.04,21.04,21.04,21.04,000,5.0137
2012-06-13,21.04,21.04,21.04,21.04,000,5.0137
2012-06-12,21.04,21.04,21.04,21.04,000,5.0137
2012-06-11,21.04,21.04,21.04,21.04,000,5.0137
2012-06-08,21.04,21.04,21.04,21.04,000,5.0137
2012-06-07,21.04,21.04,21.04,21.04,000,5.0137
2012-06-06,21.04,21.04,21.04,21.04,000,5.0137
2012-06-05,21.04,21.04,21.04,21.04,000,5.0137
2012-06-04,21.04,21.04,21.04,21.04,000,5.0137
2012-06-01,21.04,21.04,21.04,21.04,000,5.0137
2012-05-31,21.04,21.04,21.04,21.04,000,5.0137
2012-05-30,21.04,21.04,21.04,21.04,000,5.0137
2012-05-29,21.04,21.04,21.04,21.04,000,5.0137
2012-05-28,21.04,21.04,21.04,21.04,000,5.0137
2012-05-25,21.04,21.04,21.04,21.04,000,5.0137
2012-05-24,21.04,21.04,21.04,21.04,000,5.0137
2012-05-23,21.04,21.04,21.04,21.04,000,5.0137
2012-05-22,21.04,21.04,21.04,21.04,000,5.0137
2012-05-21,21.04,21.04,21.04,21.04,000,5.0137
2012-05-18,21.04,21.04,21.04,21.04,000,5.0137
2012-05-17,21.04,21.04,21.04,21.04,000,5.0137
2012-05-16,21.04,21.04,21.04,21.04,000,5.0137
2012-05-15,21.04,21.04,21.04,21.04,000,5.0137
2012-05-14,21.04,21.04,21.04,21.04,000,5.0137
2012-05-11,21.04,21.04,21.04,21.04,000,5.0137
2012-05-10,21.04,21.04,21.04,21.04,000,5.0137
2012-05-09,20.93,21.88,20.46,21.04,3379900,5.0137
2012-05-08,20.80,21.50,20.35,20.93,3336200,4.9874
2012-05-07,19.20,20.78,19.01,20.72,4079300,4.9374
2012-05-04,18.77,19.56,18.70,19.24,2482600,4.5847
2012-05-03,19.14,19.14,18.52,18.74,1274500,4.4656
2012-05-02,18.79,19.30,18.78,19.04,2005200,4.5371
2012-05-01,18.68,18.68,18.68,18.68,000,4.4513
2012-04-30,18.68,18.68,18.68,18.68,000,4.4513
2012-04-27,18.95,18.95,18.43,18.68,1643000,4.4513
2012-04-26,19.40,19.74,18.12,18.92,2808900,4.5085
2012-04-25,19.32,19.66,19.13,19.60,3055900,4.6705
2012-04-24,18.29,19.70,17.66,19.51,6965900,4.6491
2012-04-23,19.80,20.39,18.83,18.93,8629600,4.5109
2012-04-20,19.22,19.90,19.05,19.90,4173500,4.742
2012-04-19,19.13,19.95,19.01,19.36,4850100,4.6133
2012-04-18,18.41,19.28,18.41,19.13,5444400,4.5585
2012-04-17,18.65,19.20,18.50,18.65,4807600,4.4441
2012-04-16,18.60,18.78,18.25,18.65,5457300,4.4441
2012-04-13,17.95,19.30,17.88,18.65,8014700,4.4441
2012-04-12,18.00,18.24,17.71,18.08,6502500,4.3083
2012-04-11,17.92,18.49,17.72,18.30,7698400,4.3607
2012-04-10,17.41,18.28,17.38,18.15,15274900,4.325
2012-04-09,15.87,17.41,15.87,17.41,20474500,4.1487
2012-04-06,15.58,15.83,15.41,15.83,4249500,3.7722
2012-04-05,14.93,15.58,14.91,15.55,5371300,3.7054
2012-04-04,14.93,14.93,14.93,14.93,000,3.5577
2012-04-03,14.93,14.93,14.93,14.93,000,3.5577
2012-04-02,14.93,14.93,14.93,14.93,000,3.5577
2012-03-30,14.27,14.93,14.27,14.93,6084000,3.5577
2012-03-29,14.52,14.82,14.16,14.53,4917000,3.4624
2012-03-28,14.85,15.02,14.50,14.52,5599100,3.46
2012-03-27,14.90,15.09,14.80,14.94,3957200,3.5601
2012-03-26,15.10,15.28,14.70,14.83,3472500,3.5339
2012-03-23,15.53,15.82,15.08,15.23,5275000,3.6292
2012-03-22,15.56,15.87,15.45,15.60,2203500,3.7173
2012-03-21,15.65,15.84,15.28,15.56,6145500,3.7078
2012-03-20,16.12,16.26,15.59,15.60,8003200,3.7173
2012-03-19,15.79,16.54,15.69,16.28,11235600,3.8794
2012-03-16,15.36,15.90,15.25,15.88,5504200,3.7841
2012-03-15,15.64,15.84,15.06,15.36,6875200,3.6602
2012-03-14,16.60,16.95,15.40,15.64,12977600,3.7269
2012-03-13,16.33,16.52,16.15,16.46,5715000,3.9223
2012-03-12,16.30,16.42,16.03,16.41,6460100,3.9104
2012-03-09,15.67,16.37,15.66,16.27,9961800,3.877
2012-03-08,15.56,15.80,15.51,15.57,4748100,3.7102
2012-03-07,15.22,15.95,15.18,15.41,5904000,3.6721
2012-03-06,16.00,16.00,15.30,15.54,7504800,3.703
2012-03-05,15.96,16.21,15.71,16.10,8038300,3.8365
2012-03-02,15.49,15.95,15.46,15.93,7560700,3.796
2012-03-01,15.26,15.74,15.20,15.49,6175000,3.6911
2012-02-29,15.76,16.12,15.36,15.40,9676600,3.6697
2012-02-28,15.22,16.17,15.18,15.92,14208300,3.7936
2012-02-27,15.29,15.80,15.29,15.30,12151500,3.6459
2012-02-24,15.05,15.33,15.00,15.31,9387500,3.6482
2012-02-23,14.80,15.87,14.80,15.15,19143900,3.6101
2012-02-22,14.45,14.45,14.45,14.45,000,3.4433
2012-02-21,14.10,14.48,14.00,14.45,7540000,3.4433
2012-02-20,14.15,14.19,14.03,14.13,6044700,3.3671
2012-02-17,14.14,14.25,13.86,13.95,4425100,3.3242
2012-02-16,14.25,14.46,13.98,14.11,6260300,3.3623
2012-02-15,14.06,14.39,14.00,14.32,5033200,3.4123
2012-02-14,14.11,14.22,14.00,14.12,4847100,3.3647
2012-02-13,13.78,14.30,13.71,14.25,6827600,3.3957
2012-02-10,13.76,14.05,13.68,13.90,6934300,3.3123
2012-02-09,13.57,13.92,13.53,13.73,6822200,3.2717
2012-02-08,13.25,13.67,13.16,13.64,5317900,3.2503
2012-02-07,13.61,13.61,13.18,13.25,5571700,3.1574
2012-02-06,13.78,13.89,13.55,13.65,6796400,3.2527
2012-02-03,13.50,13.79,13.43,13.72,8554500,3.2694
2012-02-02,13.43,13.59,13.29,13.56,6915200,3.2312
2012-02-01,13.19,13.52,13.14,13.32,7756000,3.174
2012-01-31,13.16,13.24,12.96,13.17,4418400,3.1383
2012-01-30,13.18,13.54,13.01,13.16,6928100,3.1359
2012-01-27,13.12,13.12,13.12,13.12,000,3.1264
2012-01-26,13.12,13.12,13.12,13.12,000,3.1264
2012-01-25,13.12,13.12,13.12,13.12,000,3.1264
2012-01-24,13.12,13.12,13.12,13.12,000,3.1264
2012-01-23,13.12,13.12,13.12,13.12,000,3.1264
2012-01-20,12.78,13.35,12.78,13.12,6468700,3.1264
2012-01-19,12.50,13.07,12.50,12.89,4861300,3.0716
2012-01-18,13.30,13.48,12.40,12.51,10215000,2.981
2012-01-17,12.73,13.43,12.60,13.33,9135200,3.1764
2012-01-16,13.07,13.33,12.60,12.61,10024000,3.0049
2012-01-13,14.80,14.90,13.64,13.64,19062700,3.2503
2012-01-12,15.16,15.16,15.16,15.16,000,3.6125
2012-01-11,15.15,15.46,14.85,15.16,20271000,3.6125
2012-01-10,15.59,15.72,14.79,15.57,31019100,3.7102
2012-01-09,15.10,15.83,14.95,15.73,13959000,3.7483
2012-01-06,14.10,15.19,13.55,15.18,14537300,3.6173
2012-01-05,13.78,15.21,13.68,14.37,12937100,3.4242
2012-01-04,14.89,14.89,14.02,14.03,8349500,3.3432
2012-01-03,14.20,15.10,14.18,14.79,15262800,3.5243
2012-01-02,14.20,15.10,14.18,14.79,15262800,3.5243
2011-12-30,14.20,15.10,14.18,14.79,15262800,3.5243
2011-12-29,13.61,14.52,13.58,14.38,14089400,3.4266
2011-12-28,13.41,14.00,13.21,13.80,10527600,3.2884
2011-12-27,14.38,14.57,13.55,13.55,12394200,3.2288
2011-12-26,14.99,15.27,14.50,14.50,11109900,3.4552
2011-12-23,15.01,15.44,14.88,15.03,12903800,3.5815
2011-12-22,15.34,15.58,14.80,15.01,18919900,3.5768
2011-12-21,17.20,17.29,15.88,15.88,24545000,3.7841
2011-12-20,17.22,17.88,17.10,17.10,30223800,4.0748
2011-12-19,17.00,17.66,16.70,17.50,31956700,4.1701
2011-12-16,17.00,17.99,17.00,17.90,56734200,4.2654
