600000 浦发银行 日线 前复权
      日期	    开盘	    最高	    最低	    收盘	    成交量	    成交额
2011-10-10,5.22,5.25,5.12,5.13,32428434,274365568.00
2011-10-11,5.45,5.45,5.18,5.26,59130344,511050464.00
2011-10-12,5.23,5.58,5.19,5.52,89412222,787072832.00
2011-10-13,5.49,5.60,5.43,5.53,51298778,453963296.00
2011-10-14,5.51,5.54,5.41,5.50,40504198,356399904.00
2011-10-17,5.51,5.70,5.49,5.58,46009758,410848352.00
2011-10-18,5.52,5.56,5.43,5.45,41115344,362177728.00
2011-10-19,5.45,5.58,5.43,5.51,36188377,319545728.00
2011-10-20,5.44,5.53,5.33,5.41,50658455,443175232.00
2011-10-21,5.43,5.63,5.38,5.55,59306969,526976704.00
2011-10-24,5.57,5.84,5.53,5.80,94932084,864185472.00
2011-10-25,5.82,5.88,5.73,5.80,66314936,608223040.00
2011-10-26,5.77,5.93,5.70,5.82,68454846,631301568.00
2011-10-27,5.89,5.97,5.84,5.89,45585827,422360448.00
2011-10-28,6.02,6.15,5.89,6.00,82502754,775731712.00
2011-10-31,5.97,5.97,5.80,5.84,50778832,468747744.00
2011-11-01,5.79,5.96,5.75,5.82,57198902,527513056.00
2011-11-02,5.73,5.99,5.69,5.98,59397848,546059776.00
2011-11-03,6.00,6.01,5.85,5.87,84349601,785658944.00
2011-11-04,5.97,5.98,5.86,5.93,42565042,395922336.00
2011-11-07,5.88,5.91,5.80,5.82,32870037,302777632.00
2011-11-08,5.87,5.93,5.78,5.84,31693301,291603584.00
2011-11-09,5.87,5.92,5.82,5.90,27951632,257975136.00
2011-11-10,5.83,5.88,5.69,5.70,46636157,426657152.00
2011-11-11,5.71,5.81,5.70,5.73,25261827,230005504.00
2011-11-14,5.82,5.90,5.77,5.84,42296963,389371104.00
2011-11-15,5.83,5.85,5.77,5.82,30013432,275179264.00
2011-11-16,5.82,5.82,5.53,5.58,64028631,576115136.00
2011-11-17,5.60,5.63,5.51,5.53,32007465,284590464.00
2011-11-18,5.47,5.55,5.43,5.47,36819930,324198784.00
2011-11-21,5.51,5.52,5.35,5.42,32355327,281903840.00
2011-11-22,5.38,5.48,5.36,5.43,30669913,268099632.00
2011-11-23,5.43,5.44,5.31,5.37,26370231,228822400.00
2011-11-24,5.31,5.43,5.29,5.38,24460075,212634672.00
2011-11-25,5.38,5.40,5.29,5.31,21366538,184856608.00
2011-11-28,5.32,5.36,5.26,5.29,23967739,206431568.00
2011-11-29,5.34,5.42,5.31,5.41,25960610,225388352.00
2011-11-30,5.37,5.41,5.17,5.20,44971839,384658400.00
2011-12-01,5.42,5.61,5.41,5.48,89049077,787219136.00
2011-12-02,5.45,5.52,5.39,5.47,38638133,339557376.00
2011-12-05,5.51,5.57,5.32,5.47,40188321,354439392.00
2011-12-06,5.43,5.51,5.38,5.41,26440305,232129312.00
2011-12-07,5.42,5.50,5.38,5.45,23350899,204935328.00
2011-12-08,5.45,5.50,5.36,5.45,21909676,191759968.00
2011-12-09,5.41,5.45,5.33,5.38,29514000,257109792.00
2011-12-12,5.36,5.42,5.33,5.34,23035328,200109776.00
2011-12-13,5.33,5.40,5.25,5.27,47600711,412160768.00
2011-12-14,5.26,5.33,5.23,5.29,27334982,235202160.00
2011-12-15,5.25,5.31,5.18,5.19,41518789,354799712.00
2011-12-16,5.21,5.33,5.19,5.31,37730295,322463296.00
2011-12-19,5.26,5.33,5.08,5.30,45264959,384672672.00
2011-12-20,5.27,5.43,5.25,5.28,38376971,331731072.00
2011-12-21,5.34,5.40,5.20,5.23,41637650,359681312.00
2011-12-22,5.19,5.28,5.15,5.23,42682705,363453856.00
2011-12-23,5.23,5.30,5.19,5.23,23263186,198890336.00
2011-12-26,5.22,5.25,5.13,5.17,31788769,269877056.00
2011-12-27,5.17,5.23,5.11,5.14,31075676,262876944.00
2011-12-28,5.13,5.16,4.97,5.09,42011046,351109632.00
2011-12-29,5.06,5.09,5.01,5.06,40055045,333839360.00
2011-12-30,5.10,5.21,5.09,5.19,52982530,448339744.00
2012-01-04,5.23,5.25,5.10,5.12,34201379,290229536.00
2012-01-05,5.17,5.49,5.17,5.33,132116203,1144753024.00
2012-01-06,5.32,5.45,5.31,5.39,61778687,537043776.00
2012-01-09,5.40,5.64,5.36,5.61,80136249,711429632.00
2012-01-10,5.61,5.74,5.54,5.72,72004632,647206656.00
2012-01-11,5.70,5.74,5.63,5.65,49261157,444366560.00
2012-01-12,5.65,5.84,5.64,5.73,60486981,551261440.00
2012-01-13,5.75,5.82,5.63,5.69,56725332,514638080.00
2012-01-16,5.65,5.76,5.62,5.63,33100160,299225056.00
2012-01-17,5.65,5.89,5.46,5.83,97357263,876457408.00
2012-01-18,5.80,5.86,5.65,5.69,58089289,529288096.00
2012-01-19,5.70,5.85,5.67,5.83,68645571,628781824.00
2012-01-20,5.88,6.04,5.81,6.03,95052703,883450368.00
2012-01-30,6.02,6.03,5.83,5.85,71883155,668276672.00
2012-01-31,5.87,5.91,5.80,5.85,35464104,326763264.00
2012-02-01,5.83,5.89,5.70,5.73,39647888,362716576.00
2012-02-02,5.76,6.03,5.73,6.02,87973331,816297536.00
2012-02-03,5.97,6.11,5.94,6.05,97135312,914988416.00
2012-02-06,6.07,6.12,5.92,6.01,63691281,599080960.00
2012-02-07,5.94,5.98,5.82,5.87,51391402,475945760.00
2012-02-08,5.86,6.09,5.86,6.06,64270717,602796544.00
2012-02-09,6.06,6.09,5.98,6.02,50273854,473358240.00
2012-02-10,5.98,6.09,5.94,5.99,51836488,487049472.00
2012-02-13,5.88,5.99,5.82,5.90,49204966,456411680.00
2012-02-14,5.87,5.91,5.77,5.83,53024869,487049248.00
2012-02-15,5.80,5.92,5.78,5.86,55064760,507511360.00
2012-02-16,5.88,5.91,5.78,5.83,47501799,437494048.00
2012-02-17,5.88,5.93,5.83,5.89,41743292,386595872.00
2012-02-20,6.03,6.03,5.88,5.89,57740009,539245888.00
2012-02-21,5.90,5.93,5.83,5.91,42757386,395923936.00
2012-02-22,5.91,5.98,5.83,5.94,81447790,755732416.00
2012-02-23,5.94,6.02,5.91,5.95,87754888,818404864.00
2012-02-24,5.97,6.13,5.93,6.12,128341832,1207795584.00
2012-02-27,6.17,6.22,6.06,6.09,126664015,1206459776.00
2012-02-28,6.09,6.29,6.07,6.25,136121116,1308533888.00
2012-02-29,6.26,6.26,6.12,6.14,77757837,745267136.00
2012-03-01,6.11,6.19,6.10,6.15,46237868,441399328.00
2012-03-02,6.15,6.29,6.14,6.28,74013187,711842944.00
2012-03-05,6.33,6.33,6.18,6.18,66098035,638459392.00
2012-03-06,6.13,6.21,6.03,6.05,68450355,650629568.00
2012-03-07,6.01,6.05,5.95,5.96,51077237,479615296.00
2012-03-08,6.01,6.11,5.99,6.07,54828552,517039328.00
2012-03-09,6.08,6.12,6.03,6.08,47510501,449318752.00
2012-03-12,6.05,6.06,5.95,6.00,52784386,494779968.00
2012-03-13,6.01,6.13,5.97,6.08,61430150,582028864.00
2012-03-14,6.13,6.21,5.94,5.98,99280321,940852480.00
2012-03-15,5.98,6.06,5.80,5.83,70673894,661561280.00
2012-03-16,5.88,5.96,5.83,5.88,72584563,672304000.00
2012-03-19,5.89,5.94,5.87,5.91,50228036,466395776.00
2012-03-20,5.88,5.89,5.76,5.76,62725576,575220544.00
2012-03-21,5.82,5.83,5.67,5.73,51867060,471579968.00
2012-03-22,5.73,5.84,5.68,5.76,38651197,352251200.00
2012-03-23,5.74,5.76,5.67,5.71,35268448,319927040.00
2012-03-26,5.70,5.81,5.70,5.77,33692849,306941856.00
2012-03-27,5.79,5.81,5.73,5.76,27294640,249025232.00
2012-03-28,5.76,5.78,5.59,5.63,43565307,394701408.00
2012-03-29,5.60,5.65,5.52,5.53,48391415,432068896.00
2012-03-30,5.58,5.63,5.54,5.59,50587012,451335936.00
2012-04-05,5.56,5.61,5.48,5.59,76352001,677374528.00
2012-04-06,5.59,5.62,5.51,5.60,56682481,504458944.00
2012-04-09,5.55,5.60,5.50,5.51,34889828,309720480.00
2012-04-10,5.53,5.59,5.45,5.58,45147000,399088192.00
2012-04-11,5.53,5.61,5.52,5.55,39397074,350489728.00
2012-04-12,5.55,5.78,5.53,5.76,64571634,581979200.00
2012-04-13,5.75,5.79,5.67,5.78,61175666,556243008.00
2012-04-16,5.73,5.76,5.69,5.71,38614798,350463008.00
2012-04-17,5.71,5.73,5.59,5.59,49466011,444391616.00
2012-04-18,5.59,5.78,5.58,5.76,67117990,607091648.00
2012-04-19,5.74,5.80,5.71,5.76,48488000,441712576.00
2012-04-20,5.74,5.94,5.73,5.93,77240835,714085568.00
2012-04-23,5.90,5.95,5.84,5.87,41839068,387763904.00
2012-04-24,5.86,6.15,5.85,6.00,113165453,1065629952.00
2012-04-25,5.96,6.05,5.95,5.97,66489024,623235392.00
2012-04-26,6.03,6.07,5.93,5.99,53826936,503917248.00
2012-04-27,6.01,6.06,5.97,6.03,47114993,443152192.00
2012-05-02,6.09,6.19,6.03,6.16,107696972,1023491904.00
2012-05-03,6.12,6.15,6.03,6.07,60560075,574341312.00
2012-05-04,6.08,6.11,6.01,6.10,71659892,677231232.00
2012-05-07,6.04,6.09,5.96,6.03,82225733,773477056.00
2012-05-08,6.03,6.03,5.91,5.98,86721348,810233984.00
2012-05-09,5.93,5.93,5.82,5.83,65066893,600930048.00
2012-05-10,5.84,5.87,5.75,5.80,67576254,619397952.00
2012-05-11,5.80,5.86,5.76,5.80,35532729,325856896.00
2012-05-14,5.84,5.86,5.71,5.73,70896633,648414464.00
2012-05-15,5.65,5.70,5.63,5.69,60429994,544604544.00
2012-05-16,5.68,5.68,5.55,5.57,75535741,676147520.00
2012-05-17,5.59,5.67,5.56,5.63,43092663,386025728.00
2012-05-18,5.58,5.58,5.49,5.53,61950167,549225600.00
2012-05-21,5.53,5.57,5.50,5.53,46679612,413635872.00
2012-05-22,5.56,5.63,5.54,5.62,67549651,602839680.00
2012-05-23,5.61,5.62,5.52,5.55,61979794,552097472.00
2012-05-24,5.54,5.60,5.48,5.52,49757216,441704160.00
2012-05-25,5.52,5.53,5.44,5.46,45887776,404197696.00
2012-05-28,5.47,5.54,5.44,5.53,52347656,461949312.00
2012-05-29,5.53,5.63,5.49,5.61,93478648,831085312.00
2012-05-30,5.58,5.59,5.46,5.49,88036486,779244032.00
2012-05-31,5.46,5.47,5.43,5.44,67011196,587833152.00
2012-06-01,5.45,5.51,5.43,5.45,42401677,372673952.00
2012-06-04,5.39,5.39,5.27,5.28,69367973,599453504.00
2012-06-05,5.31,5.33,5.24,5.25,69666907,598110592.00
2012-06-06,5.28,5.36,5.24,5.31,49918846,429065888.00
2012-06-07,5.36,5.38,5.23,5.25,48026408,413324672.00
2012-06-08,5.21,5.23,5.03,5.05,140389731,1176530432.00
2012-06-11,5.07,5.09,5.03,5.05,71644862,597652544.00
2012-06-12,5.03,5.06,4.92,5.01,82431224,680814848.00
2012-06-14,5.02,5.05,4.97,4.99,80017463,664166656.00
2012-06-15,5.03,5.23,5.01,5.17,134216053,1129580288.00
2012-06-18,5.17,5.18,5.13,5.16,50212960,424346816.00
2012-06-19,5.17,5.23,5.13,5.19,47008304,398791968.00
2012-06-20,5.23,5.30,5.18,5.20,50000107,427039904.00
2012-06-21,5.21,5.21,5.11,5.14,39423884,332932096.00
2012-06-25,5.13,5.18,5.05,5.06,52706596,443526592.00
2012-06-26,5.08,5.13,5.04,5.07,39982538,323089664.00
2012-06-27,5.07,5.10,5.04,5.06,26966055,217422016.00
2012-06-28,5.06,5.08,5.03,5.03,28876449,232014032.00
2012-06-29,5.05,5.16,5.03,5.13,50974236,412653792.00
2012-07-02,5.15,5.15,5.06,5.10,43691987,353033248.00
2012-07-03,5.10,5.15,5.08,5.10,40080965,324895968.00
2012-07-04,5.11,5.18,5.09,5.13,39552477,321375936.00
2012-07-05,5.12,5.13,5.06,5.08,33635896,271555072.00
2012-07-06,4.94,4.99,4.91,4.99,115797069,917011456.00
2012-07-09,4.95,4.96,4.70,4.72,106535413,829804096.00
2012-07-10,4.72,4.80,4.71,4.74,45089773,347540672.00
2012-07-11,4.73,4.78,4.72,4.75,32425638,249889712.00
2012-07-12,4.75,4.76,4.63,4.72,100909326,770420608.00
2012-07-13,4.71,4.83,4.69,4.77,45202381,349346432.00
2012-07-16,4.79,4.79,4.67,4.68,46584899,358037216.00
2012-07-17,4.70,4.77,4.67,4.73,30224255,232272368.00
2012-07-18,4.73,4.73,4.65,4.72,47630983,363638272.00
2012-07-19,4.70,4.77,4.66,4.73,77344589,594527744.00
2012-07-20,4.72,4.73,4.65,4.66,55545514,423521024.00
2012-07-23,4.63,4.63,4.49,4.52,64501900,480841536.00
2012-07-24,4.50,4.56,4.48,4.53,48389405,360293120.00
2012-07-25,4.50,4.56,4.46,4.48,47580447,353247488.00
2012-07-26,4.47,4.52,4.44,4.47,30350495,224778992.00
2012-07-27,4.49,4.62,4.47,4.55,58500797,438293376.00
2012-07-30,4.58,4.70,4.55,4.62,62142486,470732256.00
2012-07-31,4.63,4.73,4.62,4.71,70118950,535947136.00
2012-08-01,4.72,4.75,4.64,4.70,62270863,476495456.00
2012-08-02,4.73,4.81,4.70,4.79,75444190,581966464.00
2012-08-03,4.78,4.79,4.73,4.78,44045380,339338688.00
2012-08-06,4.77,4.78,4.73,4.76,46411105,358235328.00
2012-08-07,4.76,4.77,4.70,4.73,34912528,268267936.00
2012-08-08,4.74,4.81,4.73,4.77,53821168,416624096.00
2012-08-09,4.79,4.80,4.73,4.79,32490296,251340992.00
2012-08-10,4.83,4.88,4.82,4.83,46782980,365500896.00
2012-08-13,4.83,4.86,4.78,4.79,47282079,368478432.00
2012-08-14,4.80,4.83,4.77,4.83,39743689,308683296.00
2012-08-15,4.83,4.83,4.61,4.63,89555247,683068992.00
2012-08-16,4.64,4.64,4.56,4.59,40630297,306256960.00
2012-08-17,4.58,4.63,4.57,4.61,33322665,251555248.00
2012-08-20,4.58,4.62,4.53,4.58,27038216,202877232.00
2012-08-21,4.57,4.62,4.55,4.57,36268940,272732512.00
2012-08-22,4.58,4.59,4.53,4.58,35326454,264640480.00
2012-08-23,4.57,4.61,4.53,4.58,36366406,273444032.00
2012-08-24,4.58,4.59,4.52,4.55,36963616,277056704.00
2012-08-27,4.52,4.55,4.46,4.47,40334510,300069728.00
2012-08-28,4.50,4.67,4.47,4.65,54763743,411991616.00
2012-08-29,4.62,4.63,4.58,4.61,38419444,289895904.00
2012-08-30,4.56,4.67,4.56,4.66,44804211,339823936.00
2012-08-31,4.63,4.73,4.63,4.66,37255105,284745600.00
2012-09-03,4.68,4.68,4.59,4.63,55393324,419440928.00
2012-09-04,4.62,4.64,4.50,4.53,44361378,332534240.00
2012-09-05,4.51,4.52,4.36,4.40,73135906,536590336.00
2012-09-06,4.42,4.46,4.38,4.45,38370245,281996032.00
2012-09-07,4.49,4.82,4.47,4.65,145971941,1108956800.00
2012-09-10,4.64,4.66,4.59,4.62,63799021,482615584.00
2012-09-11,4.60,4.60,4.50,4.55,50981388,381041952.00
2012-09-12,4.59,4.62,4.49,4.54,41199392,308089952.00
2012-09-13,4.53,4.56,4.51,4.52,28598526,213621168.00
2012-09-14,4.56,4.62,4.51,4.58,60553998,454887776.00
2012-09-17,4.58,4.58,4.47,4.48,39495794,294478240.00
2012-09-18,4.46,4.47,4.42,4.43,29556474,217783072.00
2012-09-19,4.43,4.45,4.41,4.42,35316266,259404096.00
2012-09-20,4.40,4.42,4.31,4.32,48072062,349808064.00
2012-09-21,4.31,4.34,4.27,4.30,37540673,271098080.00
2012-09-24,4.27,4.30,4.21,4.26,44280628,316830848.00
2012-09-25,4.25,4.27,4.23,4.25,23528437,168346304.00
2012-09-26,4.24,4.27,4.20,4.21,28344266,202126624.00
2012-09-27,4.21,4.43,4.20,4.40,74565209,540842752.00
2012-09-28,4.36,4.46,4.33,4.45,62930106,460162688.00
2012-10-08,4.45,4.49,4.36,4.40,32324563,237702592.00
2012-10-09,4.43,4.54,4.42,4.52,48620078,361695648.00
2012-10-10,4.50,4.53,4.47,4.51,27147361,201761968.00
2012-10-11,4.48,4.50,4.44,4.48,29564294,218797760.00
2012-10-12,4.50,4.56,4.48,4.52,37953795,283061216.00
2012-10-15,4.53,4.53,4.44,4.48,22249339,164793072.00
2012-10-16,4.48,4.58,4.46,4.53,43952520,328313920.00
2012-10-17,4.54,4.63,4.51,4.61,52658490,395714432.00
2012-10-18,4.61,4.70,4.60,4.67,51397333,390882240.00
2012-10-19,4.67,4.68,4.61,4.63,40185550,305185408.00
2012-10-22,4.60,4.73,4.59,4.70,36799861,280112256.00
2012-10-23,4.71,4.73,4.61,4.63,32189190,245356336.00
2012-10-24,4.61,4.68,4.60,4.64,28328508,215116944.00
2012-10-25,4.63,4.67,4.56,4.59,29807495,225449552.00
2012-10-26,4.60,4.63,4.49,4.53,49611207,370899616.00
2012-10-29,4.51,4.55,4.49,4.53,28176827,210091712.00
2012-10-30,4.53,4.59,4.47,4.54,37082866,276344864.00
2012-10-31,4.55,4.59,4.50,4.57,36411101,273109824.00
2012-11-01,4.58,4.74,4.57,4.69,57205114,436219680.00
2012-11-02,4.70,4.74,4.66,4.73,47587494,364830176.00
2012-11-05,4.74,4.82,4.71,4.77,56974001,439602336.00
2012-11-06,4.78,4.78,4.64,4.73,42177128,323024800.00
2012-11-07,4.72,4.77,4.69,4.73,26193792,201366784.00
2012-11-08,4.68,4.71,4.59,4.60,38667163,293900672.00
2012-11-09,4.59,4.64,4.56,4.59,26921255,202868992.00
2012-11-12,4.60,4.69,4.59,4.68,43645487,331521952.00
2012-11-13,4.67,4.67,4.54,4.55,37691617,283805504.00
2012-11-14,4.55,4.59,4.53,4.56,21823216,163644368.00
2012-11-15,4.55,4.56,4.48,4.49,29220009,217739712.00
2012-11-16,4.48,4.48,4.42,4.43,33266319,245149920.00
2012-11-19,4.43,4.47,4.41,4.44,24785310,182453728.00
2012-11-20,4.47,4.48,4.41,4.43,20252986,149215104.00
2012-11-21,4.43,4.54,4.42,4.53,28957627,214374144.00
2012-11-22,4.52,4.54,4.47,4.51,22784842,169442912.00
2012-11-23,4.53,4.62,4.50,4.57,35819826,268999520.00
2012-11-26,4.56,4.60,4.50,4.53,28167480,210337440.00
2012-11-27,4.51,4.58,4.49,4.53,40827533,304729088.00
2012-11-28,4.51,4.56,4.49,4.51,41978767,312815520.00
2012-11-29,4.53,4.53,4.47,4.48,39279397,291914528.00
2012-11-30,4.48,4.54,4.44,4.53,38822287,288486304.00
2012-12-03,4.53,4.53,4.42,4.43,53769233,396827584.00
2012-12-04,4.41,4.53,4.41,4.50,34974819,258840208.00
2012-12-05,4.50,4.94,4.48,4.91,227002022,1764021504.00
2012-12-06,4.90,4.99,4.86,4.92,115134979,910874048.00
2012-12-07,4.95,5.27,4.94,5.25,229249195,1863056896.00
2012-12-10,5.33,5.40,5.25,5.32,215254803,1796312704.00
2012-12-11,5.31,5.35,5.24,5.27,114930761,955761536.00
2012-12-12,5.28,5.46,5.28,5.38,174126970,1463953024.00
2012-12-13,5.33,5.43,5.27,5.28,124094525,1038553792.00
2012-12-14,5.31,5.92,5.31,5.83,344394455,3002867456.00
2012-12-17,5.93,6.03,5.87,5.99,254783070,2298528768.00
2012-12-18,5.93,6.19,5.90,6.05,234880214,2144833792.00
2012-12-19,6.03,6.07,5.91,5.97,176670647,1601205248.00
2012-12-20,5.92,5.99,5.82,5.98,149750877,1346132224.00
2012-12-21,5.98,6.03,5.82,5.90,130820092,1174200064.00
2012-12-24,5.87,6.16,5.87,6.01,134642726,1224943488.00
2012-12-25,5.99,6.43,5.96,6.33,234226689,2200438272.00
2012-12-26,6.34,6.37,6.26,6.34,96013021,904988224.00
2012-12-27,6.34,6.51,6.22,6.28,127847946,1211244288.00
2012-12-28,6.26,6.51,6.26,6.46,119599842,1140200576.00
2012-12-31,6.51,6.80,6.50,6.76,198451648,1956467584.00
2013-01-04,6.93,7.07,6.77,6.85,261436810,2633796608.00
2013-01-07,6.88,7.14,6.84,7.13,248200915,2534161920.00
2013-01-08,7.14,7.15,6.89,6.94,154851189,1573240192.00
2013-01-09,6.92,7.00,6.82,6.96,175906181,1774560384.00
2013-01-10,6.93,7.03,6.83,6.87,121226794,1224888960.00
2013-01-11,6.90,6.94,6.63,6.67,171547464,1709899008.00
2013-01-14,6.61,7.16,6.61,7.15,228634872,2326609920.00
2013-01-15,7.15,7.21,7.03,7.13,134039003,1383536256.00
2013-01-16,7.09,7.13,6.82,6.94,156691872,1588121344.00
2013-01-17,6.88,6.99,6.73,6.86,116672023,1163327232.00
2013-01-18,6.91,7.06,6.81,6.98,129872645,1315677056.00
2013-01-21,7.02,7.23,6.88,7.20,178154882,1826584576.00
2013-01-22,7.18,7.53,7.06,7.27,242222065,2546398208.00
2013-01-23,7.23,7.40,7.17,7.38,155968498,1637582720.00
2013-01-24,7.38,7.78,7.32,7.39,320210498,3446063872.00
2013-01-25,7.38,7.45,7.32,7.43,89716806,951423104.00
2013-01-28,7.43,7.93,7.43,7.91,263089195,2903989248.00
2013-01-29,7.93,8.17,7.84,8.02,191067344,2155684352.00
2013-01-30,8.01,8.07,7.83,7.96,172171454,1933405056.00
2013-01-31,7.96,8.20,7.85,8.18,181147190,2051351296.00
2013-02-01,8.12,8.63,8.03,8.61,223157195,2595572224.00
2013-02-04,8.63,8.90,8.50,8.72,271540507,3269293056.00
2013-02-05,8.57,8.65,8.33,8.53,176944688,2098278656.00
2013-02-06,8.52,8.70,8.40,8.65,133748186,1595335936.00
2013-02-07,8.65,8.67,7.90,8.13,315193605,3634915072.00
2013-02-08,8.11,8.15,7.80,8.05,195904902,2214211072.00
2013-02-18,8.13,8.20,7.92,7.98,119051849,1348960768.00
2013-02-19,7.95,8.03,7.81,7.83,114565262,1279590656.00
2013-02-20,7.83,7.85,7.36,7.57,264523040,2849978368.00
2013-02-21,7.43,7.45,6.83,7.03,290791316,2996527616.00
2013-02-22,7.01,7.14,6.91,6.96,143226433,1463429376.00
2013-02-25,7.03,7.20,7.02,7.13,116274545,1198145536.00
2013-02-26,7.02,7.53,6.97,7.13,238592674,2515148288.00
2013-02-27,7.16,7.47,7.12,7.19,158815735,1662077312.00
2013-02-28,7.33,7.81,7.19,7.80,224658466,2416913152.00
2013-03-01,7.81,8.03,7.56,7.90,223208905,2475460608.00
2013-03-04,7.62,7.65,7.08,7.19,261002023,2758781184.00
2013-03-05,7.16,7.94,7.16,7.81,233607734,2525017088.00
2013-03-06,7.89,8.03,7.71,7.84,205631621,2289024768.00
2013-03-07,7.76,7.83,7.30,7.53,191555154,2072717440.00
2013-03-08,7.57,7.63,7.38,7.48,103046487,1106726784.00
2013-03-11,7.44,7.44,7.21,7.26,94081221,990803392.00
2013-03-12,7.25,7.43,7.00,7.10,132298619,1371021568.00
2013-03-13,7.10,7.22,6.93,7.06,105764431,1083876608.00
2013-03-14,7.20,7.34,7.08,7.24,163419368,1707645824.00
2013-03-15,7.26,7.68,7.18,7.30,214299272,2283442432.00
2013-03-18,7.23,7.42,7.19,7.27,142604467,1499673088.00
2013-03-19,7.26,7.43,7.23,7.43,114470221,1207222528.00
2013-03-20,7.45,7.93,7.43,7.92,253698290,2793678336.00
2013-03-21,7.93,8.00,7.69,7.83,193267919,2143848576.00
2013-03-22,7.75,7.84,7.70,7.80,122824527,1356165888.00
2013-03-25,7.86,7.96,7.74,7.78,89020579,986945856.00
2013-03-26,7.73,7.73,7.43,7.47,126327261,1358261888.00
2013-03-27,7.48,7.70,7.41,7.53,113814685,1225592704.00
2013-03-28,7.02,7.06,6.54,6.85,298069476,2992135424.00
2013-03-29,6.86,7.03,6.75,6.95,131028762,1315731584.00
2013-04-01,6.89,7.02,6.86,6.88,76052116,767292288.00
2013-04-02,6.90,6.99,6.78,6.86,83681538,840890496.00
2013-04-03,6.88,6.97,6.79,6.89,88765772,892637760.00
2013-04-08,6.72,6.83,6.56,6.76,89499064,883268160.00
2013-04-09,6.80,6.94,6.80,6.87,65806596,660726016.00
2013-04-10,6.86,6.87,6.76,6.83,54586848,544630528.00
2013-04-11,6.91,6.94,6.83,6.85,43303750,435013696.00
2013-04-12,6.86,6.89,6.74,6.78,41832297,417375296.00
2013-04-15,6.78,6.83,6.64,6.68,75763623,747795136.00
2013-04-16,6.61,6.68,6.47,6.60,126274720,1224441856.00
2013-04-17,6.60,6.60,6.40,6.46,86278542,829038272.00
2013-04-18,6.34,6.53,6.31,6.50,103421937,985199552.00
2013-04-19,6.52,7.01,6.49,6.96,178675031,1778831232.00
2013-04-22,6.93,7.03,6.93,7.03,123343744,1254891776.00
2013-04-23,7.09,7.10,6.65,6.69,108826815,1083711360.00
2013-04-24,6.71,6.97,6.63,6.86,105005043,1045917568.00
2013-04-25,6.83,6.90,6.67,6.75,74320334,737540032.00
2013-04-26,6.80,6.84,6.70,6.73,52806428,524919904.00
2013-05-02,6.63,6.71,6.53,6.67,80667825,786928384.00
2013-05-03,6.72,6.99,6.68,6.84,109373480,1097528960.00
2013-05-06,6.86,7.03,6.81,6.95,87865272,888293824.00
2013-05-07,6.92,6.93,6.82,6.89,60095952,603143616.00
2013-05-08,6.94,7.02,6.84,6.88,72153519,728615168.00
2013-05-09,6.89,6.91,6.73,6.81,64667334,644949056.00
2013-05-10,6.77,6.89,6.73,6.86,63127003,630968320.00
2013-05-13,6.85,6.93,6.77,6.85,66994306,670319744.00
2013-05-14,6.86,6.88,6.77,6.81,67348057,671548096.00
2013-05-15,6.82,6.85,6.77,6.83,47275904,471747488.00
2013-05-16,6.83,6.98,6.69,6.97,111647303,1120193792.00
2013-05-17,6.97,7.09,6.88,7.05,122955149,1250713216.00
2013-05-20,7.07,7.33,7.02,7.21,156851179,1632285440.00
2013-05-21,7.18,7.22,7.05,7.14,91775245,946356992.00
2013-05-22,7.13,7.18,7.09,7.16,71207689,734819200.00
2013-05-23,7.10,7.13,6.97,6.97,82484743,845485632.00
2013-05-24,7.02,7.09,6.93,7.02,63230983,644944832.00
2013-05-27,7.03,7.13,7.00,7.10,69546991,714504512.00
2013-05-28,7.11,7.34,7.06,7.33,111377099,1160468736.00
2013-05-29,7.36,7.40,7.30,7.31,91459014,966132032.00
2013-05-30,7.27,7.40,7.26,7.33,89454796,942531008.00
2013-05-31,7.34,7.40,7.25,7.26,101875600,1074952832.00
2013-06-03,7.31,7.34,7.16,7.19,83186090,823621312.00
2013-06-04,7.23,7.23,7.06,7.10,60164557,587136128.00
2013-06-05,7.10,7.13,6.97,7.02,56405768,545296064.00
2013-06-06,6.98,7.03,6.81,6.83,72417597,688813184.00
2013-06-07,6.89,6.94,6.72,6.74,72344081,682011584.00
2013-06-13,6.65,6.65,6.34,6.44,127820275,1152185088.00
2013-06-14,6.49,6.49,6.41,6.44,77530686,699500736.00
2013-06-17,6.47,6.52,6.39,6.43,52039165,469144448.00
2013-06-18,6.47,6.53,6.43,6.49,40358845,365844128.00
2013-06-19,6.47,6.47,6.26,6.33,53104791,473179680.00
2013-06-20,6.30,6.30,5.88,5.90,137571510,1178952704.00
2013-06-21,5.80,5.94,5.72,5.77,147442615,1229287040.00
2013-06-24,5.78,5.78,5.06,5.08,249977361,1942163840.00
2013-06-25,5.02,5.37,4.77,5.33,246601203,1856925568.00
2013-06-26,5.43,5.47,5.18,5.31,130788936,1016856704.00
2013-06-27,5.38,5.44,5.24,5.41,125823284,982597056.00
2013-06-28,5.35,5.79,5.30,5.77,157753950,1276035968.00
2013-07-01,5.72,5.76,5.58,5.67,86027064,702497408.00
2013-07-02,5.68,5.72,5.47,5.65,84019573,677872960.00
2013-07-03,5.61,5.62,5.49,5.55,69690313,560255104.00
2013-07-04,5.57,5.77,5.53,5.63,85794489,697456128.00
2013-07-05,5.62,5.72,5.59,5.62,58764344,477728576.00
2013-07-08,5.52,5.56,5.43,5.43,63977579,508688896.00
2013-07-09,5.44,5.48,5.41,5.44,40964528,324418304.00
2013-07-10,5.47,5.63,5.43,5.62,60829122,488041472.00
2013-07-11,5.67,6.35,5.67,6.30,274152438,2369027072.00
2013-07-12,6.21,6.29,5.91,5.96,162211373,1400965632.00
2013-07-15,6.02,6.16,5.89,6.03,103850924,891216128.00
2013-07-16,5.99,6.02,5.89,6.01,78430472,664317056.00
2013-07-17,5.99,6.02,5.86,5.93,79489709,673336896.00
2013-07-18,5.89,5.93,5.66,5.70,99044377,818192320.00
2013-07-19,5.72,5.73,5.53,5.54,76242268,619426688.00
2013-07-22,5.43,5.51,5.35,5.47,95552055,754153152.00
2013-07-23,5.51,5.73,5.46,5.64,115906521,942643008.00
2013-07-24,5.55,5.60,5.43,5.52,87410550,697536448.00
2013-07-25,5.53,5.62,5.48,5.53,62010839,497968416.00
2013-07-26,5.50,5.53,5.46,5.49,42800503,341110304.00
2013-07-29,5.43,5.43,5.25,5.28,84518514,655293184.00
2013-07-30,5.32,5.48,5.28,5.37,68907635,540970752.00
2013-07-31,5.43,5.53,5.35,5.39,50335414,397874848.00
2013-08-01,5.44,5.53,5.40,5.51,58959381,469433184.00
2013-08-02,5.57,5.63,5.49,5.50,57767151,463891776.00
2013-08-05,5.50,5.58,5.47,5.57,53056118,425459712.00
2013-08-06,5.54,5.59,5.50,5.54,82798496,664260288.00
2013-08-07,5.54,5.64,5.52,5.53,68679917,553785280.00
2013-08-08,5.53,5.58,5.47,5.51,54611350,436833728.00
2013-08-09,5.56,5.59,5.48,5.53,55483572,444645248.00
2013-08-12,5.55,5.81,5.53,5.80,142760853,1171789184.00
2013-08-13,5.79,5.91,5.76,5.90,118672580,991814144.00
2013-08-14,5.92,6.00,5.79,5.80,121903670,1025898624.00
2013-08-15,5.80,5.85,5.70,5.72,67134769,556547136.00
2013-08-16,5.67,6.46,5.65,5.80,264712593,2254296064.00
2013-08-19,5.73,5.97,5.73,5.93,124704778,1044624768.00
2013-08-20,5.90,6.23,5.87,5.98,153605678,1314061952.00
2013-08-21,6.00,6.04,5.85,5.93,65732224,554833024.00
2013-08-22,5.89,6.08,5.88,5.92,60326480,513025408.00
2013-08-23,6.01,6.09,5.74,5.90,117530030,995509248.00
2013-08-26,5.93,6.23,5.88,6.19,161720147,1399048064.00
2013-08-27,6.20,6.47,6.15,6.38,224672933,2001682176.00
2013-08-28,6.32,6.56,6.23,6.43,243574963,2194823936.00
2013-08-29,6.53,6.62,6.30,6.35,146496955,1320039168.00
2013-08-30,6.30,6.47,6.21,6.42,129143351,1152526336.00
2013-09-02,6.53,6.69,6.38,6.40,141236900,1281805056.00
2013-09-03,6.39,6.53,6.33,6.51,140383661,1269355904.00
2013-09-04,6.46,6.64,6.45,6.55,142450054,1305299456.00
2013-09-05,6.60,6.60,6.48,6.54,93544409,852833088.00
2013-09-06,6.56,7.22,6.53,6.94,301015112,2850092288.00
2013-09-09,7.59,7.82,7.50,7.82,580189224,6069489664.00
2013-09-10,8.24,8.69,8.03,8.61,1198024109,13328929792.00
2013-09-11,8.43,8.67,8.43,8.49,603551016,6834516480.00
2013-09-12,8.52,9.52,8.39,9.38,1041527543,12498180096.00
2013-09-13,9.23,9.40,8.91,9.07,661646551,7947104256.00
2013-09-16,9.15,9.17,8.45,8.69,699493335,8064946176.00
2013-09-17,8.62,8.68,8.03,8.09,511737943,5694768128.00
2013-09-18,8.20,8.42,8.09,8.24,400172137,4413153792.00
2013-09-23,8.29,8.43,8.06,8.41,453630138,4987201024.00
2013-09-24,8.42,8.43,7.85,8.07,476900620,5154101248.00
2013-09-25,8.01,8.41,7.96,8.04,384146137,4206311424.00
2013-09-26,8.02,8.03,7.40,7.49,448493838,4639913984.00
2013-09-27,7.43,7.63,7.38,7.55,243782409,2485876736.00
2013-09-30,7.64,7.67,7.35,7.42,256510906,2609512448.00
2013-10-08,7.36,7.63,7.23,7.54,258444174,2618477312.00
2013-10-09,7.43,7.75,7.40,7.58,244015218,2503190528.00
2013-10-10,7.61,7.65,7.27,7.32,249225016,2508886016.00
2013-10-11,7.43,7.93,7.33,7.83,441961264,4582589952.00
2013-10-14,7.74,7.79,7.56,7.60,274009307,2834786560.00
2013-10-15,7.61,7.65,7.35,7.43,212323978,2155489536.00
2013-10-16,7.42,7.42,7.17,7.25,217322904,2160308480.00
2013-10-17,7.34,7.40,7.16,7.17,145253461,1440499456.00
2013-10-18,7.17,7.39,7.15,7.23,129849775,1290361088.00
2013-10-21,7.29,7.48,7.15,7.44,211850917,2123854848.00
2013-10-22,7.43,7.43,7.21,7.27,156011435,1554175488.00
2013-10-23,7.29,7.65,7.25,7.35,260513178,2639944192.00
2013-10-24,7.30,7.48,7.17,7.32,170003394,1700451840.00
2013-10-25,7.34,7.57,7.33,7.40,256524257,2593128960.00
2013-10-28,7.41,7.53,7.26,7.47,164098118,1650688512.00
2013-10-29,7.53,7.96,7.50,7.77,494214050,5150564352.00
2013-10-30,7.77,7.90,7.62,7.87,301165849,3162162432.00
2013-10-31,7.86,7.88,7.62,7.63,211637554,2206625536.00
2013-11-01,7.63,7.82,7.54,7.72,164057262,1704932224.00
2013-11-04,7.77,7.83,7.57,7.61,138786390,1438550528.00
2013-11-05,7.53,7.56,7.37,7.52,172536527,1747250944.00
2013-11-06,7.40,7.52,7.33,7.36,151026564,1522867072.00
2013-11-07,7.41,7.51,7.31,7.38,114983822,1158380416.00
2013-11-08,7.35,7.43,7.27,7.32,110388788,1104891648.00
2013-11-11,7.33,7.35,7.24,7.31,79759246,793983232.00
2013-11-12,7.34,7.51,7.33,7.44,119655182,1209294464.00
2013-11-13,7.37,7.38,7.00,7.01,208714474,2049839104.00
2013-11-14,6.97,7.04,6.78,6.87,169111025,1601513600.00
2013-11-15,6.87,7.20,6.86,7.04,180564555,1753424256.00
2013-11-18,7.11,7.43,7.03,7.43,231275931,2289353984.00
2013-11-19,7.43,7.43,7.29,7.31,128516630,1286050560.00
2013-11-20,7.34,7.50,7.31,7.38,125986570,1265362944.00
2013-11-21,7.33,7.41,7.13,7.40,172340745,1708643968.00
2013-11-22,7.38,7.43,7.32,7.39,131116961,1317526656.00
2013-11-25,7.33,7.43,7.26,7.27,96767050,967272320.00
2013-11-26,7.24,7.36,7.23,7.24,72857686,724350720.00
2013-11-27,7.22,7.41,7.12,7.27,134357122,1332415744.00
2013-11-28,7.29,7.39,7.24,7.30,121839005,1217508480.00
2013-11-29,7.39,7.44,7.30,7.33,112491968,1128740864.00
2013-12-02,7.43,7.64,7.33,7.63,408952609,4162905344.00
2013-12-03,7.58,7.64,7.46,7.57,178953713,1832350208.00
2013-12-04,7.55,7.85,7.52,7.70,283303320,2951386624.00
2013-12-05,7.70,7.73,7.59,7.65,150565456,1557557504.00
2013-12-06,7.64,7.64,7.45,7.53,157734044,1611228672.00
2013-12-09,7.53,7.56,7.41,7.43,111336390,1127426944.00
2013-12-10,7.44,7.53,7.41,7.46,89476538,907205504.00
2013-12-11,7.43,7.45,7.25,7.27,127176728,1268123904.00
2013-12-12,7.25,7.30,7.22,7.23,89839025,889730880.00
2013-12-13,7.19,7.20,7.13,7.18,98124624,963431296.00
2013-12-16,7.20,7.31,7.08,7.10,119802106,1177159808.00
2013-12-17,7.12,7.13,7.03,7.05,78126226,758108096.00
2013-12-18,7.07,7.15,7.04,7.07,55191766,536799936.00
2013-12-19,7.11,7.13,6.97,6.98,71003510,687152704.00
2013-12-20,7.00,7.01,6.73,6.75,107593841,1018130496.00
2013-12-23,6.80,6.86,6.71,6.73,63014853,590896768.00
2013-12-24,6.76,6.80,6.65,6.73,71802936,671259968.00
2013-12-25,6.73,6.74,6.56,6.67,89003265,821820544.00
2013-12-26,6.66,6.67,6.48,6.51,82518650,753839552.00
2013-12-27,6.51,6.72,6.50,6.64,88052311,811334784.00
2013-12-30,6.70,6.72,6.60,6.61,70408751,650877056.00
2013-12-31,6.62,6.91,6.58,6.82,107237045,1006340928.00
2014-01-02,6.83,6.83,6.69,6.73,69821037,652410752.00
2014-01-03,6.68,6.70,6.50,6.55,88351969,807094464.00
2014-01-06,6.71,6.73,6.54,6.60,117267700,1079925504.00
2014-01-07,6.58,6.62,6.43,6.55,72150947,657895488.00
2014-01-08,6.55,6.72,6.53,6.61,78603481,724415936.00
2014-01-09,6.61,6.83,6.57,6.69,109976763,1025797632.00
2014-01-10,6.68,6.83,6.64,6.80,93379978,875061952.00
2014-01-13,6.83,6.85,6.73,6.78,65935363,618500160.00
2014-01-14,6.79,6.82,6.65,6.79,79710266,744481152.00
2014-01-15,6.78,6.79,6.57,6.63,77606643,717369984.00
2014-01-16,6.63,6.66,6.58,6.59,67204743,618488768.00
2014-01-17,6.58,6.58,6.49,6.53,66047496,601804096.00
2014-01-20,6.52,6.54,6.46,6.49,42094792,382309888.00
2014-01-21,6.52,6.66,6.51,6.57,47596032,436604864.00
2014-01-22,6.59,6.77,6.58,6.73,91387277,849733120.00
2014-01-23,6.71,6.73,6.62,6.63,63055407,583623040.00
2014-01-24,6.58,6.72,6.55,6.63,70757205,653717696.00
2014-01-27,6.60,6.61,6.52,6.53,69858649,637844224.00
2014-01-28,6.53,6.69,6.53,6.60,57333618,527187520.00
2014-01-29,6.64,6.71,6.61,6.69,71042825,659122816.00
2014-01-30,6.67,6.70,6.56,6.58,52508927,485399520.00
2014-02-07,6.54,6.59,6.49,6.59,51136921,466080896.00
2014-02-10,6.59,6.70,6.57,6.69,91573113,848138368.00
2014-02-11,6.71,7.04,6.63,6.92,212392409,2017636480.00
2014-02-12,6.88,7.01,6.83,6.88,106449343,1012082688.00
2014-02-13,6.86,7.19,6.80,6.97,197765140,1901282560.00
2014-02-14,6.97,7.00,6.89,6.96,80503230,770860224.00
2014-02-17,6.99,7.03,6.86,6.90,107916285,1029473536.00
2014-02-18,6.89,6.89,6.63,6.66,131972251,1231564416.00
2014-02-19,6.65,6.94,6.61,6.87,150729704,1420983552.00
2014-02-20,6.91,7.09,6.75,6.78,144607391,1379086336.00
2014-02-21,6.78,6.82,6.63,6.69,82312549,765984704.00
2014-02-24,6.61,6.62,6.40,6.43,135269196,1223507840.00
2014-02-25,6.43,6.50,6.25,6.27,112988180,1012070336.00
2014-02-26,6.25,6.33,6.22,6.29,79811062,704799680.00
2014-02-27,6.33,6.45,6.25,6.37,112556009,1005356224.00
2014-02-28,6.33,6.43,6.24,6.34,75427866,671034432.00
2014-03-03,6.34,6.35,6.25,6.29,81389991,720619840.00
2014-03-04,6.28,6.34,6.13,6.31,113473857,994582720.00
2014-03-05,6.30,6.32,6.13,6.15,66776262,585846336.00
2014-03-06,6.15,6.30,6.08,6.24,105221671,920528192.00
2014-03-07,6.24,6.34,6.16,6.18,85996638,757643584.00
2014-03-10,6.13,6.16,5.90,5.92,100335990,859115776.00
2014-03-11,5.91,6.00,5.87,5.93,71119520,600753216.00
2014-03-12,5.94,6.13,5.87,6.03,110468613,942803776.00
2014-03-13,6.21,6.54,6.13,6.28,198115864,1758751744.00
2014-03-14,6.23,6.45,6.17,6.42,179769247,1602451072.00
2014-03-18,6.63,6.63,6.31,6.33,167965350,1523657856.00
2014-03-19,6.29,6.49,6.21,6.47,93838218,832057152.00
2014-03-20,6.39,6.61,6.38,6.42,166058733,1510412544.00
2014-03-21,6.41,7.23,6.40,7.23,577730146,5543459840.00
2014-03-24,7.23,7.34,7.10,7.15,550938112,5438997504.00
2014-03-25,7.12,7.21,7.04,7.11,225324449,2201589760.00
2014-03-26,7.13,7.18,6.89,6.95,188654730,1813592704.00
2014-03-27,6.91,7.28,6.86,7.05,310183453,3020967424.00
2014-03-28,7.01,7.26,6.97,7.03,235609623,2299182848.00
2014-03-31,7.06,7.13,6.94,7.08,117957984,1139701376.00
2014-04-01,7.03,7.19,7.00,7.09,121142230,1177869440.00
2014-04-02,7.11,7.37,7.07,7.28,221487036,2188083712.00
2014-04-03,7.28,7.33,7.01,7.03,202589136,1988726400.00
2014-04-04,6.99,7.11,6.94,7.09,103710191,1003039488.00
2014-04-08,7.07,7.62,7.07,7.46,389948091,3925146624.00
2014-04-09,7.44,7.51,7.36,7.43,166971745,1686236288.00
2014-04-10,7.46,7.71,7.36,7.54,251774137,2565192704.00
2014-04-11,7.50,7.63,7.46,7.56,187981794,1923682560.00
2014-04-14,7.56,7.60,7.42,7.44,133566631,1356868480.00
2014-04-15,7.40,7.41,7.17,7.20,176166147,1746784896.00
2014-04-16,7.17,7.31,7.16,7.24,100765541,997304832.00
2014-04-17,7.27,7.31,7.10,7.12,147878398,1453030912.00
2014-04-18,7.09,7.16,7.00,7.13,115394462,1120720896.00
2014-04-21,7.10,7.30,7.04,7.07,131392321,1292829696.00
2014-04-22,7.04,7.26,7.03,7.24,141231411,1385544320.00
2014-04-23,7.20,7.33,7.18,7.23,136419564,1352733696.00
2014-04-24,7.24,7.32,7.20,7.22,82309479,815388800.00
2014-04-25,7.26,7.39,7.17,7.19,180573527,1794439424.00
2014-04-28,7.17,7.22,7.02,7.03,123425122,1198580992.00
2014-04-29,7.03,7.17,7.02,7.15,88443328,859931392.00
2014-04-30,7.32,7.35,7.12,7.13,142558919,1407065856.00
2014-05-05,7.13,7.14,6.95,7.10,103509079,1001815680.00
2014-05-06,7.06,7.15,7.03,7.06,58797626,572224192.00
2014-05-07,7.05,7.11,7.01,7.03,55972788,542274496.00
2014-05-08,7.03,7.22,7.01,7.11,95225892,930740672.00
2014-05-09,7.11,7.17,7.05,7.12,74829332,731563200.00
2014-05-12,7.20,7.30,7.14,7.27,129589586,1282666112.00
2014-05-13,7.24,7.28,7.18,7.24,66182545,653997056.00
2014-05-14,7.23,7.26,7.13,7.16,114355129,1124734336.00
2014-05-15,7.14,7.18,7.07,7.09,70426925,688077248.00
2014-05-16,7.06,7.15,7.06,7.11,57142230,556664640.00
2014-05-19,7.08,7.08,6.85,6.90,137405978,1314192256.00
2014-05-20,6.93,6.97,6.86,6.93,64057749,610778816.00
2014-05-21,6.90,6.98,6.80,6.97,54298040,517810688.00
2014-05-22,6.96,7.09,6.94,6.97,71688611,692799616.00
2014-05-23,6.98,7.06,6.96,7.06,47057342,454096736.00
2014-05-26,7.12,7.13,7.05,7.10,54108963,526560768.00
2014-05-27,7.09,7.10,6.99,7.03,74436155,720820160.00
2014-05-28,7.03,7.08,6.97,7.04,92478303,892246144.00
2014-05-29,7.04,7.08,6.97,6.99,75258524,726796800.00
2014-05-30,6.99,7.00,6.93,6.94,69096841,662738432.00
2014-06-03,6.96,7.01,6.91,6.92,70641283,677281792.00
2014-06-04,6.93,6.93,6.79,6.83,86246408,816293696.00
2014-06-05,6.83,7.00,6.82,6.99,56500335,538639296.00
2014-06-06,6.97,6.99,6.83,6.89,53426017,509267456.00
2014-06-09,6.84,7.03,6.84,6.92,58231714,557813056.00
2014-06-10,6.96,7.02,6.90,7.00,68256823,655798656.00
2014-06-11,6.96,7.00,6.93,6.96,46334806,444252128.00
2014-06-12,6.94,6.96,6.90,6.92,42917693,410062048.00
2014-06-13,6.93,7.13,6.92,7.09,129624894,1256394752.00
2014-06-16,7.09,7.22,7.05,7.16,118477367,1159724288.00
2014-06-17,7.18,7.18,7.07,7.09,91317081,892676096.00
2014-06-18,7.09,7.13,7.07,7.09,66459996,647470912.00
2014-06-19,7.10,7.16,6.97,7.01,68906460,668029824.00
2014-06-20,7.01,7.07,6.99,7.06,57665733,557096320.00
2014-06-23,7.07,7.13,7.00,7.03,86019554,834638528.00
2014-06-24,7.07,7.11,7.03,7.06,83305537,753572864.00
2014-06-25,7.07,7.07,7.00,7.01,46797781,421074944.00
2014-06-26,7.01,7.06,7.01,7.02,43052470,387941152.00
2014-06-27,7.02,7.04,6.99,7.00,42713239,383829280.00
2014-06-30,7.01,7.10,7.01,7.07,52645089,476195584.00
2014-07-01,7.10,7.12,7.03,7.08,42584500,385288800.00
2014-07-02,7.08,7.11,7.04,7.08,41262790,373724768.00
2014-07-03,7.08,7.11,7.05,7.09,64553232,585009408.00
2014-07-04,7.10,7.11,7.07,7.09,47263941,428330848.00
2014-07-07,7.09,7.10,7.05,7.07,42831405,387738016.00
2014-07-08,7.07,7.08,7.03,7.07,52592964,475316192.00
2014-07-09,7.07,7.07,6.94,6.95,75829647,680803712.00
2014-07-10,6.95,6.98,6.93,6.95,43284795,386256096.00
2014-07-11,6.95,7.02,6.94,6.97,58461216,523490688.00
2014-07-14,6.96,7.03,6.93,7.03,50192334,449273952.00
2014-07-15,7.03,7.04,7.01,7.03,57331618,515793888.00
2014-07-16,7.03,7.07,7.03,7.04,57758013,521218624.00
2014-07-17,7.05,7.06,7.00,7.02,43076122,387416768.00
2014-07-18,7.01,7.07,6.99,7.04,60143570,542519424.00
2014-07-21,7.03,7.04,7.00,7.01,43394538,390236864.00
2014-07-22,6.99,7.12,6.99,7.08,101186449,915202944.00
2014-07-23,7.06,7.15,7.06,7.10,95071892,864070592.00
2014-07-24,7.11,7.37,7.11,7.32,235007435,2179260160.00
2014-07-25,7.37,7.43,7.30,7.38,134460946,1259192320.00
2014-07-28,7.43,7.78,7.43,7.72,315856664,3067199488.00
2014-07-29,7.75,7.83,7.68,7.73,203049428,1989649792.00
2014-07-30,7.83,7.86,7.63,7.67,182728243,1785992192.00
2014-07-31,7.65,7.76,7.63,7.75,113003643,1098506240.00
2014-08-01,7.73,7.90,7.70,7.72,199316283,1966817280.00
2014-08-04,7.77,7.88,7.69,7.86,167001355,1646470400.00
2014-08-05,7.86,7.89,7.75,7.82,116942080,1154644352.00
2014-08-06,7.78,7.78,7.63,7.70,134531042,1309646592.00
2014-08-07,7.71,7.73,7.53,7.53,141244203,1363312768.00
2014-08-08,7.53,7.57,7.48,7.52,120982762,1154961152.00
2014-08-11,7.54,7.69,7.54,7.66,99902317,966146816.00
2014-08-12,7.65,7.66,7.57,7.61,80856190,779243648.00
2014-08-13,7.61,7.64,7.51,7.58,97201687,932751424.00
2014-08-14,7.60,7.64,7.55,7.57,102325664,986409920.00
2014-08-15,7.60,7.66,7.55,7.64,83507836,806096128.00
2014-08-18,7.65,7.76,7.63,7.68,96111663,933999552.00
2014-08-19,7.73,7.73,7.61,7.67,99796164,968114304.00
2014-08-20,7.67,7.67,7.60,7.61,70135543,677452352.00
2014-08-21,7.61,7.62,7.42,7.48,118057183,1123688960.00
2014-08-22,7.48,7.55,7.45,7.52,76885741,733185600.00
2014-08-25,7.50,7.51,7.41,7.43,90596114,856940032.00
2014-08-26,7.42,7.48,7.40,7.44,85213616,804802432.00
2014-08-27,7.43,7.48,7.42,7.43,54628769,516864192.00
2014-08-28,7.43,7.43,7.35,7.35,70289162,661133056.00
2014-08-29,7.39,7.46,7.35,7.45,53881605,507394720.00
2014-09-01,7.47,7.50,7.43,7.47,68578076,650654464.00
2014-09-02,7.49,7.60,7.44,7.57,128705724,1227884288.00
2014-09-03,7.60,7.70,7.59,7.64,128588100,1244849664.00
2014-09-04,7.66,7.68,7.60,7.67,98919202,956753792.00
2014-09-05,7.69,7.73,7.65,7.70,126925907,1234562048.00
2014-09-09,7.71,7.77,7.64,7.66,123866063,1205605760.00
2014-09-10,7.62,7.63,7.54,7.56,111659515,1073076800.00
2014-09-11,7.57,7.69,7.54,7.57,119763193,1152957952.00
2014-09-12,7.58,7.58,7.51,7.57,80296496,768304384.00
2014-09-15,7.53,7.61,7.49,7.57,99444466,950656320.00
2014-09-16,7.62,7.72,7.56,7.59,222751521,2154511872.00
2014-09-17,7.60,7.63,7.51,7.54,116577448,1116528128.00
2014-09-18,7.53,7.71,7.51,7.69,218993865,2119148544.00
2014-09-19,7.68,7.85,7.66,7.80,286004782,2816151296.00
2014-09-22,7.78,7.78,7.58,7.58,155546883,1505934080.00
2014-09-23,7.58,7.65,7.57,7.60,88224150,850252160.00
2014-09-24,7.58,7.74,7.56,7.72,152637326,1480725888.00
2014-09-25,7.74,7.78,7.64,7.67,137216320,1340440576.00
2014-09-26,7.65,7.70,7.61,7.68,80598327,781818048.00
2014-09-29,7.71,7.76,7.68,7.72,121763013,1188241024.00
2014-09-30,7.73,7.75,7.66,7.71,105093276,1023862464.00
2014-10-08,7.73,7.80,7.69,7.79,142724444,1398725120.00
2014-10-09,7.80,7.88,7.76,7.80,130968217,1293022464.00
2014-10-10,7.75,7.85,7.73,7.78,133030186,1308626432.00
2014-10-13,7.74,7.78,7.64,7.69,109831220,1069089792.00
2014-10-14,7.68,7.77,7.65,7.68,84002904,818017664.00
2014-10-15,7.68,7.80,7.61,7.74,133922265,1304901632.00
2014-10-16,7.70,7.97,7.66,7.83,296366859,2936900096.00
2014-10-17,7.83,7.93,7.71,7.80,161019857,1588282368.00
2014-10-20,7.87,7.89,7.77,7.84,114718758,1133473920.00
2014-10-21,7.83,7.85,7.72,7.73,105290636,1034461888.00
2014-10-22,7.74,7.83,7.71,7.73,91092137,893481664.00
2014-10-23,7.73,7.83,7.68,7.71,118416324,1159897472.00
2014-10-24,7.73,7.74,7.63,7.64,108312657,1054022656.00
2014-10-27,7.59,7.60,7.39,7.45,138929487,1323460352.00
2014-10-28,7.48,7.58,7.48,7.56,101044054,965189376.00
2014-10-29,7.58,7.71,7.54,7.66,161050635,1555123968.00
2014-10-30,7.68,7.80,7.62,7.76,176780522,1722710656.00
2014-10-31,7.83,8.28,7.80,8.12,491064711,4953082880.00
2014-11-03,8.16,8.19,8.03,8.08,248371619,2525984256.00
2014-11-04,8.12,8.12,7.95,8.00,163212641,1645394560.00
2014-11-05,8.01,8.03,7.90,7.93,157561422,1578932480.00
2014-11-06,7.94,7.97,7.89,7.96,101863094,1018619328.00
2014-11-07,7.94,8.29,7.92,8.10,407114119,4155058176.00
2014-11-10,8.42,8.67,8.32,8.43,489376864,5168943616.00
2014-11-11,8.50,9.08,8.50,8.77,653738973,7163875328.00
2014-11-12,8.71,8.91,8.61,8.89,271038574,2961655296.00
2014-11-13,8.93,9.19,8.72,8.79,371263986,4115769344.00
2014-11-14,8.73,8.83,8.62,8.75,198414346,2154897408.00
2014-11-17,8.79,8.92,8.60,8.62,214519835,2329015808.00
2014-11-18,8.62,8.66,8.33,8.34,254900899,2687326976.00
2014-11-19,8.33,8.43,8.29,8.36,145326646,1518565376.00
2014-11-20,8.34,8.53,8.27,8.45,162402495,1709647488.00
2014-11-21,8.46,8.68,8.35,8.65,209997641,2234174976.00
2014-11-24,8.45,8.83,8.34,8.72,474049927,5090821632.00
2014-11-25,8.67,8.93,8.62,8.92,289490093,3159162368.00
2014-11-26,9.07,9.23,8.93,9.13,452263345,5092828672.00
2014-11-27,9.28,9.50,9.10,9.28,439738276,5062406656.00
2014-11-28,9.33,10.19,9.28,10.12,832183256,9950390272.00
2014-12-01,10.16,10.64,9.86,9.90,607270363,7590567424.00
2014-12-02,9.78,10.73,9.78,10.54,589371031,7404591104.00
2014-12-03,10.52,10.93,10.04,10.28,730561448,9380076544.00
2014-12-04,10.28,10.93,10.09,10.91,720041669,9307945984.00
2014-12-05,11.04,11.57,10.57,11.14,859647616,11553890304.00
2014-12-08,11.02,11.61,10.84,11.40,703922500,9622363136.00
2014-12-09,11.17,11.72,10.17,10.34,869193775,11788051456.00
2014-12-10,10.39,10.89,9.94,10.81,620272395,7901267968.00
2014-12-11,10.63,11.16,10.53,10.71,442571181,5847503360.00
2014-12-12,10.71,11.01,10.46,10.64,310558743,4067040256.00
2014-12-15,10.48,10.50,10.17,10.44,335025414,4232421888.00
2014-12-16,10.39,10.93,10.34,10.93,438688005,5706439680.00
2014-12-17,11.11,11.93,10.96,11.67,869703585,12037657600.00
2014-12-18,11.77,11.88,11.31,11.47,499627853,7010663936.00
2014-12-19,11.53,11.75,11.23,11.65,436244208,6099396096.00
2014-12-22,11.73,12.66,11.70,12.19,683449513,10043569152.00
2014-12-23,11.93,12.46,11.64,11.67,441578783,6398625280.00
2014-12-24,11.67,11.75,10.94,11.08,417579539,5715187712.00
2014-12-25,11.34,11.82,11.14,11.80,455721907,6359588352.00
2014-12-26,11.84,12.33,11.74,12.27,466983121,6790353408.00
2014-12-29,12.84,13.28,12.22,12.43,625216146,9556435968.00
2014-12-30,12.43,12.93,12.33,12.81,443655559,6774519296.00
2014-12-31,12.89,13.20,12.58,13.11,468832339,7271524864.00
2015-01-05,13.28,13.62,12.99,13.45,513568709,8182820864.00
2015-01-06,13.39,14.01,13.23,13.51,511684535,8311085056.00
2015-01-07,13.30,13.54,12.96,13.22,385716820,6114241024.00
2015-01-08,13.27,13.28,12.66,12.71,330627172,5101310464.00
2015-01-09,12.66,13.62,12.58,12.87,491999937,7692348416.00
2015-01-12,12.93,13.13,12.43,12.68,367787269,5625726976.00
2015-01-13,12.60,12.85,12.57,12.64,178404956,2712026624.00
2015-01-14,12.76,13.20,12.76,12.93,309018855,4812472320.00
2015-01-15,12.93,13.53,12.83,13.50,329826849,5216166912.00
2015-01-16,13.61,14.07,13.53,13.82,480245887,7938758144.00
2015-01-19,12.83,13.14,12.32,12.32,623520880,9496942592.00
2015-01-20,12.37,12.63,12.10,12.48,479215741,7142638592.00
2015-01-21,12.57,13.27,12.31,13.15,487540369,7489943040.00
2015-01-22,13.14,13.17,12.80,13.05,294738261,4592023040.00
2015-01-23,13.15,13.43,12.97,13.05,320042992,5044685824.00
2015-01-26,12.99,13.02,12.60,12.87,268566922,4122351616.00
2015-01-27,12.88,12.88,12.25,12.49,351914010,5286301696.00
2015-01-28,12.32,12.58,12.17,12.31,242203054,3592645120.00
2015-01-29,12.10,12.19,11.86,11.95,266968083,3864614144.00
2015-01-30,12.10,12.20,11.90,12.00,207865327,3021747712.00
2015-02-02,11.63,11.81,11.56,11.61,211617677,2989272576.00
2015-02-03,11.76,11.99,11.59,11.98,196263569,2792706816.00
2015-02-04,12.03,12.11,11.68,11.73,167896219,2421384704.00
2015-02-05,12.25,12.30,11.73,11.73,394332692,5742890496.00
2015-02-06,11.65,11.86,11.53,11.65,186547522,2637144064.00
2015-02-09,11.63,11.82,11.43,11.72,224585511,3155932160.00
2015-02-10,11.71,12.01,11.64,11.96,183693513,2629916416.00
2015-02-11,11.96,12.06,11.85,11.95,124127097,1789572992.00
2015-02-12,11.95,11.96,11.67,11.89,148954152,2121808256.00
2015-02-13,12.03,12.18,11.89,11.96,208366810,3023274240.00
2015-02-16,11.96,11.99,11.81,11.93,139220024,1995677440.00
2015-02-17,11.95,12.10,11.94,12.00,120665263,1747213056.00
2015-02-25,12.01,12.03,11.73,11.83,140932583,2025174400.00
2015-02-26,11.80,12.19,11.67,12.13,215013978,3104052224.00
2015-02-27,12.12,12.30,12.01,12.05,195606870,2861206528.00
2015-03-02,12.10,12.10,11.90,12.01,218763276,3159377664.00
2015-03-03,11.97,11.97,11.55,11.57,266372415,3766071296.00
2015-03-04,11.62,11.63,11.43,11.49,156595995,2183814656.00
2015-03-05,11.43,11.43,11.13,11.19,226504580,3090569728.00
2015-03-06,11.19,11.37,11.15,11.23,128036367,1750570368.00
2015-03-09,11.40,12.21,11.22,12.03,434801476,6170955264.00
2015-03-10,11.86,11.91,11.63,11.66,254844764,3623305472.00
2015-03-11,11.73,12.08,11.73,11.80,215069722,3087509504.00
2015-03-12,12.16,12.99,12.10,12.59,632781877,9512030208.00
2015-03-13,12.65,13.21,12.55,12.74,440178379,6789040640.00
2015-03-16,12.99,13.03,12.66,12.91,316116667,4867224576.00
2015-03-17,13.03,13.10,12.81,12.97,309677645,4797833728.00
2015-03-18,13.00,13.28,12.87,13.28,354655138,5558613504.00
2015-03-19,13.28,13.29,13.01,13.06,316770912,4978776064.00
2015-03-20,13.04,13.47,12.82,13.16,456531222,7180731392.00
2015-03-23,13.23,13.43,13.18,13.31,357592740,5692416000.00
2015-03-24,13.29,13.39,13.03,13.11,324657542,5114146816.00
2015-03-25,13.03,13.13,12.62,12.70,331730332,5108990976.00
2015-03-26,12.62,13.01,12.52,12.81,282340713,4326755840.00
2015-03-27,12.77,12.98,12.63,12.81,218174978,3350088448.00
2015-03-30,12.98,13.57,12.88,13.41,487442660,7735007744.00
2015-03-31,13.83,13.92,13.15,13.20,494049254,7990395392.00
2015-04-01,13.20,13.52,13.16,13.34,305878383,4868332032.00
2015-04-02,13.66,13.73,13.27,13.55,410087652,6611462144.00
2015-04-03,13.39,13.65,13.33,13.57,320361507,5171218944.00
2015-04-07,13.84,14.18,13.80,14.03,502260203,8372655104.00
2015-04-08,14.05,14.33,13.80,14.32,514816375,8633478144.00
2015-04-09,14.34,14.73,14.12,14.18,497335458,8497436160.00
2015-04-10,14.17,14.82,14.08,14.78,451543445,7772119552.00
2015-04-13,15.20,15.64,14.86,15.23,581406595,10470524928.00
2015-04-14,15.23,15.24,14.81,15.11,372837061,6640484864.00
2015-04-15,15.03,15.62,14.94,15.17,449643905,8170773504.00
2015-04-16,15.18,15.82,15.07,15.80,415984573,7577393152.00
2015-04-17,16.07,16.16,15.63,15.75,490159321,9167363072.00
2015-04-20,15.86,15.86,14.84,15.12,572435809,10446728192.00
2015-04-21,14.98,15.38,14.98,15.35,368194681,6615540736.00
2015-04-22,15.48,15.71,15.28,15.66,420766743,7712130560.00
2015-04-23,15.66,15.79,15.31,15.41,363593631,6675542016.00
2015-04-24,15.03,15.23,14.72,14.92,422927109,7509013504.00
2015-04-27,14.95,15.43,14.95,15.36,384541412,6942247936.00
2015-04-28,15.43,16.12,15.21,15.48,600053990,11100684288.00
2015-04-29,15.45,15.81,15.26,15.69,358393731,6591915008.00
2015-04-30,15.46,15.63,15.25,15.27,412760522,7523663360.00
2015-05-04,15.21,15.21,14.84,15.03,258064565,4597699072.00
2015-05-05,14.96,14.98,14.16,14.37,375386437,6483575808.00
2015-05-06,14.37,14.76,14.27,14.35,303607877,5225100288.00
2015-05-07,14.33,14.55,14.28,14.36,214390703,3674226176.00
2015-05-08,14.47,14.57,14.13,14.40,184560000,3151167744.00
2015-05-11,14.28,14.58,14.11,14.54,277153427,4711900672.00
2015-05-12,14.53,14.66,14.33,14.52,219176341,3768388864.00
2015-05-13,14.60,14.65,14.21,14.36,245244498,4198950144.00
2015-05-14,14.39,14.53,14.24,14.29,192361949,3283133184.00
2015-05-15,14.22,14.36,13.93,14.10,209597267,3526291456.00
2015-05-18,13.95,14.08,13.70,13.73,187555204,3106379520.00
2015-05-19,13.73,14.38,13.71,14.33,242251271,4080429312.00
2015-05-20,14.33,14.74,14.27,14.43,265675717,4567803904.00
2015-05-21,14.53,14.66,14.39,14.59,166403483,2873100288.00
2015-05-22,14.72,15.02,14.61,14.99,248087543,4379120128.00
2015-05-25,15.07,15.37,15.06,15.33,273874763,4942206976.00
2015-05-26,15.41,15.62,15.13,15.56,301665297,5504873472.00
2015-05-27,15.61,15.80,15.25,15.27,296942307,5444651008.00
2015-05-28,15.30,15.33,14.31,14.33,334032210,5908534784.00
2015-05-29,14.37,14.62,14.03,14.33,256087315,4370819072.00
2015-06-01,14.33,15.28,14.17,15.14,286379255,5015007232.00
2015-06-02,15.14,15.18,14.75,15.06,224935535,4001574400.00
2015-06-03,15.11,15.25,14.79,15.12,244139688,4338757632.00
2015-06-04,15.21,15.93,14.83,15.78,471864928,8635099136.00
2015-06-05,16.12,16.27,15.23,15.60,362420155,6742854144.00
2015-06-17,15.65,16.10,15.16,15.39,513118652,9419105280.00
2015-06-18,15.29,15.43,14.88,14.95,278296731,4980064768.00
2015-06-19,14.83,15.16,14.15,14.36,278090221,4894778880.00
2015-06-23,14.49,15.07,14.30,15.00,297748888,4966949376.00
2015-06-24,15.01,15.26,14.60,15.21,257825317,4364353024.00
2015-06-25,15.53,15.66,14.67,14.72,271649032,4704733184.00
2015-06-26,14.47,15.06,13.47,13.94,361776730,5893832704.00
2015-06-29,14.35,14.56,13.00,14.00,420675691,6723070976.00
2015-06-30,14.01,14.97,14.00,14.95,375411270,6204981760.00
2015-07-01,14.81,14.92,14.26,14.37,250555997,4180149248.00
2015-07-02,14.53,14.83,13.90,14.41,322264859,5297602560.00
2015-07-03,14.43,14.66,13.26,13.96,312701072,5041249792.00
2015-07-06,15.35,15.40,14.65,15.19,659421895,11195523072.00
2015-07-07,14.93,15.73,14.50,15.50,713763502,12379047936.00
2015-07-08,14.26,15.44,13.90,14.03,837950419,13833635840.00
2015-07-09,14.03,15.35,13.51,14.94,545237273,8927542272.00
2015-07-10,14.77,16.03,14.67,15.24,647768569,11376343040.00
2015-07-13,14.98,15.42,14.81,15.02,372594650,6364720128.00
2015-07-14,14.79,14.97,14.40,14.76,305725800,5111292928.00
2015-07-15,14.71,15.10,14.54,15.05,348253550,5845359104.00
2015-07-16,15.05,15.10,14.72,14.95,181402598,3069471232.00
2015-07-17,15.01,15.16,14.88,15.00,195927578,3336786176.00
2015-07-20,14.99,15.01,14.67,14.70,172918155,2908824576.00
2015-07-21,14.60,14.73,14.35,14.42,156268261,2572676352.00
2015-07-22,14.38,14.42,14.21,14.22,120352700,1956978816.00
2015-07-23,14.30,14.54,14.24,14.47,114525468,1878869120.00
2015-07-24,14.47,14.52,14.20,14.20,123609179,2016987520.00
2015-07-27,14.08,14.17,13.02,13.09,225091581,3515372544.00
2015-07-28,12.88,13.53,12.82,13.39,246095094,3717225984.00
2015-07-29,13.37,13.44,13.28,13.43,135858697,2063868160.00
2015-07-30,13.43,13.50,13.06,13.08,118921723,1807407744.00
2015-07-31,13.14,13.31,12.85,13.23,234941266,3516273920.00
2015-08-03,13.16,13.71,13.04,13.67,212367132,3246435584.00
2015-08-04,13.60,13.78,13.51,13.73,85154364,1320993024.00
2015-08-05,13.71,13.75,13.41,13.45,58185882,899150912.00
2015-08-06,13.31,13.69,13.30,13.51,65377995,1007550208.00
2015-08-07,13.70,13.75,13.52,13.60,65302258,1014250624.00
2015-08-10,13.58,13.95,13.49,13.88,116938205,1823777024.00
2015-08-11,13.80,13.85,13.63,13.69,105104123,1642256896.00
2015-08-12,13.53,13.71,13.51,13.52,79184358,1225370368.00
2015-08-13,13.60,13.68,13.43,13.58,74034209,1141661440.00
2015-08-14,13.60,13.66,13.50,13.61,66356010,1025758720.00
2015-08-17,13.54,13.54,13.37,13.46,120892083,1851641728.00
2015-08-18,13.49,13.64,13.01,13.05,198445221,3032249600.00
2015-08-19,13.05,13.32,12.71,13.17,199062097,2952584704.00
2015-08-20,13.11,13.16,12.86,12.88,88124782,1309322496.00
2015-08-21,12.81,12.93,12.44,12.46,123792817,1794884608.00
2015-08-24,12.20,12.21,11.17,11.23,334859429,4407389696.00
2015-08-25,10.93,11.42,10.36,10.80,289470686,3659079680.00
2015-08-26,11.03,11.67,10.80,11.37,235214588,3028238592.00
2015-08-27,11.50,12.34,11.33,12.24,212008806,2835655168.00
2015-08-28,12.35,12.55,12.12,12.48,208950955,2942159360.00
2015-08-31,12.44,13.15,12.22,13.13,202628515,2902670592.00
2015-09-01,12.86,13.48,12.63,13.47,304904688,4572547072.00
2015-09-02,13.08,13.50,12.91,13.07,255045273,3831534848.00
2015-09-07,12.92,13.18,12.40,12.71,287948628,4206785536.00
2015-09-08,12.73,13.31,12.46,13.22,330814193,4893450752.00
2015-09-09,13.09,13.41,13.09,13.31,241917533,3653652224.00
2015-09-10,13.22,13.41,13.13,13.40,205749026,3113081088.00
2015-09-11,13.49,13.77,13.44,13.68,288708558,4469128192.00
2015-09-14,13.62,14.03,13.10,14.01,183936607,2836987904.00
2015-09-15,13.65,13.67,13.39,13.59,107602458,1658227584.00
2015-09-16,13.45,13.90,13.20,13.56,74128982,1135218688.00
2015-09-17,13.48,13.59,13.26,13.27,50848655,778452736.00
2015-09-18,13.31,13.43,13.19,13.20,40899248,619915776.00
2015-09-21,13.13,13.24,13.02,13.14,40488316,604841984.00
2015-09-22,13.14,13.38,13.14,13.21,38673835,584644928.00
2015-09-23,13.09,13.17,12.88,13.12,54580634,810914240.00
2015-09-24,13.12,13.44,13.05,13.41,78862572,1192962816.00
2015-09-25,13.30,13.73,13.30,13.70,136070895,2096781824.00
2015-09-28,13.67,14.04,13.55,14.00,91425816,1436492544.00
2015-09-29,13.89,14.07,13.78,14.05,114190253,1807681536.00
2015-09-30,14.03,14.67,13.99,14.65,211038123,3452096768.00
2015-10-08,14.80,14.80,13.92,13.96,140057148,2277284608.00
2015-10-09,14.05,14.21,13.94,13.99,41525835,663144768.00
2015-10-12,13.99,14.30,13.83,14.13,93633306,1497165824.00
2015-10-13,14.06,14.18,13.94,14.05,54698799,873290880.00
2015-10-14,13.90,14.16,13.90,13.99,44297812,706211840.00
2015-10-26,14.10,14.60,14.10,14.33,101041055,1648964992.00
2015-10-27,14.29,14.49,14.21,14.37,74933996,1223267200.00
2015-10-28,14.31,14.57,14.16,14.36,74226285,1217460736.00
2015-10-29,14.35,14.65,14.29,14.61,75760565,1251114496.00
2015-10-30,14.53,14.70,14.42,14.43,45465414,750144832.00
2015-11-02,14.35,14.55,14.28,14.45,38122791,625014464.00
2015-11-03,14.44,14.78,14.41,14.50,60485065,1005503936.00
2015-11-04,14.47,14.91,14.47,14.84,65053992,1086409856.00
2015-11-05,14.85,15.96,14.76,15.63,231799691,4077390336.00
2015-11-06,15.46,16.06,15.45,15.79,127594225,2277276160.00
2015-11-09,15.82,16.98,15.79,16.03,157820058,2925510400.00
2015-11-10,15.90,16.52,15.73,16.23,140427138,2575229696.00
2015-11-11,16.27,16.34,15.44,15.65,92130221,1643831040.00
2015-11-12,15.71,15.74,15.12,15.31,77790159,1353612928.00
2015-11-13,15.17,15.53,15.12,15.51,73433156,1283306240.00
2015-11-16,15.30,15.51,15.17,15.37,45144666,785563840.00
2015-11-17,15.40,15.72,15.37,15.39,63539278,1119712512.00
2015-11-18,15.41,15.60,15.20,15.34,57584578,1003785408.00
2015-11-19,15.26,15.89,15.26,15.80,102543449,1821483136.00
2015-11-20,15.72,16.47,15.70,16.32,148206210,2733449216.00
2015-11-23,16.36,16.92,16.30,16.86,171203791,3235638528.00
2015-11-24,16.71,16.91,16.43,16.85,129389144,2437634560.00
2015-11-25,16.71,17.42,16.30,17.41,326524776,6295983616.00
2015-11-26,17.26,17.44,16.99,17.14,214944239,4187889920.00
2015-11-27,16.95,17.19,16.26,16.38,105608733,1999981184.00
2015-11-30,16.30,16.63,15.53,16.49,97633827,1779188224.00
2015-12-01,16.21,16.80,15.97,16.50,63430576,1179526400.00
2015-12-02,16.36,17.71,16.33,17.58,153608076,2972239104.00
2015-12-03,17.44,17.50,17.00,17.03,110346329,2147607040.00
2015-12-04,17.05,17.05,16.52,16.54,70275848,1331588224.00
2015-12-07,16.54,17.26,16.54,17.21,83346816,1592198400.00
2015-12-08,17.06,17.82,16.63,17.80,239884949,4764109312.00
2015-12-09,17.33,17.33,16.90,17.01,92049465,1776578432.00
2015-12-10,17.11,17.60,16.90,17.05,57091310,1108934528.00
2015-12-11,16.81,17.00,16.29,16.44,87066826,1630390272.00
2015-12-14,16.18,16.47,15.92,16.30,70736958,1290712960.00
2015-12-15,16.30,16.64,16.05,16.18,51685772,950672896.00
2015-12-16,16.22,16.30,16.00,16.06,38700640,705621184.00
2015-12-17,16.13,16.45,16.08,16.34,53304071,983362560.00
2015-12-18,16.34,17.53,16.29,16.63,92211924,1753311872.00
2015-12-21,16.61,17.17,16.39,16.93,82490082,1567681280.00
2015-12-22,16.81,17.07,16.60,16.71,53122744,1006796480.00
2015-12-23,16.72,16.92,16.45,16.70,66128171,1249610496.00
2015-12-24,16.67,16.93,16.50,16.84,57171554,1083459072.00
2015-12-25,16.82,17.24,16.74,17.10,55427897,1069153856.00
2015-12-28,17.14,17.20,16.46,16.53,49980698,945164672.00
2015-12-29,16.47,16.73,16.25,16.57,47288465,883333888.00
2015-12-30,16.54,16.60,16.18,16.41,35687385,660326976.00
2015-12-31,16.37,16.37,16.13,16.14,27936138,513758880.00
2016-01-04,16.15,16.15,15.49,15.71,42240610,754425792.00
2016-01-05,15.45,15.95,15.35,15.86,58054793,1034181504.00
2016-01-06,15.80,16.02,15.61,15.99,46772653,838667392.00
2016-01-07,15.71,15.80,15.35,15.45,11350479,199502704.00
2016-01-08,15.66,15.79,14.90,15.43,71918296,1262105088.00
2016-01-11,15.18,15.40,14.95,15.03,90177135,1550155904.00
2016-01-12,15.14,15.46,15.06,15.40,55374454,964061504.00
2016-01-13,15.50,15.80,15.30,15.34,47869312,843717376.00
2016-01-14,14.99,15.89,14.89,15.82,54838833,966117824.00
2016-01-15,15.71,16.03,15.46,15.51,46723139,836146432.00
2016-01-18,15.38,15.89,15.28,15.60,32729006,583291584.00
2016-01-19,15.70,15.79,15.44,15.69,29807159,527753184.00
2016-01-20,15.54,15.62,15.06,15.21,35968636,623546944.00
2016-01-21,15.19,15.40,14.53,14.60,34197115,582845504.00
2016-01-22,14.84,15.09,14.52,15.00,42007318,708179264.00
2016-01-25,14.99,15.14,14.73,15.01,23558971,400445056.00
2016-01-26,14.95,15.11,14.44,14.68,38279766,643611776.00
2016-01-27,14.76,14.97,14.54,14.70,44291307,742640768.00
2016-01-28,14.77,14.82,13.97,14.60,38902180,643984192.00
2016-01-29,14.55,15.03,14.45,14.90,47429000,799493376.00
2016-02-01,14.98,14.99,14.45,14.53,29139596,485275136.00
2016-02-02,14.53,14.93,14.50,14.77,25380981,425396896.00
2016-02-03,14.62,14.68,14.49,14.63,27779183,459255616.00
2016-02-04,14.84,15.28,14.65,15.26,47162860,799283776.00
2016-02-05,15.20,16.25,15.12,16.24,78413454,1401156096.00
2016-02-15,15.88,16.33,15.71,16.30,67296317,1221398400.00
2016-03-11,15.45,15.47,14.63,14.96,98240322,1657158656.00
2016-03-14,14.88,15.41,14.82,14.86,56922239,973317376.00
2016-03-15,14.94,15.16,14.81,15.00,37540932,638223040.00
2016-03-16,14.91,15.96,14.90,15.92,108404378,1924212608.00
2016-03-17,15.72,16.07,15.40,15.62,68635812,1219236352.00
2016-03-18,15.70,15.90,15.58,15.75,55987968,996332608.00
2016-03-21,15.70,16.12,15.70,15.95,42001532,756966784.00
2016-03-22,15.98,16.47,15.91,16.03,43760811,800814912.00
2016-03-23,16.04,16.21,15.95,16.01,27830795,506023200.00
2016-03-24,16.00,16.00,15.60,15.64,27448272,488313664.00
2016-03-25,15.64,15.78,15.60,15.66,13619185,241971872.00
2016-03-28,15.70,15.90,15.32,15.40,24521696,433449216.00
2016-03-29,15.47,15.59,15.32,15.40,19151152,335806208.00
2016-03-30,15.58,15.85,15.58,15.78,35562148,634175232.00
2016-03-31,15.88,15.97,15.64,15.83,23762112,425380416.00
2016-04-01,15.88,16.12,15.54,16.06,35790541,643979456.00
2016-04-05,15.84,16.16,15.68,16.05,42622297,768010112.00
2016-04-06,15.92,16.02,15.78,15.86,23428724,421234848.00
2016-04-07,15.85,15.90,15.56,15.61,29047713,516129856.00
2016-04-08,15.50,15.68,15.47,15.53,17132244,301704512.00
2016-04-11,15.53,15.73,15.49,15.60,24117635,426862400.00
2016-04-12,15.61,15.62,15.47,15.55,14100759,248002288.00
2016-04-13,15.65,15.89,15.61,15.66,35189716,627667712.00
2016-04-14,15.80,15.90,15.67,15.71,15796208,281977248.00
2016-04-15,15.85,15.95,15.71,15.80,34773526,623836224.00
2016-04-18,15.67,15.92,15.59,15.72,28084133,501790688.00
2016-04-19,15.85,15.88,15.70,15.80,27246371,487095904.00
2016-04-20,15.80,15.89,15.27,15.86,46614611,825437824.00
2016-04-21,15.73,16.21,15.67,16.00,48212915,872382592.00
2016-04-22,15.90,16.22,15.84,16.11,28178162,513194656.00
2016-04-25,16.03,16.04,15.73,15.79,24294360,435467872.00
2016-04-26,15.78,15.97,15.67,15.82,15739400,281501376.00
2016-04-27,15.87,15.87,15.71,15.77,13838875,247622912.00
2016-04-28,15.83,15.99,15.74,15.80,15728417,282201344.00
2016-04-29,15.74,15.84,15.67,15.74,23065933,412460992.00
2016-05-03,15.85,16.11,15.74,16.00,27776723,501830144.00
2016-05-04,15.95,16.10,15.91,15.97,23118959,418592992.00
2016-05-05,15.95,16.00,15.88,15.95,14936632,269576064.00
2016-05-06,15.96,15.99,15.63,15.65,23406763,418454816.00
2016-05-09,15.63,15.71,15.35,15.45,21947591,386423424.00
2016-05-10,15.33,15.50,15.33,15.42,16846648,294675488.00
2016-05-11,15.49,15.50,15.35,15.40,11941164,208655792.00
2016-05-12,15.38,15.44,15.17,15.36,14668954,254410736.00
2016-05-13,15.32,15.40,15.19,15.20,11013829,190929408.00
2016-05-16,15.20,15.30,15.18,15.25,11045624,190872656.00
2016-05-17,15.25,15.30,15.13,15.21,9765153,168387280.00
2016-05-18,15.21,15.55,15.00,15.50,30962453,536935488.00
2016-05-19,15.39,15.43,15.29,15.30,10380826,180686336.00
2016-05-20,15.27,15.44,15.23,15.40,11140621,194223008.00
2016-05-23,15.44,15.60,15.39,15.49,14080659,247441296.00
2016-05-24,15.42,15.53,15.38,15.49,10725938,187905440.00
2016-05-25,15.60,15.65,15.53,15.60,13766238,243549456.00
2016-05-26,15.58,15.77,15.58,15.62,11065062,196266944.00
2016-05-27,15.61,15.69,15.56,15.66,11621242,205801168.00
2016-05-30,15.75,15.87,15.60,15.85,17538184,313324800.00
2016-05-31,15.83,16.26,15.82,16.16,35631526,650177344.00
2016-06-01,16.17,16.21,16.01,16.07,18312424,333790688.00
2016-06-02,16.08,16.17,15.83,15.91,17786525,321768768.00
2016-06-03,16.00,16.01,15.80,15.90,18003512,323746016.00
2016-06-06,15.94,16.00,15.87,15.91,17856247,321865760.00
2016-06-07,15.99,16.01,15.87,15.91,16533983,298145344.00
2016-06-08,15.90,15.96,15.87,15.89,23758300,427741568.00
2016-06-13,15.77,15.84,15.69,15.70,30051583,536281152.00
2016-06-14,15.69,15.74,15.62,15.70,18773357,333449728.00
2016-06-15,15.54,15.68,15.49,15.66,26332177,464557376.00
2016-06-16,15.60,15.83,15.53,15.71,30871127,549171200.00
2016-06-17,15.67,15.89,15.66,15.69,17412233,311113088.00
2016-06-20,15.83,15.83,15.67,15.76,9681495,172507200.00
2016-06-21,15.79,15.85,15.67,15.70,15852873,282663680.00
2016-06-22,15.71,15.80,15.70,15.80,14227501,253800352.00
2016-06-23,15.90,15.90,15.71,15.72,12882295,203560848.00
2016-06-24,15.70,15.79,15.08,15.28,30575522,470756352.00
2016-06-27,15.29,15.39,15.18,15.31,19163499,292488224.00
2016-06-28,15.27,15.30,15.18,15.28,12559826,191346960.00
2016-06-29,15.29,15.54,15.28,15.50,21253351,326320224.00
2016-06-30,15.50,15.66,15.44,15.57,20735886,323223552.00
2016-07-01,15.57,15.96,15.54,15.92,25106479,394802048.00
2016-07-04,15.86,16.03,15.80,15.93,21411650,341120768.00
2016-07-05,15.94,15.95,15.75,15.79,16171615,255727216.00
2016-07-06,15.71,15.76,15.61,15.64,22976510,360070176.00
2016-07-07,15.63,15.64,15.45,15.57,24498042,380536320.00
2016-07-08,15.55,15.56,15.44,15.45,14901331,230568192.00
2016-07-11,15.56,15.57,15.40,15.43,22852491,354003584.00
2016-07-12,15.48,15.65,15.45,15.64,25545130,397267008.00
2016-07-13,15.65,15.97,15.64,15.79,36238056,573546752.00
2016-07-14,15.77,15.84,15.64,15.70,16883421,265364896.00
2016-07-15,15.71,15.75,15.65,15.71,15998100,251152944.00
2016-07-18,15.73,15.91,15.66,15.77,27766982,438169696.00
2016-07-19,15.77,15.80,15.65,15.73,17179816,269908288.00
2016-07-20,15.70,15.76,15.63,15.75,14866526,233284416.00
2016-07-21,15.74,15.87,15.70,15.83,22020445,348156608.00
2016-07-22,15.81,15.82,15.58,15.63,16711700,262066576.00
2016-07-25,15.63,15.76,15.63,15.69,11441970,179598112.00
2016-07-26,15.69,15.79,15.65,15.74,20462397,321598656.00
2016-07-27,15.73,15.88,15.45,15.87,40697330,637937280.00
2016-07-28,15.77,15.79,15.65,15.68,17451372,274345312.00
2016-07-29,15.65,15.71,15.61,15.70,14348301,224747568.00
2016-08-01,15.68,15.85,15.65,15.80,22909943,361191360.00
2016-08-02,15.79,15.85,15.68,15.75,10877815,171311344.00
2016-08-03,15.64,15.72,15.62,15.67,10583990,165699520.00
2016-08-04,15.69,15.69,15.49,15.59,15610498,243122624.00
2016-08-05,15.60,15.80,15.59,15.73,17648517,277447200.00
2016-08-08,15.76,15.76,15.66,15.74,13129367,206333088.00
2016-08-09,15.75,15.80,15.71,15.79,15480879,243949584.00
2016-08-10,15.80,15.85,15.73,15.83,18499535,292534464.00
2016-08-11,15.75,16.40,15.74,16.07,52689421,852413120.00
2016-08-12,16.12,16.39,16.00,16.36,46991632,763634368.00
2016-08-15,16.50,17.02,16.45,16.94,77333862,1299618432.00
2016-08-16,16.94,16.99,16.67,16.70,49384036,829743488.00
2016-08-17,16.72,16.85,16.52,16.64,36446597,606581248.00
2016-08-18,16.55,16.77,16.35,16.44,37110139,612294400.00
2016-08-19,16.43,16.50,16.36,16.42,19927300,327521632.00
2016-08-22,16.42,16.47,16.31,16.41,19768630,324280096.00
2016-08-23,16.41,16.56,16.32,16.40,31754370,521794944.00
2016-08-24,16.41,16.51,16.34,16.39,17085424,280402624.00
2016-08-25,16.36,16.41,16.20,16.34,24749915,403472224.00
2016-08-26,16.36,16.40,16.29,16.34,14688056,240035888.00
2016-08-29,16.31,16.37,16.08,16.23,30202023,489414016.00
2016-08-30,16.24,16.49,16.24,16.40,36396993,597418048.00
2016-08-31,16.35,16.56,16.32,16.48,22003438,362526016.00
2016-09-01,16.48,16.55,16.38,16.41,21272047,349934560.00
2016-09-02,16.38,16.50,16.35,16.48,23147001,380418560.00
2016-09-05,16.49,16.58,16.42,16.49,25677035,423399296.00
2016-09-06,16.49,16.53,16.37,16.41,20282647,333206432.00
2016-09-07,16.41,16.50,16.35,16.48,17975558,295519904.00
2016-09-08,16.47,16.61,16.43,16.60,24406900,403801792.00
2016-09-09,16.62,16.66,16.50,16.56,18739471,310623904.00
2016-09-12,16.38,16.47,16.26,16.40,36509177,597895488.00
2016-09-13,16.40,16.46,16.39,16.45,14234378,233969072.00
2016-09-14,16.43,16.48,16.38,16.40,23981413,393967808.00
2016-09-19,16.45,16.51,16.42,16.46,14465955,238091120.00
2016-09-20,16.47,16.48,16.42,16.46,17396811,286078656.00
2016-09-21,16.47,16.51,16.43,16.45,9416102,154918240.00
2016-09-22,16.49,16.59,16.47,16.53,11527832,190442432.00
2016-09-23,16.55,16.55,16.48,16.48,10200460,168270144.00
2016-09-26,16.45,16.57,16.41,16.48,20769186,342748704.00
2016-09-27,16.42,16.52,16.42,16.48,17025470,280852896.00
2016-09-28,16.48,16.53,16.46,16.48,12841990,211844624.00
2016-09-29,16.52,16.55,16.49,16.50,10997408,181620112.00
2016-09-30,16.50,16.53,16.48,16.49,12190268,201085200.00
2016-10-10,16.53,16.60,16.48,16.55,18666854,308450240.00
2016-10-11,16.57,16.58,16.50,16.57,12690366,209785536.00
2016-10-12,16.54,16.54,16.48,16.51,10643884,175594208.00
2016-10-13,16.51,16.52,16.42,16.43,14504356,238973136.00
2016-10-14,16.43,16.47,16.38,16.46,10660114,175020224.00
2016-10-17,16.41,16.44,16.22,16.27,16424904,268130864.00
2016-10-18,16.28,16.39,16.24,16.34,18251833,298064128.00
2016-10-19,16.35,16.39,16.24,16.27,11143167,181631904.00
2016-10-20,16.27,16.34,16.25,16.29,8985794,146255312.00
2016-10-21,16.29,16.34,16.22,16.30,10884798,177155056.00
2016-10-24,16.30,16.58,16.27,16.47,24757241,406980672.00
2016-10-25,16.48,16.50,16.36,16.42,13309321,218721456.00
2016-10-26,16.40,16.42,16.30,16.32,12436805,203174016.00
2016-10-27,16.30,16.31,16.18,16.19,19517454,316513312.00
2016-10-28,16.19,16.34,16.18,16.29,15067204,244739680.00
2016-10-31,16.23,16.31,16.01,16.27,14673298,237635072.00
2016-11-01,16.26,16.33,16.21,16.30,13028259,212179104.00
2016-11-02,16.21,16.30,16.18,16.20,25051160,406667264.00
2016-11-03,16.19,16.38,16.19,16.35,25864110,421412544.00
2016-11-04,16.30,16.53,16.29,16.40,21516475,353348704.00
2016-11-07,16.39,16.45,16.38,16.42,21351658,350381728.00
2016-11-08,16.45,16.54,16.44,16.47,17307155,285419776.00
2016-11-09,16.47,16.53,16.36,16.46,39826582,655055488.00
2016-11-10,16.55,16.64,16.48,16.57,20484554,339602784.00
2016-11-11,16.56,16.63,16.45,16.59,21539188,356740640.00
2016-11-14,16.53,16.70,16.52,16.60,18124496,301208000.00
2016-11-15,16.59,16.61,16.50,16.59,15714142,260648304.00
2016-11-16,16.59,16.63,16.54,16.60,12395504,205688800.00
2016-11-17,16.58,16.63,16.52,16.60,22718556,376599264.00
2016-11-18,16.59,16.64,16.55,16.60,29274383,485488352.00
2016-11-21,16.59,16.73,16.54,16.64,21432453,356612256.00
2016-11-22,16.67,16.72,16.63,16.68,21080968,351666624.00
2016-11-23,16.68,17.23,16.66,16.93,45036427,765689728.00
2016-11-24,16.93,17.12,16.86,16.89,21043140,356783616.00
2016-11-25,16.89,17.10,16.81,17.09,23335230,396231872.00
2016-11-28,17.15,17.49,17.15,17.36,23348800,403778624.00
数据来源:通达信
