600118 中国卫星 日线 前复权
      日期	    开盘	    最高	    最低	    收盘	    成交量	    成交额
2011-10-10,12.74,12.90,12.62,12.79,2171019,43615556.00
2011-10-11,13.01,13.14,12.43,12.55,2031409,40870296.00
2011-10-13,12.88,12.95,12.73,12.82,4599901,92775592.00
2011-10-14,12.78,12.94,12.76,12.81,2609900,52720852.00
2011-10-17,12.85,12.97,12.85,12.93,2302121,46765740.00
2011-10-18,12.86,13.05,12.80,12.89,3201222,65281472.00
2011-10-19,12.93,13.01,12.52,12.53,2956254,58811876.00
2011-10-20,12.43,12.43,12.02,12.09,3126548,59343672.00
2011-10-21,12.10,12.28,12.00,12.16,1335431,25387100.00
2011-10-24,12.28,12.45,12.04,12.38,1627719,31331548.00
2011-10-25,12.51,12.93,12.49,12.85,3962388,79751344.00
2011-10-26,12.87,13.08,12.73,12.88,3884449,79298176.00
2011-10-27,13.00,13.07,12.83,13.00,2477481,50362072.00
2011-10-28,13.03,13.26,13.03,13.19,3398415,70391032.00
2011-10-31,13.33,13.44,13.25,13.36,5242139,110379720.00
2011-11-01,13.42,13.42,12.94,13.04,5638236,116610896.00
2011-11-02,12.81,13.29,12.65,13.21,4223015,85957272.00
2011-11-03,13.42,13.62,13.03,13.05,6726030,141647968.00
2011-11-04,13.20,13.35,13.16,13.31,4756546,99683464.00
2011-11-07,13.29,13.88,13.21,13.66,9715689,209782976.00
2011-11-08,13.68,13.74,13.44,13.45,3248459,69893752.00
2011-11-09,13.58,13.98,13.58,13.83,5573934,121770240.00
2011-11-10,13.71,14.05,13.61,13.72,6592936,144946048.00
2011-11-11,13.77,13.97,13.71,13.82,5795276,126835280.00
2011-11-14,13.88,14.20,13.77,14.15,4573495,101659320.00
2011-11-15,14.15,14.23,13.97,14.09,3244673,72508880.00
2011-11-16,14.09,14.15,13.71,13.80,3269196,71277976.00
2011-11-17,13.82,14.03,13.81,13.91,3092373,68070496.00
2011-11-18,13.79,13.93,13.49,13.65,2206126,47694540.00
2011-11-21,13.68,13.71,13.49,13.60,1604330,34397808.00
2011-11-22,13.56,13.61,13.32,13.33,2157704,45805164.00
2011-11-23,13.44,13.47,13.24,13.45,2664012,56254380.00
2011-11-24,13.37,13.42,13.26,13.32,1555602,32707572.00
2011-11-25,13.32,13.45,13.26,13.32,1873427,39449764.00
2011-11-28,13.32,13.44,13.20,13.27,2621909,55004568.00
2011-11-29,13.42,13.61,13.27,13.58,3057203,64814436.00
2011-11-30,13.64,13.64,12.90,13.31,4384756,91971568.00
2011-12-01,13.60,13.84,13.48,13.62,3492564,75402224.00
2011-12-02,13.61,13.81,13.39,13.69,3489885,75475320.00
2011-12-05,13.63,13.77,13.38,13.42,1950103,41786896.00
2011-12-06,13.32,13.38,12.84,13.19,3121705,64284224.00
2011-12-07,13.19,13.36,13.12,13.25,1514724,31724972.00
2011-12-08,13.33,13.54,13.01,13.51,2553764,53588760.00
2011-12-09,13.43,13.44,13.20,13.24,1175083,24665212.00
2011-12-12,13.23,13.29,12.64,12.89,2426511,49323180.00
2011-12-13,12.72,12.84,12.40,12.58,2390052,47163936.00
2011-12-14,12.57,12.58,12.29,12.34,1844633,35938332.00
2011-12-15,12.28,12.40,12.10,12.37,1706398,32834642.00
2011-12-16,12.34,12.81,12.34,12.78,2728592,53897940.00
2011-12-19,12.75,13.25,12.61,13.20,3491220,71367472.00
2011-12-20,13.02,13.26,12.93,12.94,1964603,40485160.00
2011-12-21,13.03,13.18,12.49,12.70,2096475,42118072.00
2011-12-22,12.71,12.73,12.43,12.71,1399965,27677158.00
2011-12-23,12.67,12.99,12.55,12.96,1254638,25426720.00
2011-12-26,12.97,13.09,12.81,12.94,1102712,22475716.00
2011-12-27,12.96,13.15,12.70,12.78,2393672,48517028.00
2011-12-28,12.90,13.20,12.44,12.80,4318199,87392656.00
2011-12-29,12.59,12.84,12.12,12.79,2648239,51983704.00
2011-12-30,12.84,13.02,12.67,12.96,3144571,63701712.00
2012-01-04,12.96,13.01,12.51,12.54,2337542,46909736.00
2012-01-05,12.48,12.49,11.77,11.96,3969308,74621808.00
2012-01-06,11.95,11.95,11.29,11.65,2880834,52208768.00
2012-01-09,11.63,11.91,11.41,11.90,4122591,75282160.00
2012-01-10,11.96,12.28,11.72,12.18,6230792,116752544.00
2012-01-11,12.20,12.37,12.05,12.12,3922561,74679288.00
2012-01-12,12.05,12.19,12.01,12.10,2807665,53152276.00
2012-01-13,12.16,12.20,11.48,11.52,4643931,85139560.00
2012-01-16,11.38,11.38,10.95,10.95,3387044,58585292.00
2012-01-17,10.95,11.34,10.77,11.31,5912802,102027112.00
2012-01-18,11.31,11.38,10.87,10.91,5644421,97858192.00
2012-01-19,11.01,11.10,10.87,10.97,3031559,51685656.00
2012-01-20,11.00,11.13,10.93,11.12,4241401,72786440.00
2012-01-30,11.14,11.53,11.14,11.32,6261122,111126368.00
2012-01-31,11.33,11.36,11.07,11.29,2998989,52302352.00
2012-02-01,11.25,11.36,11.12,11.18,2139783,37426540.00
2012-02-02,11.20,11.33,11.16,11.33,2617858,45899616.00
2012-02-03,11.33,11.59,11.31,11.49,4844427,86500592.00
2012-02-06,11.55,11.60,11.42,11.49,2314111,41485520.00
2012-02-07,11.45,11.45,11.23,11.36,3021709,53250124.00
2012-02-08,11.36,11.64,11.28,11.61,3839561,68843728.00
2012-02-09,11.61,11.69,11.52,11.61,3838755,69601936.00
2012-02-10,11.58,11.67,11.55,11.58,2505067,45346768.00
2012-02-13,11.54,11.86,11.45,11.77,5051590,92545664.00
2012-02-14,11.77,11.92,11.66,11.84,3675756,67713336.00
2012-02-15,11.79,12.00,11.78,11.94,3550340,66116876.00
2012-02-16,11.93,12.13,11.81,11.90,4396025,82418720.00
2012-02-17,11.97,12.02,11.77,11.86,1891399,35095360.00
2012-02-20,12.00,12.06,11.90,11.91,3551096,66524392.00
2012-02-21,11.93,11.99,11.73,11.97,2245973,41749848.00
2012-02-22,11.97,12.12,11.93,12.12,4300808,81178368.00
2012-02-23,12.12,12.29,11.93,12.23,4967119,94158280.00
2012-02-24,12.19,12.34,12.08,12.28,5161764,98807768.00
2012-02-27,12.34,12.58,12.31,12.32,6658131,130360280.00
2012-02-28,12.31,12.42,12.11,12.19,3716579,71291808.00
2012-02-29,12.20,12.34,12.06,12.07,3276926,62555688.00
2012-03-01,11.99,12.25,11.99,12.10,3822982,72717896.00
2012-03-02,12.16,12.36,12.10,12.33,3493691,67083592.00
2012-03-05,12.54,12.78,12.27,12.34,9433134,185489040.00
2012-03-06,12.23,12.42,12.07,12.20,5625510,107541072.00
2012-03-07,12.19,12.65,12.10,12.32,9447854,183888112.00
2012-03-08,12.40,12.55,12.35,12.41,4848703,94526792.00
2012-03-09,12.49,12.64,12.38,12.57,6693813,131647168.00
2012-03-12,12.61,12.77,12.60,12.68,6873608,136763152.00
2012-03-13,12.70,12.70,12.48,12.64,6295872,124121120.00
2012-03-14,12.68,12.74,12.10,12.19,9502497,185502448.00
2012-03-15,12.16,12.28,11.72,11.84,6706302,125157880.00
2012-03-16,11.87,12.05,11.77,12.01,3850106,71796680.00
2012-03-19,12.03,12.11,11.89,12.08,3668123,69029152.00
2012-03-20,12.05,12.05,11.76,11.78,4596519,85075800.00
2012-03-21,11.84,11.96,11.55,11.71,4663056,85264800.00
2012-03-22,11.69,11.75,11.52,11.72,5276908,95811952.00
2012-03-23,11.67,11.68,11.56,11.57,2432871,44047120.00
2012-03-26,11.58,11.64,11.55,11.60,1925837,34800452.00
2012-03-27,11.67,11.79,11.63,11.77,3104875,56898700.00
2012-03-28,11.77,11.77,11.31,11.38,3522022,63073344.00
2012-03-29,11.36,11.39,10.97,11.09,2558550,44526616.00
2012-04-05,11.09,11.55,11.09,11.40,3986755,70259512.00
2012-04-06,11.48,11.51,11.28,11.34,2802600,49534780.00
2012-04-09,11.34,11.34,11.13,11.18,3368941,58838704.00
2012-04-10,11.23,11.35,10.99,11.25,4642429,80607080.00
2012-04-11,11.18,11.36,11.07,11.35,9021757,157738944.00
2012-04-12,11.41,11.75,11.41,11.74,11473504,207093968.00
2012-04-13,11.62,11.65,11.46,11.57,8224828,148354400.00
2012-04-16,11.46,11.53,11.35,11.39,6253391,111400088.00
2012-04-17,11.42,11.50,11.35,11.39,3690132,65555852.00
2012-04-18,11.47,11.59,11.42,11.54,7114762,127844976.00
2012-04-19,11.54,11.60,11.46,11.58,5361121,96372984.00
2012-04-20,11.58,11.71,11.54,11.69,6237460,113428312.00
2012-04-23,11.71,12.05,11.57,11.90,12763207,236298064.00
2012-04-24,11.78,11.84,11.31,11.51,7727063,139493616.00
2012-04-25,11.44,11.54,11.33,11.51,5820220,103615760.00
2012-04-26,11.51,11.94,11.44,11.89,12425129,228546464.00
2012-04-27,11.78,11.86,11.62,11.74,5970826,109233560.00
2012-05-02,11.88,12.02,11.76,11.86,7607621,141153936.00
2012-05-03,11.86,12.05,11.80,11.91,6142849,114505224.00
2012-05-04,11.86,12.03,11.86,12.00,6642646,124451184.00
2012-05-07,11.99,12.12,11.89,12.07,8120716,152575760.00
2012-05-08,12.23,12.28,11.91,11.93,9529527,180003152.00
2012-05-09,11.93,12.12,11.80,11.98,9079673,170272480.00
2012-05-10,11.97,12.03,11.78,11.81,4950273,91574856.00
2012-05-11,11.85,11.89,11.54,11.58,5931261,108182896.00
2012-05-14,11.73,11.73,11.54,11.56,3519369,63814548.00
2012-05-15,11.48,11.57,11.38,11.55,2832068,50606152.00
2012-05-16,11.55,11.66,11.41,11.42,4293154,77378056.00
2012-05-17,11.43,11.51,11.32,11.49,3976551,70774112.00
2012-05-18,11.42,11.42,11.16,11.28,4571522,80476008.00
2012-05-21,11.25,11.38,11.18,11.20,3638407,63650816.00
2012-05-22,11.24,11.36,11.05,11.21,5961929,79488200.00
2012-05-23,11.15,11.17,11.00,11.07,4583257,60541164.00
2012-05-24,11.07,11.21,11.00,11.11,4497068,59505608.00
2012-05-25,11.11,11.17,10.90,10.94,4058733,53228752.00
2012-05-28,10.95,11.01,10.73,10.92,6297281,81401488.00
2012-05-29,10.95,11.19,10.89,11.06,8058409,106111664.00
2012-05-30,11.09,11.26,11.07,11.25,7589380,101199024.00
2012-05-31,11.25,11.41,11.19,11.29,7627658,102869376.00
2012-06-01,11.32,11.41,11.14,11.20,5391382,72535928.00
2012-06-04,10.94,11.27,10.88,10.91,6155835,80779032.00
2012-06-05,10.97,11.05,10.87,10.88,4116408,53639160.00
2012-06-06,10.92,11.02,10.81,10.89,3474533,45135324.00
2012-06-07,11.00,11.02,10.60,10.71,5362741,68864352.00
2012-06-08,10.78,10.91,10.59,10.67,5574366,71117856.00
2012-06-11,10.98,11.46,10.90,11.32,26357173,352948928.00
2012-06-12,11.23,11.50,11.17,11.40,16300836,221630064.00
2012-06-13,11.40,11.48,11.26,11.44,12409024,168461536.00
2012-06-14,11.44,11.65,11.27,11.41,13423157,183976672.00
2012-06-15,11.43,11.51,11.16,11.27,11315097,152452224.00
2012-06-18,11.35,11.42,11.07,11.11,11271295,150101120.00
2012-06-19,11.10,11.10,10.77,10.83,9806979,126991912.00
2012-06-20,10.88,10.91,10.73,10.88,6640012,85225136.00
2012-06-21,10.84,10.88,10.67,10.71,4140730,52797788.00
2012-06-25,10.72,10.81,10.54,10.56,5134704,65269460.00
2012-06-26,10.54,10.54,10.27,10.45,4922983,60609752.00
2012-06-27,10.45,10.57,10.36,10.42,3998406,49588828.00
2012-06-28,10.46,10.55,10.37,10.50,4495989,55791080.00
2012-06-29,10.54,10.68,10.51,10.61,6627041,83329992.00
2012-07-02,10.62,10.64,10.40,10.44,5819353,72299696.00
2012-07-03,10.48,10.51,10.34,10.37,3877953,47901232.00
2012-07-04,10.38,10.52,10.30,10.51,5833477,72066944.00
2012-07-05,10.50,10.50,10.09,10.14,5628684,68128360.00
2012-07-06,10.24,10.24,9.98,10.17,4432093,52943532.00
2012-07-09,10.14,10.21,9.89,9.91,4383771,52120712.00
2012-07-10,9.79,9.90,9.71,9.76,2978030,34372952.00
2012-07-11,9.76,9.87,9.72,9.80,2428917,28035924.00
2012-07-12,9.81,10.00,9.70,9.94,6607263,76946208.00
2012-07-13,9.97,10.00,9.89,9.92,3018042,35357308.00
2012-07-16,9.94,9.97,9.52,9.56,5402407,61395128.00
2012-07-17,9.57,9.61,9.43,9.54,3560238,39812312.00
2012-07-18,9.56,9.68,9.49,9.65,3317911,37415216.00
2012-07-19,9.64,9.76,9.54,9.70,5521707,62840148.00
2012-07-20,9.65,9.69,9.47,9.54,4021158,45245640.00
2012-07-23,9.44,9.46,9.32,9.37,3737480,41111748.00
2012-07-24,9.32,9.41,9.17,9.35,5463753,59474188.00
2012-07-25,9.24,9.34,9.22,9.27,2611802,28332288.00
2012-07-26,9.31,9.45,9.25,9.28,3629192,39784964.00
2012-07-27,9.31,9.44,9.26,9.37,3312963,36298688.00
2012-07-30,9.44,9.48,9.27,9.28,3048219,33543366.00
2012-07-31,9.23,9.38,9.16,9.29,3225532,35014696.00
2012-08-01,9.24,9.50,9.24,9.42,3415302,37694592.00
2012-08-02,9.44,9.46,9.28,9.32,2277561,24910996.00
2012-08-03,9.34,9.44,9.26,9.43,2854847,31320560.00
2012-08-06,9.43,9.71,9.38,9.64,6664262,74767456.00
2012-08-07,9.65,9.94,9.65,9.84,7838945,90176208.00
2012-08-08,9.91,9.97,9.70,9.75,6981131,80669184.00
2012-08-09,9.70,9.84,9.64,9.77,5242284,60073296.00
2012-08-10,9.76,9.86,9.71,9.81,5175612,59705416.00
2012-08-13,9.77,9.77,9.54,9.55,4559954,51826356.00
2012-08-14,9.54,9.54,8.85,9.01,16216823,171192688.00
2012-08-15,8.97,9.07,8.90,8.94,5528685,57929108.00
2012-08-16,8.92,8.97,8.91,8.94,3195247,33305678.00
2012-08-17,8.93,8.96,8.71,8.80,4281416,44043868.00
2012-08-20,8.74,8.84,8.65,8.79,2681469,27230688.00
2012-08-21,8.79,9.07,8.77,8.94,5231134,54560128.00
2012-08-22,8.94,8.95,8.79,8.82,3660042,37715168.00
2012-08-23,8.82,8.87,8.74,8.80,4378255,44718040.00
2012-08-24,8.77,8.91,8.73,8.74,5047174,51893720.00
2012-08-27,8.71,8.71,8.44,8.49,5733396,56623360.00
2012-08-28,8.43,8.62,8.43,8.57,4015385,39745316.00
2012-08-29,8.53,8.59,8.43,8.49,3457785,34114192.00
2012-08-30,8.53,8.54,8.31,8.44,4147122,40503156.00
2012-08-31,8.41,8.46,8.37,8.40,2276798,22215240.00
2012-09-03,8.42,8.57,8.38,8.50,3500962,34471068.00
2012-09-04,8.53,8.68,8.48,8.57,5820774,58181384.00
2012-09-05,8.51,8.80,8.51,8.75,7261170,73564512.00
2012-09-06,8.76,8.77,8.62,8.77,4183313,42327992.00
2012-09-07,8.83,9.11,8.79,9.02,11873474,124298280.00
2012-09-10,9.01,9.51,9.01,9.39,16695531,182105264.00
2012-09-11,9.61,9.67,9.40,9.54,16704990,186911136.00
2012-09-12,9.54,10.06,9.41,9.87,21514354,246816864.00
2012-09-13,9.77,10.76,9.71,10.38,38501958,467432576.00
2012-09-14,10.27,10.57,10.04,10.10,25329893,305896256.00
2012-09-17,10.07,10.21,9.64,9.76,15968520,186853536.00
2012-09-18,9.80,9.80,9.49,9.54,9673499,109131192.00
2012-09-19,9.72,9.91,9.58,9.67,11887402,136267840.00
2012-09-20,9.67,9.84,9.24,9.29,12473451,140486080.00
2012-09-21,9.24,9.27,8.71,8.77,12631777,130948552.00
2012-09-24,9.01,9.29,8.96,9.00,11607811,123136840.00
2012-09-25,8.94,9.23,8.79,9.04,8902100,94021960.00
2012-09-26,8.98,9.21,8.74,8.82,7107197,74636160.00
2012-09-27,8.81,9.05,8.69,8.97,7330684,76042000.00
2012-09-28,8.94,9.16,8.86,9.14,7813739,82893488.00
2012-10-08,9.21,9.46,9.20,9.37,9828294,107267352.00
2012-10-09,9.38,9.56,9.27,9.53,10665378,118186952.00
2012-10-10,9.51,9.60,9.44,9.54,7404753,82895352.00
2012-10-11,9.51,9.51,9.19,9.22,10907688,118822608.00
2012-10-12,9.26,9.35,9.08,9.20,5121597,55139936.00
2012-10-15,9.24,9.33,9.10,9.17,4467687,48129092.00
2012-10-16,9.17,9.52,9.17,9.44,12589505,139090448.00
2012-10-17,9.47,9.52,9.26,9.38,7170463,78735072.00
2012-10-18,9.39,9.47,9.38,9.44,8176901,90484224.00
2012-10-19,9.46,9.61,9.44,9.50,8658060,97076936.00
2012-10-22,9.44,9.50,9.31,9.49,5252820,57910368.00
2012-10-23,9.49,9.56,9.28,9.31,6087703,67255528.00
2012-10-24,9.27,9.37,9.23,9.32,4772859,51993992.00
2012-10-25,9.34,9.65,9.27,9.54,14235682,158977760.00
2012-10-26,9.53,9.53,9.17,9.21,8521599,92972808.00
2012-10-29,9.21,9.21,8.88,8.94,6289422,65932360.00
2012-10-30,8.98,9.04,8.88,8.89,4103350,42779268.00
2012-10-31,8.93,9.00,8.71,8.74,7216643,73936528.00
2012-11-01,8.76,8.98,8.76,8.97,5789014,59987432.00
2012-11-02,9.00,9.09,8.92,9.01,5097463,53670696.00
2012-11-05,9.04,9.28,8.95,9.26,9348427,99761136.00
2012-11-06,9.18,9.24,9.01,9.16,5717121,61066484.00
2012-11-07,9.14,9.27,9.11,9.18,4431231,47676176.00
2012-11-08,9.12,9.12,8.75,8.78,5921545,61655592.00
2012-11-09,8.77,8.91,8.75,8.87,3167239,32629120.00
2012-11-12,8.92,9.12,8.84,9.04,4613804,48619692.00
2012-11-13,9.04,9.04,8.77,8.81,3655256,37737524.00
2012-11-14,8.81,8.88,8.73,8.83,2674152,27407288.00
2012-11-15,8.80,8.81,8.62,8.64,2992169,30368712.00
2012-11-16,8.65,8.66,8.48,8.55,3313780,32823290.00
2012-11-19,8.55,8.63,8.46,8.61,3750536,37202652.00
2012-11-20,8.73,8.73,8.53,8.54,2256865,22524170.00
2012-11-21,8.58,8.67,8.44,8.66,3215446,31962870.00
2012-11-22,8.63,8.67,8.55,8.58,1778860,17750012.00
2012-11-23,8.61,8.67,8.56,8.59,1951257,19520148.00
2012-11-26,8.62,8.67,8.52,8.54,2339488,23373848.00
2012-11-27,8.46,8.50,8.27,8.27,3483117,33752568.00
2012-11-28,8.27,8.27,7.96,8.01,3867703,35826172.00
2012-11-29,8.01,8.07,7.87,7.91,2603333,23905164.00
2012-11-30,7.92,8.61,7.92,8.58,13741467,132851704.00
2012-12-03,8.56,8.58,8.26,8.28,6518892,63372904.00
2012-12-04,8.27,9.00,8.27,8.60,12802548,128375464.00
2012-12-05,8.59,8.88,8.51,8.81,10046714,102176256.00
2012-12-06,8.77,8.95,8.71,8.76,5921165,60860688.00
2012-12-07,8.73,8.86,8.64,8.84,7703604,78822160.00
2012-12-10,8.88,8.96,8.81,8.93,8065132,83584144.00
2012-12-11,8.87,9.11,8.73,8.97,15511623,162041536.00
2012-12-12,8.91,8.94,8.81,8.87,5540096,57150560.00
2012-12-13,8.84,8.84,8.70,8.73,4615303,46950152.00
2012-12-14,8.80,9.06,8.75,9.03,12632309,131712392.00
2012-12-17,9.07,9.20,8.99,9.12,14159620,150493248.00
2012-12-18,9.09,9.17,8.96,9.09,9269632,98316392.00
2012-12-19,9.09,9.50,9.07,9.37,16629229,181075520.00
2012-12-20,9.34,9.61,9.28,9.54,15441063,171472400.00
2012-12-21,9.54,9.68,9.37,9.60,13122941,146773328.00
2012-12-24,9.57,9.63,9.47,9.50,7090219,79520400.00
2012-12-25,9.50,9.68,9.40,9.64,9694410,109306144.00
2012-12-26,9.64,10.04,9.54,9.98,11531248,132349392.00
2012-12-27,10.07,10.37,9.77,9.80,26006167,310277984.00
2012-12-28,9.77,10.41,9.77,10.27,26078334,315552864.00
2012-12-31,10.38,10.61,10.27,10.33,20259347,250059296.00
2013-01-04,10.35,10.44,10.07,10.13,14049556,169354016.00
2013-01-07,10.07,10.71,9.91,10.49,25727681,316838912.00
2013-01-08,10.52,11.34,10.43,11.18,37177179,490761056.00
2013-01-09,11.21,11.67,10.92,11.03,43840092,592045312.00
2013-01-10,10.89,11.27,10.75,11.09,25756644,338632448.00
2013-01-11,11.15,12.07,10.95,11.78,58062354,805505088.00
2013-01-14,11.72,12.87,11.52,12.87,51987463,773399616.00
2013-01-15,13.46,14.02,12.92,13.19,75767985,1231549184.00
2013-01-16,13.04,14.42,12.91,14.42,70415788,1173658368.00
2013-01-17,14.42,14.42,13.07,13.07,60217832,988549312.00
2013-01-18,12.77,13.44,12.77,12.94,40410764,640225920.00
2013-01-21,12.96,13.07,12.31,12.68,49890960,757000960.00
2013-01-22,12.58,12.77,12.14,12.21,30788876,460888512.00
2013-01-23,12.21,12.94,12.21,12.69,38838427,591539712.00
2013-01-24,12.74,13.34,12.52,12.88,47292066,740184704.00
2013-01-25,12.88,12.89,12.31,12.39,21917150,329582080.00
2013-01-28,12.54,13.07,12.54,12.74,27446973,424114880.00
2013-01-29,12.69,13.01,12.38,12.81,24995910,384160416.00
2013-01-30,12.82,13.47,12.68,13.30,41373815,660678336.00
2013-01-31,13.25,13.25,12.75,12.88,25701916,401319392.00
2013-02-01,12.77,13.06,12.60,12.84,15408567,238663424.00
2013-02-04,12.86,13.17,12.75,12.87,19946736,311945952.00
2013-02-05,12.84,13.00,12.38,12.71,20504170,313593792.00
2013-02-06,12.74,12.91,12.61,12.73,12194586,187489248.00
2013-02-07,12.74,13.02,12.46,12.90,18706210,288690592.00
2013-02-08,12.82,13.07,12.74,12.87,14404365,224909856.00
2013-02-18,12.98,13.39,12.83,13.24,26450835,419458656.00
2013-02-19,13.17,13.49,13.01,13.13,21452779,344491968.00
2013-02-20,13.11,13.53,13.09,13.36,19944421,321649120.00
2013-02-21,13.35,13.35,12.61,12.79,22633527,353669600.00
2013-02-22,12.77,13.21,12.65,12.88,16330390,255911600.00
2013-02-25,12.87,13.05,12.79,12.98,11388343,177658336.00
2013-02-26,12.90,13.31,12.79,13.04,22992769,362123072.00
2013-02-27,13.04,13.57,12.86,13.51,36655978,591564672.00
2013-02-28,13.54,13.96,13.37,13.83,35236233,586934464.00
2013-03-01,13.84,14.40,13.84,14.17,36705701,632860864.00
2013-03-04,14.17,14.67,13.69,14.24,42891341,740792832.00
2013-03-05,14.18,14.31,13.94,14.21,22569109,387944096.00
2013-03-06,14.30,14.37,13.86,13.94,25173813,429001600.00
2013-03-07,13.84,14.02,13.31,13.37,24123282,396351040.00
2013-03-08,13.44,13.69,13.37,13.39,13114595,214940432.00
2013-03-11,13.39,13.67,13.33,13.40,13085478,213234528.00
2013-03-12,13.42,13.46,12.60,12.86,18142624,284019840.00
2013-03-13,12.77,12.87,12.40,12.54,13353461,201818112.00
2013-03-14,12.51,12.74,12.48,12.68,8964819,136495632.00
2013-03-15,12.71,13.15,12.53,12.93,15419338,239307760.00
2013-03-18,12.79,12.95,12.57,12.58,8647038,132821264.00
2013-03-19,12.61,12.81,12.44,12.71,6900019,105173728.00
2013-03-20,12.75,13.12,12.72,13.10,13224154,207696736.00
2013-03-21,13.12,13.53,13.10,13.34,13484220,217732832.00
2013-03-22,13.35,13.44,13.13,13.24,9262794,148678064.00
2013-03-25,13.31,13.46,13.21,13.30,8091052,130538392.00
2013-03-26,13.21,13.23,12.76,13.07,10681565,167384272.00
2013-03-27,12.98,13.44,12.98,13.34,15549809,249856784.00
2013-03-28,13.23,13.26,12.84,12.87,12326793,193515136.00
2013-03-29,12.92,13.00,12.71,12.74,7324991,113381392.00
2013-04-01,12.89,13.41,12.89,13.26,18188682,291532064.00
2013-04-02,13.31,13.43,12.96,13.07,13413907,214579616.00
2013-04-03,13.04,13.87,12.95,13.55,24168605,393001280.00
2013-04-08,13.51,14.22,13.20,14.05,33101728,554652928.00
2013-04-09,14.04,14.04,13.79,13.90,17617264,295141152.00
2013-04-10,13.94,14.18,13.54,13.85,27117295,455689632.00
2013-04-11,13.75,13.84,13.41,13.50,17711904,290555616.00
2013-04-12,13.44,13.56,13.23,13.28,11124651,178938208.00
2013-04-15,13.25,13.27,12.79,12.81,13565533,209742464.00
2013-04-16,12.67,13.03,12.57,12.94,8401166,129565336.00
2013-04-17,12.96,13.11,12.74,12.97,9778641,151819920.00
2013-04-18,12.84,13.07,12.81,12.90,6718987,104203728.00
2013-04-19,12.95,13.25,12.92,13.14,11681183,184178560.00
2013-04-22,13.10,13.38,13.04,13.36,13847777,219885392.00
2013-04-23,13.40,13.40,12.92,12.97,12301445,193436832.00
2013-04-24,13.00,13.17,12.83,13.08,9892723,154385424.00
2013-04-25,13.06,13.22,12.87,12.89,11937232,187372432.00
2013-04-26,13.01,13.07,12.66,12.67,12126695,186455584.00
2013-05-02,12.69,12.91,12.04,12.06,16937002,252032672.00
2013-05-03,12.15,12.40,12.15,12.34,11562423,170042112.00
2013-05-06,12.38,12.65,12.38,12.64,10560368,158394752.00
2013-05-07,12.68,12.69,12.43,12.51,7673731,114872872.00
2013-05-08,12.53,12.67,12.46,12.61,8245203,124272312.00
2013-05-09,12.54,12.89,12.46,12.81,14241335,216468480.00
2013-05-10,12.73,12.87,12.62,12.73,8399272,128109224.00
2013-05-13,12.85,13.51,12.75,13.35,27273339,434585728.00
2013-05-14,13.40,13.46,13.00,13.04,15173701,239323008.00
2013-05-15,13.07,13.50,13.07,13.24,15077767,241380144.00
2013-05-16,13.24,13.52,13.07,13.50,20725099,333732544.00
2013-05-17,13.49,13.95,13.42,13.76,31910219,531051872.00
2013-05-20,13.84,14.12,13.81,14.03,28047063,473580160.00
2013-05-21,14.09,15.33,14.08,15.31,60748144,1093002496.00
2013-05-22,15.38,15.45,14.57,14.64,40898546,742336448.00
2013-05-23,14.70,16.01,14.70,15.65,67019047,1272629248.00
2013-05-24,15.69,15.95,15.35,15.89,38940156,743311488.00
2013-05-27,15.81,16.02,15.54,15.75,26621679,508875616.00
2013-05-28,15.75,15.81,15.00,15.41,35685346,662930240.00
2013-05-29,15.36,15.73,15.34,15.38,24138570,456618688.00
2013-05-30,15.42,15.75,15.33,15.47,19585694,370003392.00
2013-05-31,15.58,15.61,14.91,14.92,25135651,461065824.00
2013-06-03,14.92,15.92,14.84,15.87,38834919,733921600.00
2013-06-04,15.97,16.46,15.44,15.95,50390875,986026944.00
2013-06-05,15.84,16.01,15.23,15.47,22460209,424232544.00
2013-06-06,15.37,15.85,15.23,15.32,18382059,347095456.00
2013-06-07,15.34,15.43,14.21,14.42,29516919,525031552.00
2013-06-13,14.57,14.71,13.32,14.14,21231489,362054368.00
2013-06-14,14.14,14.44,13.50,14.04,27055765,456280480.00
2013-06-17,14.00,14.17,13.74,13.92,17624024,297395136.00
2013-06-18,14.06,14.52,13.97,14.11,20721483,355930400.00
2013-06-19,13.93,14.02,13.44,13.66,23287472,382933696.00
2013-06-20,13.69,13.83,13.12,13.16,17596256,286623552.00
2013-06-21,12.92,12.95,12.33,12.70,17453409,265493296.00
2013-06-24,12.71,12.84,11.67,11.79,20099862,293710656.00
2013-06-25,11.69,12.77,10.75,12.47,30096279,419104832.00
2013-06-26,12.53,12.64,11.98,12.51,21972375,325918496.00
2013-06-27,12.45,12.72,12.09,12.11,20324463,302258944.00
2013-06-28,11.99,12.32,11.75,11.91,14328050,204431856.00
2013-07-01,11.96,12.24,11.81,12.21,11553417,166147472.00
2013-07-02,12.23,12.92,12.11,12.77,24906733,373611328.00
2013-07-03,12.57,12.72,12.38,12.64,18159427,272386112.00
2013-07-04,12.54,13.26,12.38,12.94,25694996,400826560.00
2013-07-05,13.09,13.19,12.77,12.80,13520369,209680720.00
2013-07-08,12.54,12.55,11.88,11.97,16765670,244398896.00
2013-07-09,11.88,12.27,11.78,12.21,10827607,155358624.00
2013-07-10,12.14,12.44,12.04,12.42,11663822,170854240.00
2013-07-11,12.45,13.00,12.37,12.72,19506104,297199840.00
2013-07-12,12.71,12.96,12.44,12.45,15488082,235574432.00
2013-07-15,12.44,12.91,12.38,12.80,15383793,234701232.00
2013-07-16,12.83,13.35,12.77,13.27,28308658,445730368.00
2013-07-17,13.35,13.65,13.07,13.17,26237644,422019264.00
2013-07-18,13.00,13.38,12.74,13.21,18735752,293650752.00
2013-07-19,13.08,13.25,12.54,12.57,17768781,274675520.00
2013-07-22,12.44,12.88,12.23,12.71,13303598,200450528.00
2013-07-23,12.77,13.04,12.67,12.95,14468887,223851296.00
2013-07-24,12.86,13.27,12.81,13.20,19894009,312809408.00
2013-07-25,13.19,13.46,12.87,12.88,17986057,285189984.00
2013-07-26,12.80,12.91,12.44,12.61,15178015,229200032.00
2013-07-29,12.45,12.51,12.31,12.33,10373016,153645920.00
2013-07-30,12.46,12.52,12.15,12.37,7421449,109665784.00
2013-07-31,12.42,12.67,12.34,12.50,9230810,137772192.00
2013-08-01,12.73,12.84,12.64,12.75,17370300,265160592.00
2013-08-02,12.84,13.12,12.75,12.94,19706107,306006240.00
2013-08-05,13.01,13.06,12.70,12.81,23438253,360649792.00
2013-08-14,13.18,13.42,12.93,13.07,21846456,293877696.00
2013-08-15,13.10,13.22,12.90,12.99,9844574,131140976.00
2013-08-16,12.95,13.79,12.80,12.87,11791197,156996608.00
2013-08-19,12.86,13.04,12.75,12.98,6889210,90986464.00
2013-08-20,12.94,13.12,12.91,13.00,6566981,87162584.00
2013-08-21,12.83,12.90,12.67,12.83,11649186,151708304.00
2013-08-22,12.83,12.92,12.65,12.66,11215849,146150128.00
2013-08-23,12.67,12.82,12.48,12.75,13116693,169400832.00
2013-08-26,12.76,12.86,12.64,12.86,11309234,147775008.00
2013-08-27,12.90,13.20,12.86,13.19,19036104,253694096.00
2013-08-28,13.21,14.49,13.21,14.21,63788528,909485120.00
2013-08-29,14.14,14.14,13.54,13.67,34198440,480044192.00
2013-08-30,13.63,13.63,13.15,13.54,24480946,333919552.00
2013-09-02,13.55,14.13,13.55,13.84,24067695,340591360.00
2013-09-03,13.83,13.95,13.43,13.89,21039452,294618432.00
2013-09-04,14.00,14.60,14.00,14.34,45439249,665115840.00
2013-09-05,14.64,14.94,14.26,14.27,42071934,625741888.00
2013-09-06,14.09,14.78,13.99,14.75,39128834,577984064.00
2013-09-09,14.82,15.28,14.49,14.98,46738371,707214336.00
2013-09-10,14.92,15.04,14.66,14.98,28311411,426441248.00
2013-09-11,15.04,15.18,14.14,14.23,42572906,629575360.00
2013-09-12,14.36,14.46,14.10,14.22,17978831,261176720.00
2013-09-13,14.29,14.29,13.94,14.13,14504768,208165584.00
2013-09-16,14.19,14.31,14.05,14.13,11748371,169657488.00
2013-09-17,14.13,14.24,13.89,14.03,13803685,197257808.00
2013-09-18,13.99,14.19,13.96,14.16,10578191,151826480.00
2013-09-23,14.17,14.42,14.17,14.42,15578755,226783360.00
2013-09-24,14.47,14.54,14.22,14.24,15279918,223445344.00
2013-09-25,14.36,15.02,14.36,14.58,33881130,507639680.00
2013-09-26,14.54,15.11,14.45,14.64,31974828,482169056.00
2013-09-27,14.58,14.80,14.13,14.21,17520352,256361008.00
2013-09-30,14.18,14.33,13.89,14.01,16010921,228449008.00
2013-10-08,13.94,14.47,13.79,14.45,15379688,222664960.00
2013-10-09,14.49,15.02,14.36,14.83,26831623,403494688.00
2013-10-10,15.24,15.62,14.94,15.03,52261713,810177024.00
2013-10-11,15.05,15.47,14.86,15.32,36872778,571856000.00
2013-10-14,15.36,15.43,15.05,15.23,21208472,328219264.00
2013-10-15,15.23,15.59,14.93,15.01,24524135,379853664.00
2013-10-16,14.87,14.92,14.30,14.47,19313756,286348480.00
2013-10-17,14.51,14.93,14.51,14.92,19345544,290281248.00
2013-10-18,15.14,15.44,14.99,15.13,26303259,406889728.00
2013-10-21,14.99,15.39,14.82,15.28,20149307,310478112.00
2013-10-22,15.29,15.29,14.92,14.97,18096989,277051072.00
2013-10-23,14.90,15.13,14.41,14.53,15735930,234910720.00
2013-10-24,14.48,14.65,14.39,14.45,8540654,126356384.00
2013-10-25,14.57,14.59,14.09,14.16,12706123,184380064.00
2013-10-28,14.24,14.69,14.21,14.50,12578371,185272736.00
2013-10-29,14.62,14.68,13.77,14.16,13947242,201575408.00
2013-10-30,14.23,14.80,14.09,14.73,17222591,254547856.00
2013-10-31,14.59,15.05,14.44,14.89,19540098,293860256.00
2013-11-01,14.92,14.99,14.64,14.74,12661806,190383760.00
2013-11-04,14.85,15.03,14.70,14.73,11237340,170342336.00
2013-11-05,14.64,14.69,14.28,14.65,11495576,169408960.00
2013-11-06,14.60,15.20,14.49,14.93,27263120,415841856.00
2013-11-07,14.85,14.93,14.51,14.54,14906598,223118176.00
2013-11-08,14.43,14.69,14.33,14.49,8974295,132339408.00
2013-11-11,14.45,14.61,14.37,14.46,6290894,92774768.00
2013-11-12,14.51,14.66,14.44,14.51,6646703,98344080.00
2013-11-13,15.24,15.51,14.59,14.60,25690470,391670624.00
2013-11-14,14.62,16.09,14.54,16.09,63925368,1014211968.00
2013-11-15,16.74,17.73,16.56,17.40,122280663,2119860224.00
2013-11-18,17.54,18.73,17.17,17.96,111498578,2028549504.00
2013-11-19,17.74,18.01,17.43,17.66,57989026,1041708160.00
2013-11-20,17.64,19.05,17.64,18.58,86614661,1613665792.00
2013-11-21,18.04,18.52,17.65,17.80,55136502,1008261760.00
2013-11-22,17.82,18.92,17.76,18.02,52709815,981419968.00
2013-11-25,18.64,19.29,18.20,18.48,57216963,1089055232.00
2013-11-26,18.24,19.22,17.94,18.78,52877419,1001186240.00
2013-11-27,18.77,20.68,18.47,20.68,85934416,1706416896.00
2013-11-28,20.52,20.58,19.93,20.04,64424040,1314834304.00
2013-11-29,20.11,21.48,19.98,20.49,70236785,1477455104.00
2013-12-02,19.74,20.23,18.42,18.42,75256210,1453791744.00
2013-12-03,18.45,19.42,18.45,19.12,43170190,828524224.00
2013-12-04,19.19,19.54,18.76,19.49,40881764,795683136.00
2013-12-05,19.34,19.99,18.94,19.00,33094105,649519808.00
2013-12-06,18.64,18.64,18.06,18.44,30533956,568530624.00
2013-12-09,18.55,18.74,18.36,18.58,17496205,329392768.00
2013-12-10,18.24,18.31,17.40,17.96,36928444,668508992.00
2013-12-11,17.88,18.14,17.67,17.92,15282333,278079392.00
2013-12-12,17.84,18.17,17.74,17.87,15888321,289651776.00
2013-12-13,17.67,18.05,17.57,18.01,13529344,246095584.00
2013-12-16,18.24,18.24,17.15,17.29,22611258,403867712.00
2013-12-17,17.27,18.22,17.19,17.84,25193245,454327328.00
2013-12-18,17.89,18.03,17.34,17.47,15090513,271661376.00
2013-12-19,17.47,17.83,17.25,17.30,11234491,199874736.00
2013-12-20,17.34,17.44,16.79,16.95,12739597,220770816.00
2013-12-23,16.99,17.69,16.78,17.51,17560731,309498688.00
2013-12-24,17.54,18.27,17.54,17.94,25359278,462826400.00
2013-12-25,17.95,18.30,17.95,18.12,16648173,306098624.00
2013-12-26,18.25,18.30,17.64,17.73,13641693,247484400.00
2013-12-27,17.76,18.59,17.76,18.57,25926435,480474560.00
2013-12-30,18.72,18.89,18.44,18.64,16840947,318608928.00
2013-12-31,18.50,18.59,18.12,18.27,12148747,226093440.00
2014-01-02,18.30,18.69,18.22,18.53,10983945,205530048.00
2014-01-03,18.29,18.42,17.66,17.87,18791191,342371680.00
2014-01-06,17.64,17.68,16.99,17.13,14280511,249776736.00
2014-01-07,17.13,17.63,16.92,17.41,9547901,168364944.00
2014-01-08,17.45,17.99,17.26,17.95,17432315,314429024.00
2014-01-09,17.81,17.99,17.38,17.54,11508012,206333472.00
2014-01-10,17.34,17.90,17.19,17.33,9813196,174572464.00
2014-01-13,17.27,17.53,17.06,17.43,6743988,118400536.00
2014-01-14,17.44,17.64,17.15,17.59,7988225,141482304.00
2014-01-15,17.45,18.42,17.40,18.19,20325253,372781568.00
2014-01-16,18.16,18.57,18.09,18.22,16232047,301801216.00
2014-01-17,18.14,18.14,17.74,17.89,8786996,159806928.00
2014-01-20,17.94,18.33,17.75,18.08,9702119,178012880.00
2014-01-21,18.08,18.37,18.05,18.32,8508132,157553136.00
2014-01-22,18.29,18.72,18.24,18.66,14807619,278850464.00
2014-01-23,18.65,18.95,18.36,18.59,17169995,324461088.00
2014-01-24,18.55,18.89,18.47,18.75,15055380,285950688.00
2014-01-27,18.59,18.90,18.23,18.24,14204389,268351600.00
2014-01-28,18.21,18.44,17.87,18.02,9471534,173716576.00
2014-01-29,18.04,18.54,18.04,18.46,10702071,199700096.00
2014-01-30,18.40,19.04,18.21,18.81,19567163,371981088.00
2014-02-07,18.72,20.61,18.64,20.31,40086315,802718400.00
2014-02-10,20.24,21.09,20.24,20.74,35959819,752947968.00
2014-02-11,20.77,20.99,19.94,20.43,24568433,508703040.00
2014-02-12,20.43,20.67,20.17,20.37,17099862,353053216.00
2014-02-13,20.37,20.37,19.39,19.42,23524860,470555776.00
2014-02-14,19.37,19.74,19.18,19.58,14383325,284256032.00
2014-02-17,19.89,20.93,19.89,20.37,27213969,563709056.00
2014-02-18,20.39,20.69,19.97,20.40,16934861,348368192.00
2014-02-19,20.32,20.58,19.69,19.92,17785853,360965152.00
2014-02-20,19.90,19.99,19.19,19.33,17108971,337603232.00
2014-02-21,19.27,19.56,18.79,19.14,14340614,279493472.00
2014-02-24,18.94,19.31,18.82,19.29,10005306,194086304.00
2014-02-25,19.29,19.37,17.43,17.90,26958219,503685568.00
2014-02-26,17.87,18.13,17.32,18.00,12608561,227308128.00
2014-02-27,18.10,18.78,17.94,18.01,20394619,378571520.00
2014-02-28,18.09,18.33,17.62,18.16,10872808,198428624.00
2014-03-03,18.44,18.94,18.44,18.71,17403278,329846880.00
2014-03-04,18.72,19.24,18.65,18.91,19463604,373839392.00
2014-03-05,19.01,19.11,18.43,18.57,12972321,245873712.00
2014-03-06,18.54,18.68,18.19,18.43,8650465,161397632.00
2014-03-07,18.46,18.61,18.19,18.21,8480438,158164256.00
2014-03-10,18.09,18.09,17.34,17.43,10860734,193983536.00
2014-03-11,17.45,17.71,17.24,17.48,8374366,148366416.00
2014-03-12,17.70,17.74,17.12,17.33,8797315,155618128.00
2014-03-13,17.39,17.98,17.32,17.91,13740395,247078592.00
2014-03-14,17.82,17.82,17.34,17.51,9530511,169360224.00
2014-03-17,17.61,17.99,17.41,17.90,11408171,205802800.00
2014-03-18,17.94,18.27,17.75,17.96,13641952,249534192.00
2014-03-19,17.84,17.87,17.43,17.74,8469701,151772624.00
2014-03-20,17.64,17.75,16.75,16.75,14315815,251261712.00
2014-03-21,16.75,17.18,16.65,17.07,10027600,172605008.00
2014-03-24,17.24,17.42,17.02,17.04,8851123,154171536.00
2014-03-25,17.09,17.30,16.94,17.14,6728435,116798808.00
2014-03-26,17.20,17.26,16.89,16.96,7611562,131559496.00
2014-03-27,16.94,17.03,16.60,16.62,9174507,156256112.00
2014-03-28,16.59,16.64,15.90,15.94,15477985,254035440.00
2014-03-31,16.01,16.31,15.84,16.16,8328082,135918352.00
2014-04-01,16.24,16.30,15.94,16.22,8606475,141293104.00
2014-04-02,16.24,16.31,15.96,16.05,6602925,107676880.00
2014-04-03,16.10,16.39,15.99,16.19,11055180,182015232.00
2014-04-04,16.20,16.51,16.12,16.50,9868777,164238016.00
2014-04-08,16.50,17.29,16.42,17.15,20057303,345610144.00
2014-04-09,17.16,17.24,16.82,16.99,17246839,297417376.00
2014-04-10,17.00,17.17,16.87,17.06,10541964,182265664.00
2014-04-11,16.99,16.99,16.82,16.93,7194057,123451808.00
2014-04-14,16.95,17.18,16.91,17.07,7375652,127778304.00
2014-04-15,17.54,17.73,17.06,17.09,14207139,249758912.00
2014-04-16,17.10,17.21,16.86,17.13,7227795,125005472.00
2014-04-17,17.15,17.18,16.94,16.98,4552797,78643560.00
2014-04-18,16.91,17.04,16.77,16.98,6519058,111650936.00
2014-04-21,16.76,16.98,16.32,16.34,8678141,146830080.00
2014-04-22,16.34,16.52,16.02,16.24,8819573,145101152.00
2014-04-23,16.24,16.89,16.15,16.86,11677083,196039520.00
2014-04-24,16.93,17.04,16.58,16.60,10073212,172053296.00
2014-04-25,16.64,16.69,16.27,16.29,5195321,86659008.00
2014-04-28,16.24,16.28,15.52,15.67,8023580,129055392.00
2014-04-29,15.67,15.97,15.64,15.90,4619794,74270664.00
2014-04-30,15.89,16.04,15.83,15.91,4291968,69453536.00
2014-05-05,15.91,16.15,15.87,16.12,4113942,67051176.00
2014-05-06,16.12,16.47,16.12,16.26,6654202,110369496.00
2014-05-07,16.15,16.26,16.00,16.04,4105939,67347800.00
2014-05-08,15.96,16.32,15.90,16.10,3852298,63181952.00
2014-05-09,16.21,16.22,15.84,16.03,4770793,77479704.00
2014-05-12,16.18,16.46,16.11,16.45,10680591,176961456.00
2014-05-13,16.45,16.52,16.30,16.51,8208488,136992368.00
2014-05-14,16.47,16.54,16.31,16.34,5149441,85739776.00
2014-05-15,16.43,16.79,16.16,16.21,12114910,203240128.00
2014-05-16,16.06,16.37,15.97,16.29,6865577,112842160.00
2014-05-19,16.69,16.73,16.15,16.25,8340154,138721104.00
2014-05-20,16.32,16.66,16.02,16.65,15610343,259950944.00
2014-05-21,16.65,16.79,16.46,16.66,11555902,195382864.00
2014-05-22,16.73,17.09,16.64,16.66,15732823,269643872.00
2014-05-23,16.61,16.76,16.48,16.62,9025151,152003264.00
2014-05-26,16.75,16.82,16.47,16.68,12887725,217675856.00
2014-05-27,16.64,16.70,16.44,16.45,6627153,111403352.00
2014-05-28,16.44,16.70,16.34,16.69,12610728,211528288.00
2014-05-29,16.72,16.81,16.34,16.36,11085237,186248288.00
2014-05-30,16.49,17.50,16.41,17.38,35194242,610259328.00
2014-06-03,17.37,17.54,17.14,17.30,21490913,377652320.00
2014-06-04,17.20,17.24,16.74,17.01,14747236,254064160.00
2014-06-05,16.94,17.20,16.75,17.19,11321151,195992672.00
2014-06-06,17.19,17.20,16.82,16.91,9403408,162142192.00
2014-06-09,16.92,17.12,16.82,16.91,7239970,124742480.00
2014-06-10,16.91,17.19,16.73,17.15,12874323,222169712.00
2014-06-11,17.04,17.28,17.01,17.08,9940263,172739936.00
2014-06-12,17.11,17.36,17.06,17.12,13481981,235545616.00
2014-06-13,17.16,17.32,17.08,17.21,12591854,219862000.00
2014-06-16,17.29,17.60,17.17,17.47,19000323,335944416.00
2014-06-17,17.46,17.46,17.09,17.11,9843726,172178192.00
2014-06-18,17.24,17.51,17.04,17.12,11186120,196323984.00
2014-06-19,17.04,17.16,16.43,16.53,10283680,175740704.00
2014-06-20,16.62,16.66,16.44,16.63,4995766,83642048.00
2014-06-23,16.70,16.84,16.52,16.57,7756374,130863304.00
2014-06-24,16.62,16.99,16.47,16.92,10054991,170602848.00
2014-06-25,16.84,17.09,16.72,16.84,10719689,183447968.00
2014-06-26,16.88,17.05,16.82,16.92,8430399,144123344.00
2014-06-27,17.02,17.23,16.87,17.06,11775641,203032736.00
2014-06-30,17.23,18.59,17.23,18.30,46184108,841459904.00
2014-07-01,18.42,18.46,17.89,17.98,26181986,477542528.00
2014-07-02,18.08,18.80,17.99,18.36,33196577,619363456.00
2014-07-03,18.28,18.36,18.04,18.17,13938243,255572704.00
2014-07-04,18.18,18.21,17.92,17.95,11501302,209064736.00
2014-07-07,18.02,18.90,18.02,18.64,38214666,716507328.00
2014-07-08,18.62,19.52,18.53,18.99,46583302,894466304.00
2014-07-09,18.72,20.40,18.55,19.37,67066863,1328731904.00
2014-07-10,19.17,19.76,18.85,18.97,37204721,720433600.00
2014-07-11,18.92,19.73,18.62,19.45,33772533,653263872.00
2014-07-14,19.52,19.82,19.03,19.21,27804742,543011904.00
2014-07-15,19.21,19.78,18.91,19.21,26646543,520347776.00
2014-07-16,19.20,19.29,18.04,18.14,32408368,603820096.00
2014-07-17,18.10,18.28,17.85,18.17,14119378,257816208.00
2014-07-18,18.52,18.67,18.02,18.17,16062571,297292768.00
2014-07-21,18.17,18.47,17.67,18.41,24863162,454480736.00
2014-07-22,18.28,18.46,18.02,18.25,16832775,310142304.00
2014-07-23,18.22,18.77,18.22,18.41,24302171,454253312.00
2014-07-24,18.69,18.75,17.64,18.15,19967069,364562656.00
2014-07-25,18.18,18.25,17.97,18.17,12194014,223064528.00
2014-07-28,18.37,18.97,18.23,18.91,33620595,634179392.00
2014-07-29,19.43,19.62,18.99,19.18,32251336,626181952.00
2014-07-30,19.07,20.25,18.85,19.68,49267837,975877824.00
2014-07-31,19.46,19.93,19.24,19.54,28206003,556357824.00
2014-08-01,19.42,19.67,18.84,18.90,25290013,491055232.00
2014-08-04,18.90,19.29,18.85,19.14,17649554,340477184.00
2014-08-05,19.46,19.52,19.00,19.29,20435191,397644544.00
2014-08-06,19.16,19.95,19.05,19.71,41851188,829041344.00
2014-08-07,19.90,19.95,19.28,19.32,27114444,535963776.00
2014-08-08,19.42,19.86,19.37,19.60,28167254,558865856.00
2014-08-11,20.20,20.33,19.68,19.95,29732549,598253184.00
2014-08-12,20.35,20.61,19.95,20.23,44950824,918200576.00
2014-08-13,20.06,20.17,19.53,19.75,30431195,606939392.00
2014-08-14,19.66,19.82,19.36,19.43,19344727,382287776.00
2014-08-15,19.61,19.96,19.52,19.77,17981340,358318816.00
2014-08-18,19.83,19.97,19.64,19.85,18304756,365890720.00
2014-08-19,19.85,20.20,19.59,19.93,28114759,563199616.00
2014-08-20,19.89,19.89,19.58,19.60,21185460,421313792.00
2014-08-21,19.60,19.89,19.46,19.67,19439980,385612352.00
2014-08-22,19.63,19.63,19.35,19.42,18382150,361160192.00
2014-08-25,19.48,19.54,19.18,19.23,13753895,268143616.00
2014-08-26,19.22,19.37,18.79,18.88,15673711,301438720.00
2014-08-27,18.96,19.48,18.90,19.33,20592701,401724800.00
2014-08-28,19.34,19.34,18.78,18.88,13059339,250840288.00
2014-08-29,19.08,19.40,18.91,19.38,11425893,221341840.00
2014-09-01,19.84,20.19,19.70,19.76,30842292,618682240.00
2014-09-02,19.84,21.75,19.73,21.75,76515971,1613926016.00
2014-09-03,21.77,23.22,21.60,22.37,115582300,2599771392.00
2014-09-04,22.17,23.49,22.12,22.54,84053221,1927366528.00
2014-09-05,22.37,22.80,21.94,22.59,51381324,1162540032.00
2014-09-09,22.57,23.97,22.47,23.15,64564726,1515264128.00
2014-09-10,23.00,23.58,22.62,22.97,43952332,1023140736.00
2014-09-11,22.98,24.30,22.98,23.44,53691530,1272325120.00
2014-09-12,23.64,24.42,23.45,24.39,61598976,1487833600.00
2014-09-15,24.64,24.99,24.12,24.17,53067124,1306249216.00
2014-09-16,23.96,24.12,22.73,22.87,58747387,1385542400.00
2014-09-17,22.86,23.13,22.33,22.76,38047462,872827136.00
2014-09-18,22.85,23.01,22.53,22.70,23785204,545052224.00
2014-09-19,22.70,23.69,22.60,23.47,35556029,829455552.00
2014-09-22,23.32,23.36,22.66,22.84,21114339,487210400.00
2014-09-23,22.78,23.68,22.77,23.37,32138255,757449280.00
2014-09-24,23.17,24.30,23.15,24.12,44855258,1083777408.00
2014-09-25,24.07,25.17,23.82,24.48,52488311,1297383808.00
2014-09-26,24.51,24.52,23.71,23.95,28400354,687051520.00
2014-09-29,24.17,24.47,23.62,24.16,28935790,700845632.00
2014-09-30,24.15,24.15,23.72,23.81,21093638,506514816.00
2014-10-08,23.85,24.69,23.67,24.10,32856907,801715328.00
2014-10-09,24.00,24.14,23.30,23.52,33075086,788882816.00
2014-10-10,23.32,24.21,23.17,23.93,38899987,931297344.00
2014-10-13,23.82,23.93,23.14,23.73,25189848,598509952.00
2014-10-14,23.57,24.50,23.53,23.83,37270532,903419072.00
2014-10-15,23.65,23.77,23.00,23.33,28138986,659959488.00
2014-10-16,23.17,23.63,22.77,22.83,26478354,618181888.00
2014-10-17,22.71,23.01,22.00,22.42,21760651,492728224.00
2014-10-20,22.41,22.78,22.39,22.64,12188738,277714432.00
2014-10-21,22.62,22.65,22.00,22.04,15724391,352646752.00
2014-10-22,22.05,22.79,22.05,22.30,20820985,472052896.00
2014-10-23,22.32,22.76,22.32,22.58,17759085,403854784.00
2014-10-24,22.71,22.72,22.16,22.22,12613466,284239616.00
2014-10-27,22.04,22.55,21.89,22.40,11818182,265640416.00
2014-10-28,22.47,23.57,22.44,23.44,35497789,829377408.00
2014-10-29,23.77,23.78,23.24,23.49,30474988,722165696.00
2014-10-30,23.32,23.40,22.72,23.11,30637046,711508800.00
2014-10-31,23.10,23.26,22.45,22.85,23371687,537160576.00
2014-11-03,22.84,23.07,22.62,22.87,16248892,373618752.00
2014-11-04,22.88,22.91,22.36,22.63,17018505,386796384.00
2014-11-05,22.79,23.10,22.43,22.64,16397963,377145184.00
2014-11-06,22.62,22.62,22.24,22.48,14736378,332818624.00
2014-11-07,22.52,22.75,22.22,22.32,12657341,286731616.00
2014-11-10,22.34,22.83,22.17,22.81,16040251,363453440.00
2014-11-11,23.22,23.46,22.42,22.56,31142165,720366784.00
2014-11-12,22.32,22.77,22.23,22.63,14769951,335086496.00
2014-11-13,22.53,22.53,21.04,21.07,36714383,796034688.00
2014-11-14,20.92,21.37,20.48,21.03,17881249,377766880.00
2014-11-17,21.09,21.44,20.72,21.04,16055745,342406592.00
2014-11-18,21.06,21.23,20.71,20.90,12511933,264083376.00
2014-11-19,20.89,21.12,20.63,21.01,13408027,282371776.00
2014-11-20,20.92,20.97,20.63,20.66,10619240,222238416.00
2014-11-21,20.72,20.89,20.63,20.85,10279020,215461600.00
2014-11-24,21.02,21.82,20.88,21.54,27483080,592249152.00
2014-11-25,21.56,22.16,21.52,21.74,23833523,525311648.00
2014-11-26,21.72,22.02,21.38,21.76,20966590,458689856.00
2014-11-27,21.76,22.11,21.57,21.77,23290661,513090432.00
2014-11-28,21.82,22.04,21.48,21.61,16727960,366652288.00
2014-12-01,21.54,21.54,20.89,20.95,21070262,448221280.00
2014-12-02,20.97,21.44,20.97,21.25,18496011,395267392.00
2014-12-03,21.22,22.66,21.00,22.64,49981016,1106863872.00
2014-12-04,22.44,23.41,22.27,23.02,50908839,1169517056.00
2014-12-05,23.30,25.34,22.20,25.34,108113726,2638683904.00
2014-12-08,26.82,27.89,25.87,27.46,117222381,3216047104.00
2014-12-09,27.32,28.32,24.70,24.70,94943509,2539694592.00
2014-12-10,24.40,26.11,23.48,25.75,58079514,1464545792.00
2014-12-11,25.32,26.05,24.60,25.42,48634832,1241411968.00
2014-12-12,25.42,25.82,25.03,25.62,30261263,774363648.00
2014-12-15,24.81,28.20,24.62,28.20,107395438,2981357824.00
2014-12-16,28.62,30.82,28.62,28.71,83504121,2478916352.00
2014-12-17,28.87,30.27,28.71,28.99,51086611,1508642048.00
2014-12-18,28.82,31.91,28.62,31.56,74424860,2314735104.00
2014-12-19,30.84,31.67,29.65,31.35,58001306,1792282624.00
2014-12-22,31.62,33.42,30.47,30.82,42812447,1364268672.00
2014-12-23,30.32,30.72,28.11,28.40,40351919,1193317888.00
2014-12-24,28.30,30.02,28.30,28.82,36119365,1056052288.00
2014-12-25,29.02,30.19,28.53,30.15,34969613,1037436224.00
2014-12-26,29.87,30.47,28.99,29.94,33992702,1013668160.00
2014-12-29,29.70,30.02,27.82,29.09,44873741,1302101248.00
2014-12-30,29.02,29.02,27.70,27.86,31840015,899971200.00
2014-12-31,28.00,28.80,28.00,28.30,22416742,640147520.00
2015-01-05,28.81,28.98,27.93,28.73,27085384,778082752.00
2015-01-06,28.61,30.91,28.32,30.15,45449496,1360884224.00
2015-01-07,29.72,30.03,28.90,29.27,24355297,718953856.00
2015-01-08,29.02,29.56,28.65,28.73,21233184,621170560.00
2015-01-09,28.42,28.99,27.77,27.86,22883013,655673920.00
2015-01-12,27.52,27.52,25.88,26.36,33473011,894857280.00
2015-01-13,26.50,27.19,26.23,26.45,22664785,609800384.00
2015-01-14,26.24,27.18,26.23,26.71,17547860,473157376.00
2015-01-15,26.68,27.06,25.80,27.01,21613410,576036288.00
2015-01-16,27.01,27.62,26.78,27.38,21028381,576548032.00
2015-01-19,26.60,28.05,25.85,26.57,27071404,736063936.00
2015-01-20,26.57,28.02,26.57,27.90,29022289,800008448.00
2015-01-21,27.91,29.52,27.75,29.16,40925055,1189362304.00
2015-01-22,29.15,32.09,28.83,31.51,65910281,2039089408.00
2015-01-23,31.27,31.27,30.10,30.22,43674727,1347495680.00
2015-01-26,30.92,32.22,30.82,31.40,37293593,1175063296.00
2015-01-27,31.72,32.03,30.72,31.46,32891481,1036922368.00
2015-01-28,31.46,31.48,29.88,30.36,31267796,960158976.00
2015-01-29,29.82,30.35,29.52,29.54,16479425,494392736.00
2015-01-30,29.85,30.24,29.03,29.27,21299564,636073728.00
2015-02-02,28.82,29.74,28.75,29.36,16699544,491979424.00
2015-02-03,29.57,29.70,28.91,29.35,26942538,793930752.00
2015-02-04,29.45,31.27,29.34,29.89,42025553,1281466880.00
2015-02-05,30.10,30.20,28.82,28.89,35265085,1041882240.00
2015-02-06,28.82,28.88,27.54,27.69,24374154,686346944.00
2015-02-09,27.62,27.98,27.42,27.68,12674512,354173568.00
2015-02-10,27.68,28.55,27.68,28.37,16977250,482464192.00
2015-02-11,28.40,29.00,28.24,28.70,17716130,510727936.00
2015-02-12,28.71,28.74,27.88,28.33,17281834,490268864.00
2015-02-13,28.17,29.12,28.17,28.68,24239534,701591680.00
2015-02-16,28.75,29.40,28.57,29.13,21866281,638460544.00
2015-02-17,29.18,29.42,28.89,29.02,16018533,468447296.00
2015-02-25,29.15,29.97,28.78,29.70,25445485,753410688.00
2015-02-26,29.77,30.17,29.45,30.05,26620127,799363456.00
2015-02-27,30.72,33.00,30.72,31.61,64331536,2075005184.00
2015-03-02,31.61,32.40,30.82,32.02,37955572,1206327424.00
2015-03-03,31.99,33.10,31.43,32.21,42364075,1381153280.00
2015-03-04,32.42,33.18,31.32,31.87,39104517,1265433344.00
2015-03-05,32.02,32.19,30.65,31.04,32207902,1008521664.00
2015-03-06,31.07,31.28,30.42,31.21,23612756,734049600.00
2015-03-09,30.75,31.44,30.54,31.28,19819299,617336320.00
2015-03-10,31.19,31.37,30.82,30.91,18466609,576142400.00
2015-03-11,30.91,31.07,30.16,30.31,20115674,617653376.00
2015-03-12,30.28,30.80,30.10,30.63,15263519,468052128.00
2015-03-13,30.43,31.09,30.43,30.93,16383187,508046912.00
2015-03-16,31.09,31.98,31.09,31.92,31572476,1005785344.00
2015-03-17,32.12,34.32,31.70,33.21,57570403,1917046016.00
2015-03-18,33.11,33.60,32.62,33.09,42128594,1402731904.00
2015-03-19,33.32,34.13,33.04,33.49,38048783,1282174336.00
2015-03-20,33.49,34.32,33.11,33.31,36792354,1245235840.00
2015-03-23,33.34,34.00,33.28,33.58,32117063,1082955648.00
2015-03-24,33.63,35.22,33.32,34.65,55401072,1914985344.00
2015-03-25,34.72,35.09,34.02,34.16,42249857,1464336128.00
2015-03-26,34.02,35.12,33.44,33.87,42258367,1458978560.00
2015-03-27,33.94,34.32,33.09,33.28,31687090,1065300288.00
2015-03-30,33.28,34.38,33.25,34.34,35829364,1219804160.00
2015-03-31,35.21,35.65,33.98,34.46,46794639,1634908928.00
2015-04-01,34.57,34.82,34.02,34.51,31772747,1097646208.00
2015-04-02,34.69,35.11,34.21,34.61,34367295,1196816000.00
2015-04-03,34.61,35.42,34.22,35.35,45787554,1605204864.00
2015-04-07,35.67,35.89,34.82,35.12,34658058,1221710336.00
2015-04-08,35.11,35.11,33.34,33.73,46163691,1581495040.00
2015-04-09,33.82,33.93,31.93,32.77,31650760,1042420864.00
2015-04-10,32.77,34.29,32.50,34.16,33607318,1140693376.00
2015-04-13,34.22,34.52,33.64,34.24,33123410,1135446144.00
2015-04-14,34.20,34.69,33.58,34.41,33958378,1168796160.00
2015-04-15,34.52,34.53,32.72,32.74,29474917,987833088.00
2015-04-16,32.61,33.73,31.70,33.39,22034429,731964800.00
2015-04-17,33.44,36.14,33.44,35.63,71522381,2527386624.00
2015-04-20,35.32,38.82,34.78,36.96,80222744,2981706240.00
2015-04-21,36.96,39.79,36.82,37.78,68082161,2620033792.00
2015-04-22,37.73,38.60,36.89,37.87,48324798,1828021760.00
2015-04-23,37.82,37.88,37.07,37.22,34968690,1314986496.00
2015-04-24,36.81,38.82,36.52,37.52,38969717,1478135808.00
2015-04-27,41.29,41.29,41.29,41.29,17014974,705610944.00
2015-04-28,41.82,45.40,41.32,42.86,98381348,4285533440.00
2015-04-29,41.32,47.16,40.17,47.16,62812716,2798937344.00
2015-04-30,49.02,51.78,47.52,47.85,91770874,4544040448.00
2015-05-04,47.74,52.21,46.32,50.82,73161532,3657707008.00
2015-05-05,51.82,54.79,50.32,53.61,90712080,4819449344.00
2015-05-06,53.61,54.31,50.02,51.22,63036777,3287515904.00
2015-05-07,49.82,49.82,46.08,46.08,57863037,2769249536.00
2015-05-08,46.01,48.08,43.82,47.89,74120621,3424360448.00
2015-05-11,48.56,51.70,46.62,50.86,73730683,3644692736.00
2015-05-12,52.30,55.96,51.02,55.96,86033070,4611378688.00
2015-05-13,56.87,61.32,54.84,57.41,97369040,5730280448.00
2015-05-14,57.09,60.02,55.93,57.15,61228316,3587862272.00
2015-05-15,57.15,62.78,56.12,61.15,81241122,4877829120.00
2015-05-18,64.00,65.78,60.40,61.20,78447355,4908763648.00
2015-05-19,60.90,62.00,58.33,60.87,56907069,3405788416.00
2015-05-20,61.00,64.69,61.00,61.89,57216672,3608034816.00
2015-05-21,62.71,63.22,60.50,61.72,52249090,3207781376.00
2015-05-22,62.11,62.60,59.42,62.42,57227507,3510577664.00
2015-05-25,60.90,68.67,60.30,68.67,70497356,4655144960.00
2015-05-26,72.24,75.55,70.10,75.55,68448920,5032277504.00
2015-05-27,76.45,81.80,72.90,77.94,74367751,5792075264.00
2015-05-28,76.15,79.39,70.14,70.71,65664820,4892409344.00
2015-05-29,68.79,75.25,66.80,73.38,67420793,4853067264.00
2015-06-01,72.30,77.67,71.91,76.50,48808575,3688893952.00
2015-06-02,76.56,79.37,74.60,77.17,44823178,3455540992.00
2015-06-03,76.03,76.90,71.50,73.40,48455733,3575858176.00
2015-06-04,74.80,74.80,66.40,72.01,36461543,2576445696.00
2015-06-05,73.31,75.90,71.40,73.34,35948820,2657492480.00
2015-06-08,73.35,73.40,68.89,69.64,37638305,2651807232.00
2015-06-09,68.90,72.10,68.20,70.38,31153007,2198672896.00
2015-06-10,70.24,72.10,68.78,70.79,28133422,1996277760.00
2015-06-11,70.76,71.88,69.52,71.57,29645879,2104155520.00
2015-06-12,71.91,75.92,71.56,74.63,52499063,3892678912.00
2015-06-15,75.00,77.68,71.46,71.82,46428470,3464976384.00
2015-06-16,70.80,70.80,64.80,65.92,45064440,3029797888.00
2015-06-17,65.48,66.89,60.10,66.33,37094943,2368270592.00
2015-06-18,65.90,67.50,61.91,62.69,25852331,1685854848.00
2015-06-19,61.90,64.00,57.90,59.36,30754210,1893877888.00
2015-06-23,60.10,65.28,56.70,64.99,38504763,2356829440.00
2015-06-24,65.90,68.65,64.88,66.49,47341783,3172683008.00
2015-06-25,66.55,68.01,62.79,63.99,35399643,2341631232.00
2015-06-26,61.50,63.01,57.58,57.58,37581066,2241516800.00
2015-06-29,59.70,60.40,51.81,52.32,46393525,2568993792.00
2015-06-30,52.26,56.90,47.08,56.86,53798005,2767638784.00
2015-07-01,56.80,59.25,51.56,52.63,48712959,2780548352.00
2015-07-02,52.66,52.89,47.36,47.36,48223342,2398403328.00
2015-07-03,46.02,47.90,42.61,42.61,44958302,1979605376.00
2015-07-06,46.88,46.88,38.34,38.75,64869868,2693075456.00
2015-07-07,36.89,37.91,34.87,34.87,45788320,1618568832.00
2015-07-08,31.37,31.37,31.37,31.37,11713400,368620704.00
2015-07-09,28.22,34.52,28.22,34.52,88737949,2781390080.00
2015-07-10,36.40,37.98,36.20,37.98,30326745,1138768000.00
2015-07-13,41.01,41.79,39.90,41.79,53620724,2227178752.00
2015-07-14,42.90,45.98,42.60,45.98,80331525,3637328896.00
2015-07-15,45.30,45.30,41.37,41.37,74536751,3189656832.00
2015-07-16,41.35,45.24,37.90,44.57,70543831,3063976704.00
2015-07-17,44.57,49.04,44.57,49.04,58719890,2822891264.00
2015-07-20,51.91,53.95,49.80,52.44,103279445,5417354752.00
2015-07-21,50.69,53.98,49.90,51.69,61396554,3212841472.00
2015-07-22,51.69,56.45,51.44,56.02,69851149,3841799168.00
2015-07-23,55.70,59.60,53.73,57.49,64306593,3590918400.00
2015-07-24,57.58,62.88,56.90,59.73,74567773,4462603776.00
2015-07-27,58.80,63.31,53.90,54.70,106714259,6437055488.00
2015-07-28,51.90,59.75,51.42,58.95,108769894,6040086528.00
2015-07-29,59.10,64.86,58.80,64.86,99926900,6147262464.00
2015-07-30,64.90,70.48,62.78,66.03,108847622,7347571712.00
2015-07-31,64.70,66.34,59.42,59.42,87234947,5417896960.00
2015-08-03,55.40,57.40,53.47,53.47,55810963,3032345344.00
2015-08-04,51.40,58.83,51.40,58.83,81311429,4563538432.00
2015-08-05,60.32,61.87,56.02,57.45,92441846,5461914112.00
2015-08-06,54.90,57.82,53.91,54.40,52692382,2920290048.00
2015-08-07,55.90,57.07,54.20,56.30,55324316,3077903872.00
2015-08-10,57.10,61.94,57.10,61.94,87875653,5303566848.00
2015-08-11,62.55,62.92,59.43,61.06,85793922,5251878400.00
2015-08-12,61.90,64.10,59.95,60.87,64706964,4029903104.00
2015-08-13,59.59,62.39,57.70,61.72,59538687,3562745088.00
2015-08-14,61.80,62.18,59.91,60.50,50300182,3061360896.00
2015-08-17,60.40,64.19,59.90,62.11,66953556,4210808064.00
2015-08-18,62.00,62.19,55.89,55.89,68975119,4041068288.00
2015-08-19,52.91,57.85,51.00,57.26,56115386,3085726720.00
2015-08-20,57.90,59.25,53.80,54.21,48196795,2759251456.00
2015-08-21,53.89,56.89,50.27,52.51,47623775,2566933248.00
2015-08-24,49.91,51.15,47.25,47.25,27941273,1340405504.00
2015-08-25,42.52,42.52,42.52,42.52,6943600,295936224.00
2015-08-26,38.28,43.37,38.26,38.26,81197459,3254702848.00
2015-08-27,39.70,40.56,35.20,40.44,64758840,2532938240.00
2015-08-28,41.40,44.49,41.34,44.49,65583798,2847617792.00
2015-08-31,46.00,46.30,43.20,44.58,71543069,3203702784.00
2015-09-01,42.50,43.57,40.11,40.24,55272813,2246939904.00
2015-09-02,36.91,40.84,36.21,36.21,37631861,1416247552.00
2015-09-07,36.80,38.78,33.90,34.41,35804284,1316063488.00
2015-09-08,34.45,35.89,31.10,35.42,41573389,1396065920.00
2015-09-09,35.41,37.86,35.40,37.14,46982095,1723313280.00
2015-09-10,36.76,39.10,35.91,37.13,45586344,1721085312.00
2015-09-11,36.89,38.08,36.40,36.91,29143735,1085088384.00
2015-09-14,37.88,38.25,33.21,33.75,36709360,1297916928.00
2015-09-15,32.40,32.68,30.37,30.37,31404324,987243584.00
2015-09-16,29.99,33.42,29.71,33.42,39187956,1234215296.00
2015-09-17,33.39,34.89,32.28,32.40,48617584,1648948992.00
2015-09-18,32.73,33.40,31.63,32.48,25576859,830716480.00
2015-09-21,33.46,35.74,32.95,35.74,52595396,1837686912.00
2015-09-22,36.47,38.21,35.90,36.99,55089091,2050368256.00
2015-09-23,35.90,37.50,35.65,36.49,38384084,1410863232.00
2015-09-24,36.89,37.72,36.49,36.89,30805471,1144218240.00
2015-09-25,36.73,38.20,35.82,36.09,39475419,1464001664.00
2015-09-28,35.96,36.32,33.65,35.81,25344747,892165376.00
2015-09-29,34.90,35.19,33.82,33.89,21059166,726444416.00
2015-09-30,34.23,36.89,34.23,35.68,33337626,1187711616.00
2015-10-08,37.79,39.26,37.48,38.65,43334267,1677897216.00
2015-10-09,38.60,42.37,38.25,40.68,49645840,2020509440.00
2015-10-12,41.10,44.22,40.58,40.68,75812901,3184518144.00
2015-10-13,40.71,42.32,40.48,42.19,40638181,1678600448.00
2015-10-14,42.45,42.78,40.71,40.88,36310071,1509903872.00
2015-10-15,40.50,42.80,40.10,42.75,41805031,1745490816.00
2015-10-16,43.40,44.19,42.66,43.43,43409509,1891393152.00
2015-10-19,44.11,44.12,41.43,41.89,40673454,1730142848.00
2015-10-20,42.45,44.27,42.45,43.86,44696919,1952587520.00
2015-10-21,43.88,43.88,39.60,39.67,47885191,2005930880.00
2015-10-22,39.67,42.25,38.90,41.86,34838426,1419388416.00
2015-10-23,42.50,42.90,41.42,42.18,35054989,1481647232.00
2015-10-26,42.78,45.28,42.00,44.16,57050325,2501583872.00
2015-10-27,44.30,48.59,42.58,48.59,82795295,3800270592.00
2015-10-28,48.90,49.69,46.81,47.06,67068033,3256054016.00
2015-10-29,46.92,50.59,46.91,49.03,52192051,2541261568.00
2015-10-30,48.05,50.27,48.05,49.37,41910071,2074271488.00
2015-11-02,48.51,49.28,44.90,46.37,43998094,2084103680.00
2015-11-03,46.50,47.64,44.72,45.57,33620056,1545326464.00
2015-11-04,46.20,48.89,45.78,48.65,42082861,1991154048.00
2015-11-05,48.35,51.78,47.16,49.39,68751010,3403020544.00
2015-11-06,49.10,52.87,48.78,52.10,62132245,3171723776.00
2015-11-09,51.40,53.23,50.18,52.10,48804379,2536679424.00
2015-11-10,51.58,52.58,49.52,50.43,50434496,2584539392.00
2015-11-11,51.18,51.18,49.55,50.47,38660191,1942345600.00
2015-11-12,50.60,52.47,50.20,50.68,45846342,2349553920.00
2015-11-13,49.80,49.89,47.60,48.17,37725794,1840045440.00
2015-11-16,46.45,48.44,46.45,48.14,30143554,1439372672.00
2015-11-17,48.90,50.57,48.18,48.76,51245098,2536989184.00
2015-11-18,48.80,48.96,46.60,46.90,29731741,1419355648.00
2015-11-19,47.18,48.90,47.10,48.68,28370484,1365024512.00
2015-11-20,48.60,51.06,48.51,50.38,50975468,2561361152.00
2015-11-23,51.07,51.48,49.20,49.62,40119889,2035203072.00
2015-11-24,49.72,49.87,47.85,48.87,29761451,1446971520.00
2015-11-25,49.90,50.29,49.14,49.53,27343463,1358165760.00
2015-11-26,49.55,50.78,47.91,49.51,41020187,2024846336.00
2015-11-27,49.51,49.51,44.69,45.36,61720427,2924941824.00
2015-11-30,45.25,45.87,41.05,44.03,39567584,1728033920.00
2015-12-01,44.20,44.40,43.10,43.62,23758425,1042092864.00
2015-12-02,43.77,44.17,42.08,44.14,21170390,919861440.00
2015-12-03,44.21,44.90,43.90,44.88,21034676,937886336.00
2015-12-04,44.90,45.35,43.92,44.24,19639435,879113728.00
2015-12-07,44.25,44.49,43.22,43.85,18643350,815988096.00
2015-12-08,43.44,43.44,42.56,42.59,20480620,881057536.00
2015-12-09,42.21,43.40,41.40,42.90,24631655,1045103872.00
2015-12-10,42.58,42.98,41.68,41.86,15492347,657413248.00
2015-12-11,41.85,42.60,41.32,41.82,14984189,630008384.00
2015-12-14,41.37,43.35,41.32,43.19,20603740,873135040.00
2015-12-15,43.18,43.87,43.01,43.15,16962127,736993408.00
2015-12-16,43.63,43.74,42.95,43.19,12329959,533854720.00
2015-12-17,43.80,44.28,43.59,43.97,21553048,949672768.00
2015-12-18,43.99,44.15,43.50,43.76,15841670,694770688.00
2015-12-21,44.01,44.26,43.49,43.99,17323205,760969216.00
2015-12-22,44.20,44.49,43.52,44.28,17570150,775439488.00
2015-12-23,44.31,44.31,43.41,43.54,14455521,634842752.00
2015-12-24,43.33,43.46,41.91,42.32,14346281,611057856.00
2015-12-25,42.40,42.88,42.08,42.72,9956586,423898752.00
2015-12-28,43.00,43.35,41.72,41.81,16250277,694822464.00
2015-12-29,41.90,42.54,40.92,42.24,14464091,600662912.00
2015-12-30,42.24,43.13,41.64,42.71,19633952,835981312.00
2015-12-31,42.63,43.08,41.90,42.44,12418419,530577856.00
2016-01-04,43.71,44.04,38.90,39.09,27002871,1163836288.00
2016-01-05,36.85,40.87,36.85,40.27,27591051,1095280640.00
2016-01-06,40.65,41.82,40.65,41.14,27799162,1147260160.00
2016-01-07,39.91,39.91,37.02,37.21,7115992,274008800.00
2016-01-08,38.10,39.20,34.90,36.42,36778851,1358828928.00
2016-01-11,34.95,35.70,32.77,32.77,26432562,902123136.00
2016-01-12,32.79,33.45,31.22,32.64,19341967,626893376.00
2016-01-13,32.89,33.00,30.15,30.36,16220909,519338272.00
2016-01-14,29.58,33.37,29.40,33.34,24897165,781565824.00
2016-01-15,33.23,34.85,32.41,33.03,33230284,1123814528.00
2016-01-18,31.95,34.03,31.80,33.59,20512633,683112000.00
2016-01-19,33.18,35.86,32.90,35.00,26777154,920346560.00
2016-01-20,34.50,35.50,33.70,33.86,23346156,806519168.00
2016-01-21,33.01,34.35,31.76,31.88,18651249,620161728.00
2016-01-22,32.30,33.06,31.23,32.43,15958049,514747584.00
2016-01-25,32.78,33.33,32.50,32.87,13429662,443298144.00
2016-01-26,32.39,34.98,30.41,31.19,27494548,901699520.00
2016-01-27,31.47,32.39,28.57,31.68,24856225,753639680.00
2016-01-28,30.79,31.30,28.90,29.11,16086241,487083072.00
2016-01-29,29.00,30.90,28.58,30.25,17769558,534215104.00
2016-02-01,30.30,30.49,28.90,29.41,14048338,419114272.00
2016-02-02,29.80,31.23,29.70,30.69,18419172,567777920.00
2016-02-03,29.93,31.33,29.90,30.95,15714557,480264192.00
2016-02-04,31.56,32.21,31.35,31.89,20554782,656000960.00
2016-02-05,32.02,32.69,31.70,31.98,17806757,573708992.00
2016-02-15,30.90,32.70,30.70,32.68,19976190,643074624.00
2016-02-16,33.02,33.85,32.90,33.74,22715864,761227200.00
2016-02-17,33.90,35.92,33.76,34.69,29632843,1036149440.00
2016-02-18,34.95,35.05,33.75,33.88,20045375,686562560.00
2016-02-19,33.92,34.28,33.50,34.07,16052512,545998208.00
2016-02-22,34.64,34.74,34.22,34.40,15300003,528505056.00
2016-02-23,34.42,34.69,33.51,34.09,13832073,472532512.00
2016-02-24,34.11,34.55,33.40,34.27,16524702,563881472.00
2016-02-25,34.19,34.19,30.83,30.83,21706120,702761664.00
2016-02-26,31.00,31.50,29.91,30.86,13944818,431802272.00
2016-02-29,31.05,31.18,28.20,29.13,20283426,595143808.00
2016-03-01,29.42,30.23,28.97,30.02,16747670,500186656.00
2016-03-02,30.05,31.79,29.91,31.63,19045330,588488768.00
2016-03-03,32.05,32.32,31.43,31.63,19491990,623315136.00
2016-03-04,31.53,32.17,29.99,30.57,20020943,625703616.00
2016-03-07,30.75,31.75,30.75,31.45,13153327,412967200.00
2016-03-08,31.40,31.40,29.75,31.09,13462470,411262432.00
2016-03-09,30.40,32.00,30.08,31.02,16665117,524606528.00
2016-03-10,30.91,31.19,30.20,30.34,11541289,354254944.00
2016-03-11,30.27,30.79,30.00,30.44,9481461,289490272.00
2016-03-14,30.90,31.71,30.80,31.37,16340793,514584128.00
2016-03-15,31.35,31.50,30.68,30.88,11067862,344818176.00
2016-03-16,31.03,31.17,30.35,30.57,8508090,261764992.00
2016-03-17,30.85,31.72,30.57,31.51,19208989,602322176.00
2016-03-18,31.59,33.54,31.57,32.96,32967463,1081466240.00
2016-03-21,33.55,34.20,33.05,34.16,31601690,1068627392.00
2016-03-22,33.98,37.47,33.54,36.23,56419890,2016141952.00
2016-03-23,36.25,36.54,35.37,36.12,28913266,1038184512.00
2016-03-24,36.00,37.30,35.43,35.66,31326309,1140558976.00
2016-03-25,35.45,35.90,34.90,35.33,20296918,720671040.00
2016-03-28,36.20,37.10,34.94,35.28,24274346,879614080.00
2016-03-29,35.08,35.39,33.91,34.21,17888409,619004288.00
2016-03-30,34.82,35.91,34.40,35.85,21224110,747817792.00
2016-03-31,35.92,36.30,35.43,35.60,19920096,715667840.00
2016-04-01,35.40,35.70,34.36,35.05,15129890,530717248.00
2016-04-05,35.05,36.05,34.70,35.82,16080100,573026304.00
2016-04-06,35.70,36.23,35.40,35.96,20569988,740195648.00
2016-04-07,36.15,36.22,34.80,34.84,17037450,603621056.00
2016-04-08,34.45,34.84,33.70,34.09,15598536,535489760.00
2016-04-11,34.39,34.88,34.39,34.77,12666721,440757440.00
2016-04-12,34.73,34.73,33.84,34.12,12225124,419114528.00
2016-04-13,34.31,35.36,34.31,34.85,20118630,705601536.00
2016-04-14,35.13,35.29,34.70,35.06,11612897,407280544.00
2016-04-15,35.03,35.46,34.90,35.05,11421784,402218912.00
2016-04-18,34.70,34.75,34.01,34.19,10213359,350949696.00
2016-04-19,34.40,34.63,34.10,34.48,8252474,283947264.00
2016-04-20,34.50,35.10,32.02,33.26,21853712,739655040.00
2016-04-21,33.00,33.36,32.50,32.58,11054902,365664928.00
2016-04-22,32.80,33.49,32.63,33.16,13674879,453901952.00
2016-04-25,33.23,33.63,32.81,33.20,13321409,444393664.00
2016-04-26,33.20,33.39,32.81,33.23,8384075,278146336.00
2016-04-27,33.25,33.27,32.51,32.69,8606730,283771456.00
2016-04-28,32.71,32.87,31.76,32.23,9356238,302070720.00
2016-04-29,31.99,32.37,31.95,32.19,6507975,210279808.00
2016-05-03,32.20,33.10,31.92,33.08,10726269,351985472.00
2016-05-04,32.90,33.28,32.71,32.83,8643819,285825184.00
2016-05-05,32.96,33.42,32.84,33.04,9084674,301563008.00
2016-05-06,33.05,33.19,31.67,31.70,13428589,434223872.00
2016-05-09,31.59,31.59,30.08,30.25,12216577,376368000.00
2016-05-10,30.48,30.70,30.19,30.38,6870283,209414496.00
2016-05-11,30.69,30.70,29.80,30.26,6580502,200261376.00
2016-05-12,30.11,30.65,29.71,30.50,8610173,261301168.00
2016-05-13,30.67,31.05,30.19,30.42,7627455,234550944.00
2016-05-16,30.25,30.68,30.12,30.63,7101954,216973680.00
2016-05-17,30.69,30.83,30.26,30.53,7931488,243286432.00
2016-05-18,30.30,30.59,29.66,29.89,8987956,271086752.00
2016-05-19,30.00,30.41,29.87,30.00,5717255,172291696.00
2016-05-20,29.80,30.98,29.62,30.64,11189017,341227744.00
2016-05-23,30.66,31.10,30.61,30.78,9268175,285763008.00
2016-05-24,30.66,30.76,30.13,30.24,5979217,181371248.00
2016-05-25,30.52,30.60,29.98,30.07,5891108,178143744.00
2016-05-26,30.10,30.28,29.50,30.04,7481917,222722464.00
2016-05-27,30.38,31.00,30.19,30.68,14090301,431142752.00
2016-05-30,30.30,30.65,29.96,30.36,7230529,219021136.00
2016-05-31,30.59,32.10,30.48,31.83,20423201,640533824.00
2016-06-01,31.73,32.55,31.70,31.78,17288351,554340736.00
2016-06-02,31.65,31.93,31.45,31.78,10451638,331311744.00
2016-06-03,31.82,31.97,31.54,31.74,10630384,337535552.00
2016-06-06,31.80,31.96,31.36,31.52,8049085,254505760.00
2016-06-07,31.52,31.86,31.40,31.80,9417199,298037856.00
2016-06-08,31.78,33.00,31.51,32.46,23062793,745694464.00
2016-06-13,32.07,33.48,31.13,31.43,26454139,864056128.00
2016-06-14,30.98,31.38,30.50,30.98,12389757,383032864.00
2016-06-15,30.45,32.25,30.32,31.92,14977905,473572288.00
2016-06-16,31.92,32.26,31.60,32.01,13614080,434663744.00
2016-06-17,32.39,32.73,31.81,32.04,15905344,514547840.00
2016-06-20,32.05,32.15,31.35,31.77,8771572,277757504.00
2016-06-21,31.99,32.35,31.22,31.51,10581918,337201248.00
2016-06-22,31.54,32.25,31.35,32.21,10273042,327168960.00
2016-06-23,32.16,33.26,32.10,32.92,27892311,914030656.00
2016-06-24,32.90,32.96,31.02,32.01,22426297,722131776.00
2016-06-27,32.02,34.29,32.02,33.99,39734384,1329571584.00
2016-06-28,33.71,33.95,33.05,33.69,25464176,853372544.00
2016-06-29,33.80,34.10,33.42,33.56,16898055,569368256.00
2016-06-30,33.65,33.78,33.20,33.60,12435835,416931744.00
2016-07-01,33.58,34.90,33.40,33.84,24613624,843101632.00
2016-07-04,33.86,36.27,33.73,35.83,41686370,1461572352.00
2016-07-05,35.88,37.50,35.21,35.73,58207225,2118718336.00
2016-07-06,35.31,35.75,35.21,35.73,21711972,771168704.00
2016-07-07,35.75,35.75,34.59,34.97,22424407,785334144.00
2016-07-08,35.08,35.66,34.74,35.12,25296634,892372352.00
2016-07-11,36.00,36.85,35.40,35.63,41038010,1482790528.00
2016-07-12,35.50,37.30,35.02,36.85,47711784,1738882944.00
2016-07-13,37.15,37.16,36.02,36.30,34680805,1263870336.00
2016-07-14,36.10,36.96,35.96,36.35,24709751,901426624.00
2016-07-15,36.28,36.30,35.22,35.38,22117863,787953472.00
2016-07-18,35.19,35.54,34.80,35.04,13545325,475855360.00
2016-07-19,34.92,35.30,34.82,35.18,10616089,372097984.00
2016-07-20,35.10,35.59,35.00,35.19,10461401,369334112.00
2016-07-21,35.26,35.49,35.05,35.12,12032043,424316704.00
2016-07-22,35.22,35.78,35.02,35.15,16869092,597071552.00
2016-07-25,35.15,35.30,34.34,34.52,14376825,500058176.00
2016-07-26,34.54,35.05,34.54,35.02,9231431,321064224.00
2016-07-27,35.03,35.62,33.49,33.64,25180195,868621824.00
2016-07-28,33.60,34.14,33.18,33.99,14744359,498106016.00
2016-07-29,34.08,34.08,33.21,33.29,9206786,308387008.00
2016-08-01,33.30,33.30,32.26,32.42,9209785,300215072.00
2016-08-02,32.30,32.65,32.30,32.64,4992821,162367280.00
2016-08-03,32.50,32.94,32.40,32.84,6349353,207774960.00
2016-08-04,32.87,33.49,32.53,33.29,8547237,282761536.00
2016-08-05,33.29,33.29,32.78,32.92,6169927,203704768.00
2016-08-08,33.10,34.35,32.84,34.28,15813995,532876448.00
2016-08-09,34.00,34.17,33.71,33.94,9323557,315938880.00
2016-08-10,34.00,34.20,33.82,33.98,7042314,239334112.00
2016-08-11,33.98,34.03,33.21,33.28,8095544,272082240.00
2016-08-12,33.24,33.67,33.13,33.62,6395232,214096800.00
2016-08-15,33.98,34.95,33.90,34.72,18651278,643287552.00
2016-08-16,34.98,35.20,34.79,34.81,14213844,496589760.00
2016-08-17,34.81,35.50,34.53,34.95,15527976,545971648.00
2016-08-18,34.77,34.95,34.37,34.58,10393880,359902848.00
2016-08-19,34.61,34.80,34.37,34.65,6928634,239470704.00
2016-08-22,34.72,34.72,33.85,33.90,7275385,249196768.00
2016-08-23,33.81,34.26,33.70,33.98,4758337,161643488.00
2016-08-24,34.00,34.45,33.94,34.03,6373272,217610336.00
2016-08-25,33.82,33.86,33.20,33.38,9284022,310534400.00
2016-08-26,33.45,33.85,33.44,33.45,6267498,210756080.00
2016-08-29,33.89,33.99,33.40,33.44,5217562,175503920.00
2016-08-30,33.52,34.15,33.36,33.68,9164211,309636128.00
2016-08-31,33.64,33.87,33.49,33.71,5814190,195798320.00
2016-09-01,33.65,34.05,33.65,33.66,7310274,247556656.00
2016-09-02,33.62,33.79,32.94,33.13,7777099,259101296.00
2016-09-05,33.23,33.49,33.09,33.19,4266417,142036208.00
2016-09-06,33.19,33.51,32.61,33.50,7772759,257007584.00
2016-09-07,33.49,33.69,33.40,33.52,6716058,225346992.00
2016-09-08,33.50,33.57,33.23,33.37,5594130,186656256.00
2016-09-09,33.44,33.66,33.17,33.20,6411643,213975472.00
2016-09-12,32.79,33.00,32.33,32.40,9228278,301374720.00
2016-09-13,32.55,33.00,32.36,32.96,5346966,174617952.00
2016-09-14,32.76,32.80,32.56,32.65,4547505,148498480.00
2016-09-19,32.68,32.85,32.49,32.66,6954103,226764336.00
2016-09-20,32.66,32.67,32.25,32.32,4703646,152288496.00
2016-09-21,32.35,32.50,32.30,32.34,3082155,99772976.00
2016-09-22,32.45,32.56,32.30,32.35,4557819,147720336.00
2016-09-23,32.40,32.45,32.08,32.08,4248996,136888400.00
2016-09-26,31.99,32.00,30.94,31.00,8031673,252189024.00
2016-09-27,30.99,31.34,30.88,31.32,5328689,165982944.00
2016-09-28,31.32,31.72,31.14,31.57,5426453,170722448.00
2016-09-29,31.51,31.67,31.35,31.41,3167321,99880328.00
2016-09-30,31.38,31.91,31.34,31.83,5044572,160286784.00
2016-10-10,32.00,32.49,32.00,32.39,6228376,201020752.00
2016-10-11,32.54,32.67,32.25,32.37,4999948,162105360.00
2016-10-12,32.15,32.45,32.14,32.33,3532769,114090184.00
2016-10-13,32.43,32.54,32.28,32.47,4789251,155208016.00
2016-10-14,32.50,32.62,32.20,32.40,5391589,174733936.00
2016-10-17,33.00,33.07,31.90,31.96,9098550,295091232.00
2016-10-18,31.79,32.22,31.78,32.20,5788188,185279568.00
2016-10-19,32.30,32.64,32.15,32.30,7089562,229586128.00
2016-10-20,32.41,32.46,31.99,32.07,4765316,153373792.00
2016-10-21,32.10,32.31,31.84,32.09,5057793,162119072.00
2016-10-24,32.05,32.47,31.86,32.39,8296842,267649360.00
2016-10-25,32.34,32.41,32.12,32.28,4883289,157416416.00
2016-10-26,32.33,32.35,31.89,31.91,6105029,195523200.00
2016-10-27,31.86,32.07,31.85,31.95,4503129,143863936.00
2016-10-28,31.87,32.20,31.67,31.69,6940170,221083872.00
2016-10-31,31.48,31.79,31.33,31.68,4061261,128411952.00
2016-11-01,31.70,31.88,31.63,31.82,3973583,126180232.00
2016-11-02,31.83,32.09,31.71,31.72,6354311,202735200.00
2016-11-03,31.73,32.13,31.53,31.90,7706573,245419904.00
2016-11-04,31.90,32.08,31.62,31.70,5087480,161877296.00
2016-11-07,31.73,31.75,31.44,31.55,4037758,127411200.00
2016-11-08,31.68,31.83,31.60,31.74,4038598,128076848.00
2016-11-09,31.76,31.78,31.09,31.34,6144405,193061456.00
2016-11-10,31.68,31.72,31.52,31.66,5111541,161651600.00
2016-11-11,31.66,32.00,31.63,31.99,8278999,263665760.00
2016-11-14,31.88,32.22,31.85,32.12,8895428,285570912.00
2016-11-15,32.15,32.23,32.00,32.16,6011413,193020736.00
2016-11-16,32.16,32.30,32.10,32.17,6039940,194567184.00
2016-11-17,32.26,32.26,31.87,32.11,5991090,191782496.00
2016-11-18,32.12,32.18,31.78,31.81,5411623,172962864.00
2016-11-21,31.75,32.29,31.72,31.99,7740723,248090688.00
2016-11-22,32.10,32.30,31.93,32.21,6784138,217909120.00
2016-11-23,32.30,34.40,32.20,33.68,37918496,1261711744.00
2016-11-24,33.60,33.60,33.06,33.11,17511489,581778304.00
2016-11-25,33.16,33.78,32.97,33.43,16509527,551115136.00
2016-11-28,33.50,33.87,33.28,33.62,8686500,292286304.00
数据来源:通达信
