600433 冠豪高新 日线 前复权
      日期	    开盘	    最高	    最低	    收盘	    成交量	    成交额
2011-10-21,2.87,3.27,2.73,3.07,19065423,173805968.00
2011-10-24,3.14,3.17,3.00,3.13,14083511,128457000.00
2011-10-25,3.07,3.31,3.07,3.23,19017692,179360032.00
2011-10-26,3.12,3.23,3.12,3.22,12308789,114923320.00
2011-10-27,3.23,3.25,3.11,3.19,9539913,89196784.00
2011-10-28,3.21,3.23,3.07,3.10,21155005,193645120.00
2011-10-31,3.09,3.14,3.05,3.14,10171330,93254648.00
2011-11-01,3.12,3.16,3.08,3.16,11010947,101375112.00
2011-11-02,3.14,3.32,3.12,3.26,20193737,192899056.00
2011-11-03,3.23,3.31,3.20,3.30,15743535,150983280.00
2011-11-04,3.34,3.51,3.27,3.49,27465167,273216512.00
2011-11-07,3.44,3.55,3.41,3.43,13272390,134891856.00
2011-11-08,3.41,3.52,3.36,3.50,11065154,111110216.00
2011-11-09,3.46,3.55,3.43,3.47,10762790,109909592.00
2011-11-10,3.43,3.57,3.39,3.49,13394261,137013056.00
2011-11-11,3.47,3.61,3.43,3.53,10664287,110044432.00
2011-11-14,3.57,3.57,3.49,3.50,8104466,83688840.00
2011-11-15,3.50,3.54,3.46,3.49,5990052,61252592.00
2011-11-16,3.49,3.54,3.40,3.46,7817866,79414832.00
2011-11-17,3.46,3.46,3.35,3.40,4829704,48151984.00
2011-11-18,3.37,3.43,3.30,3.35,4986216,49135172.00
2011-11-21,3.37,3.41,3.34,3.38,3648243,36149840.00
2011-11-22,3.38,3.41,3.32,3.39,2987354,29544478.00
2011-11-23,3.44,3.45,3.39,3.40,3051980,30578898.00
2011-11-24,3.39,3.39,3.27,3.36,4655919,45500752.00
2011-11-25,3.32,3.54,3.32,3.43,8691562,87367408.00
2011-11-28,3.42,3.48,3.38,3.42,3343329,33601464.00
2011-11-29,3.45,3.49,3.40,3.47,4812128,48783680.00
2011-11-30,3.47,3.51,3.20,3.26,5851757,57814492.00
2011-12-01,3.37,3.41,3.27,3.27,5389808,52983492.00
2011-12-02,3.26,3.33,3.23,3.27,3046503,29255168.00
2011-12-05,3.27,3.29,3.11,3.15,3375532,31442764.00
2011-12-06,3.12,3.17,3.00,3.11,2197324,19964060.00
2011-12-07,3.12,3.16,3.06,3.14,1940401,17841412.00
2011-12-08,3.14,3.15,3.02,3.14,2267742,20735016.00
2011-12-09,3.15,3.15,3.09,3.10,984540,9029575.00
2011-12-12,3.12,3.13,3.07,3.10,1281392,11663617.00
2011-12-13,3.09,3.11,3.01,3.06,2572424,23075402.00
2011-12-14,3.08,3.09,3.02,3.07,2003823,18042562.00
2011-12-15,3.07,3.07,2.95,3.05,1935306,17309786.00
2011-12-16,3.06,3.11,3.01,3.10,1769886,15971159.00
2011-12-19,3.10,3.10,3.00,3.07,1747121,15683855.00
2011-12-20,3.07,3.09,3.01,3.04,1973540,17785308.00
2011-12-21,3.11,3.13,3.00,3.04,2270967,20499556.00
2011-12-22,3.05,3.05,2.72,2.85,6117281,50396252.00
2011-12-23,2.83,2.83,2.70,2.77,1784012,14633298.00
2011-12-26,2.77,2.77,2.72,2.75,1431600,11625121.00
2011-12-27,2.77,2.77,2.72,2.74,1449818,11770926.00
2011-12-28,2.73,2.75,2.66,2.72,2303978,18525896.00
2011-12-29,2.74,2.75,2.70,2.72,1259087,10168699.00
2011-12-30,2.74,3.01,2.73,2.90,2878002,24171132.00
2012-01-04,2.88,2.93,2.79,2.83,1526428,12874815.00
2012-01-05,2.79,2.84,2.62,2.74,2065851,16717936.00
2012-01-06,2.73,2.75,2.67,2.73,1009613,8112714.00
2012-01-09,2.73,2.83,2.73,2.80,2165426,17849708.00
2012-01-10,2.86,3.00,2.80,2.92,3171888,27102506.00
2012-01-11,2.91,3.05,2.86,3.00,3317817,29011608.00
2012-01-12,3.02,3.09,2.96,3.00,3179702,28403960.00
2012-01-13,3.00,3.04,2.87,2.98,2568550,22447618.00
2012-01-16,2.94,2.98,2.87,2.88,1081900,9305277.00
2012-01-17,2.89,3.11,2.81,3.03,2684206,23537004.00
2012-01-18,3.04,3.09,2.97,2.97,1435566,12817868.00
2012-01-19,2.98,3.06,2.95,2.97,1090233,9628477.00
2012-01-20,2.99,3.07,2.95,3.03,1306115,11588551.00
2012-01-30,3.09,3.09,2.99,3.00,1132736,10109211.00
2012-01-31,3.00,3.03,2.94,3.00,973156,8540265.00
2012-02-01,3.00,3.02,2.91,2.96,963728,8412071.00
2012-02-02,2.98,3.00,2.93,3.00,882305,7749207.00
2012-02-03,3.01,3.03,2.97,3.01,1229440,10901310.00
2012-02-06,2.99,3.03,2.98,3.02,1000240,8871667.00
2012-02-07,3.02,3.02,2.95,2.97,1012297,8851921.00
2012-02-08,2.98,3.04,2.95,3.04,1624626,14431954.00
2012-02-09,3.04,3.08,3.00,3.06,3683028,33159272.00
2012-02-10,3.05,3.29,3.04,3.19,5472067,51353040.00
2012-02-13,3.18,3.33,3.14,3.28,6003300,57597040.00
2012-02-14,3.30,3.30,3.22,3.23,2105537,20071872.00
2012-02-15,3.24,3.30,3.21,3.26,3073649,29400460.00
2012-02-16,3.27,3.32,3.24,3.29,3145512,30289920.00
2012-02-17,3.29,3.32,3.20,3.24,2802944,26723744.00
2012-02-20,3.27,3.35,3.23,3.29,3971227,38489888.00
2012-02-21,3.30,3.34,3.25,3.32,2041887,19762296.00
2012-02-22,3.32,3.40,3.31,3.37,3317679,32774272.00
2012-02-23,3.37,3.37,3.28,3.34,3166121,30947272.00
2012-02-24,3.36,3.36,3.30,3.34,3382371,33090756.00
2012-02-27,3.34,3.45,3.34,3.39,3986526,39789092.00
2012-02-28,3.39,3.39,3.29,3.34,2933348,28633284.00
2012-02-29,3.32,3.35,3.26,3.29,2093004,20228652.00
2012-03-01,3.27,3.33,3.27,3.31,1619284,15697797.00
2012-03-02,3.31,3.35,3.30,3.32,4728953,46129408.00
2012-03-05,3.36,3.48,3.34,3.46,7628349,76815560.00
2012-03-06,3.47,3.47,3.36,3.41,5434857,54380928.00
2012-03-07,3.39,3.46,3.34,3.42,3659329,36595256.00
2012-03-08,3.45,3.46,3.41,3.44,3145858,31698460.00
2012-03-09,3.44,3.59,3.40,3.56,6922294,71460792.00
2012-03-12,3.59,3.74,3.56,3.67,9118809,97273936.00
2012-03-13,3.68,3.68,3.60,3.64,6653651,70808744.00
2012-03-14,3.64,4.01,3.64,3.75,22309164,250920576.00
2012-03-15,3.77,4.06,3.70,4.04,26026863,295947936.00
2012-03-16,3.99,4.12,3.88,4.06,18596434,217366704.00
2012-03-19,4.05,4.11,3.92,4.01,11029475,128889352.00
2012-03-20,3.98,3.98,3.84,3.86,12419241,141243888.00
2012-03-21,3.88,3.93,3.66,3.81,9884590,109904224.00
2012-03-22,3.86,3.90,3.81,3.87,7278227,81826008.00
2012-03-23,3.84,3.84,3.70,3.77,7290113,79961936.00
2012-03-26,3.76,3.94,3.72,3.91,8222498,92945720.00
2012-03-27,3.93,3.99,3.80,3.84,6531015,74162800.00
2012-03-28,3.81,3.81,3.55,3.62,7407949,78735616.00
2012-03-29,3.61,3.61,3.46,3.57,4475558,46348316.00
2012-03-30,3.57,3.61,3.47,3.51,3330384,34316552.00
2012-04-05,3.49,3.62,3.49,3.59,3289547,34468264.00
2012-04-09,3.62,3.69,3.52,3.63,5062953,53419080.00
2012-04-10,3.63,3.63,3.37,3.51,6441844,65159092.00
2012-04-11,3.45,3.57,3.40,3.55,4154952,42387920.00
2012-04-12,3.52,3.62,3.48,3.59,4284013,44675380.00
2012-04-13,3.60,3.68,3.59,3.61,4782869,50875944.00
2012-04-16,3.57,3.70,3.52,3.57,5730618,60639672.00
2012-04-17,3.59,3.60,3.49,3.51,3045886,31460360.00
2012-04-18,3.54,3.67,3.50,3.65,4762807,50338876.00
2012-04-19,3.66,3.70,3.62,3.65,4274509,45833960.00
2012-04-20,3.67,3.74,3.63,3.68,4899158,52880456.00
2012-04-23,3.70,3.73,3.56,3.61,4648013,49191072.00
2012-04-24,3.62,3.62,3.37,3.47,5622888,56892192.00
2012-04-25,3.46,3.51,3.38,3.47,5363912,53929068.00
2012-04-26,3.47,3.55,3.45,3.47,2699371,27637996.00
2012-04-27,3.48,3.52,3.43,3.46,1621435,16425778.00
2012-05-02,3.48,3.60,3.46,3.57,3566020,37008560.00
2012-05-03,3.60,3.70,3.58,3.67,4319437,46264980.00
2012-05-04,3.68,3.71,3.64,3.68,3482389,37443076.00
2012-05-07,3.68,3.68,3.61,3.68,3108042,33114912.00
2012-05-08,3.68,3.79,3.66,3.73,7468467,81819424.00
2012-05-09,3.70,3.71,3.63,3.65,3642876,38932984.00
2012-05-10,3.63,3.70,3.61,3.65,3075994,32854772.00
2012-05-11,3.69,3.71,3.63,3.65,2891794,31024462.00
2012-05-14,3.70,3.81,3.65,3.74,5520866,60482896.00
2012-05-15,3.72,3.91,3.69,3.86,7497014,83064336.00
2012-05-16,3.88,3.90,3.77,3.78,5047789,56381912.00
2012-05-17,3.79,3.86,3.70,3.84,4590032,50805684.00
2012-05-18,3.81,3.87,3.68,3.69,4465183,49122992.00
2012-05-21,3.72,3.73,3.65,3.70,2232576,24038080.00
2012-05-22,3.75,3.82,3.67,3.71,3679833,40139180.00
2012-05-23,3.70,3.86,3.67,3.85,5973070,66062688.00
2012-05-24,3.85,3.87,3.74,3.76,4253003,47050840.00
2012-05-25,3.80,3.80,3.71,3.73,3247921,35559264.00
2012-05-28,3.73,3.84,3.66,3.83,3856133,42306048.00
2012-05-29,3.83,3.99,3.80,3.92,8366829,94876384.00
2012-05-30,3.95,4.04,3.93,3.94,5084375,41933584.00
2012-05-31,3.92,3.99,3.84,3.96,7321832,59302684.00
2012-06-01,3.96,4.05,3.86,3.92,7254145,59378260.00
2012-06-04,3.85,3.91,3.75,3.77,6790517,53649120.00
2012-06-05,3.80,3.82,3.69,3.73,4427426,34348672.00
2012-06-06,3.75,3.78,3.70,3.73,2889725,22364796.00
2012-06-07,3.76,3.82,3.71,3.75,3644112,28436888.00
2012-06-08,3.78,3.82,3.56,3.62,6380904,48931256.00
2012-06-12,3.62,3.71,3.61,3.65,4660504,35464104.00
2012-06-13,3.65,3.76,3.64,3.71,4568183,35065116.00
2012-06-14,3.69,3.70,3.65,3.67,3828371,29157310.00
2012-06-15,3.69,3.70,3.47,3.58,6447787,47989352.00
2012-06-18,3.59,3.62,3.53,3.60,3248113,24167642.00
2012-06-19,3.58,3.60,3.55,3.57,1920086,14247572.00
2012-06-20,3.59,3.60,3.51,3.58,1670635,12362584.00
2012-06-21,3.60,3.60,3.51,3.56,2242679,16488674.00
2012-06-25,3.58,3.58,3.49,3.51,1990689,14588478.00
2012-06-26,3.52,3.56,3.47,3.51,2943442,21489456.00
2012-06-27,3.53,3.53,3.46,3.50,2437004,17688368.00
2012-06-28,3.51,3.54,3.48,3.50,1629351,11873652.00
2012-06-29,3.50,3.60,3.48,3.56,3513100,25889450.00
2012-07-02,3.56,3.58,3.51,3.54,3686961,27037152.00
2012-07-03,3.55,3.57,3.51,3.54,2696990,19845068.00
2012-07-04,3.55,3.58,3.50,3.53,3657943,26836816.00
2012-07-05,3.54,3.54,3.43,3.52,3481193,25213940.00
2012-07-06,3.54,3.57,3.49,3.57,3820070,28064596.00
2012-07-09,3.57,3.74,3.54,3.64,7492260,56947000.00
2012-07-10,3.59,3.69,3.57,3.60,4691868,35302140.00
2012-07-11,3.61,3.73,3.59,3.70,5875264,44801376.00
2012-07-12,3.70,3.79,3.67,3.76,6800345,52761252.00
2012-07-13,3.76,3.85,3.72,3.84,6332184,49927664.00
2012-10-22,3.48,3.59,3.44,3.53,20908875,152973120.00
2012-10-23,3.45,3.59,3.44,3.56,8921187,65491656.00
2012-10-24,3.51,3.63,3.51,3.59,6417702,47971964.00
2012-10-25,3.61,3.63,3.51,3.52,4706265,34997748.00
2012-10-26,3.51,3.55,3.46,3.50,3405160,24700424.00
2012-10-29,3.50,3.57,3.49,3.56,3809712,27993650.00
2012-10-30,3.56,3.60,3.54,3.58,2688456,19922680.00
2012-10-31,3.58,3.95,3.53,3.95,14180637,110481144.00
2012-11-01,3.91,4.36,3.84,4.36,54215589,459144384.00
2012-11-02,4.30,4.36,4.20,4.25,47575530,417830656.00
2012-11-05,4.24,4.29,3.94,4.04,41506301,351018880.00
2012-11-06,4.00,4.02,3.75,3.81,30749261,244472688.00
2012-11-07,3.81,3.84,3.73,3.81,13113275,103021752.00
2012-11-08,3.75,3.78,3.56,3.63,16067681,122105152.00
2012-11-09,3.58,3.67,3.56,3.59,8918341,66725224.00
2012-11-12,3.60,3.63,3.52,3.59,6740227,49843704.00
2012-11-13,3.58,3.76,3.48,3.67,17488026,131909448.00
2012-11-14,3.64,3.78,3.62,3.65,11690114,89545824.00
2012-11-15,3.65,3.65,3.46,3.53,7752678,56857232.00
2012-11-16,3.51,3.57,3.47,3.53,3348911,24481988.00
2012-11-19,3.53,3.59,3.50,3.57,4673715,34293688.00
2012-11-20,3.57,3.68,3.52,3.53,6653985,49741388.00
2012-11-21,3.51,3.56,3.51,3.55,4499829,33077532.00
2012-11-22,3.56,3.56,3.39,3.40,6747069,48792688.00
2012-11-23,3.42,3.60,3.41,3.52,7537207,55278344.00
2012-11-26,3.50,3.57,3.49,3.55,3140576,23043264.00
2012-11-27,3.56,3.59,3.42,3.42,3152839,22725528.00
2012-11-28,3.40,3.42,3.22,3.26,3656871,25086490.00
2012-11-29,3.24,3.32,3.20,3.23,2125285,14391425.00
2012-11-30,3.17,3.30,3.17,3.28,2702358,18311176.00
2012-12-03,3.28,3.35,3.19,3.20,2577126,17604732.00
2012-12-04,3.16,3.25,3.01,3.17,4372500,28592112.00
2012-12-05,3.16,3.43,3.06,3.32,7351340,50277096.00
2012-12-06,3.32,3.38,3.28,3.32,3894560,26940386.00
2012-12-07,3.34,3.41,3.26,3.37,4930408,34557896.00
2012-12-10,3.39,3.54,3.38,3.48,5880511,42540748.00
2012-12-11,3.47,3.57,3.44,3.48,3371806,24482728.00
2012-12-12,3.49,3.65,3.49,3.61,6847236,50722944.00
2012-12-13,3.63,3.83,3.58,3.74,9536260,73910216.00
2012-12-14,3.71,3.91,3.69,3.85,8796080,69350592.00
2012-12-17,3.83,3.87,3.74,3.79,6769079,53229760.00
2012-12-18,3.78,3.82,3.72,3.78,5909925,46163908.00
2012-12-19,3.79,3.83,3.71,3.79,5615938,44049752.00
2012-12-20,3.79,3.87,3.71,3.85,6878885,54329812.00
2012-12-21,3.85,4.05,3.82,4.01,10022627,82232240.00
2012-12-24,4.04,4.11,3.93,3.96,7613970,63338904.00
2012-12-25,3.97,4.04,3.92,4.01,7608504,63010416.00
2012-12-26,4.01,4.20,3.99,4.14,6865999,58276836.00
2012-12-27,4.14,4.57,4.14,4.39,15797544,142918304.00
2012-12-28,4.34,4.44,4.29,4.38,7742636,69631624.00
2012-12-31,4.39,4.48,4.27,4.43,7021612,63343612.00
2013-01-04,4.43,4.46,4.30,4.39,6464119,58670940.00
2013-01-07,4.39,4.57,4.37,4.52,5546740,51274964.00
2013-01-08,4.57,4.76,4.45,4.51,9299355,87806792.00
2013-01-09,4.54,4.56,4.42,4.54,5844262,54406088.00
2013-01-10,4.53,4.72,4.49,4.66,6707502,64147904.00
2013-01-11,4.69,4.71,4.58,4.67,6417756,61279112.00
2013-01-14,4.65,4.89,4.61,4.80,6892491,67963424.00
2013-01-15,4.77,5.16,4.77,5.15,9874654,102049744.00
2013-01-16,5.17,5.36,5.06,5.22,11253924,120265408.00
2013-01-17,5.24,5.76,5.24,5.71,14544741,165278512.00
2013-01-18,5.61,5.82,5.50,5.66,11110035,128779296.00
2013-01-21,5.70,5.75,5.61,5.70,5982755,69612888.00
2013-01-22,5.70,5.96,5.63,5.72,7728800,91142136.00
2013-01-23,5.71,5.71,5.39,5.54,13093493,148457488.00
2013-01-24,5.45,5.94,5.42,5.91,12044590,138972912.00
2013-01-25,5.99,6.00,5.71,5.74,6765361,80284240.00
2013-01-28,5.84,6.06,5.76,5.81,7525076,90312000.00
2013-01-29,5.84,5.95,5.82,5.90,8933502,107399816.00
2013-01-30,5.90,6.49,5.90,6.45,14399176,183348944.00
2013-01-31,6.44,6.93,6.34,6.80,19246499,260876176.00
2013-02-01,6.72,7.04,6.68,6.88,12822703,179308016.00
2013-02-04,6.88,6.95,6.77,6.84,11117730,155690688.00
2013-02-05,6.81,6.89,6.77,6.80,8370132,116697632.00
2013-02-06,6.81,7.14,6.77,7.12,12264331,172748928.00
2013-02-07,7.11,7.51,7.09,7.47,13736935,207728656.00
2013-02-08,7.52,7.79,7.41,7.68,9630904,149655504.00
2013-02-18,7.81,8.46,7.69,8.46,13878366,232197840.00
2013-02-19,8.46,9.06,7.85,7.90,28580493,496155936.00
2013-02-20,7.79,8.35,7.74,8.22,16304263,267778192.00
2013-02-21,8.12,8.63,8.11,8.58,12135561,208954800.00
2013-02-22,8.62,9.45,8.59,9.45,19768044,365692416.00
2013-02-26,9.40,9.71,9.15,9.29,15718372,298292256.00
2013-02-27,9.34,10.23,9.29,10.22,19171735,374996000.00
2013-02-28,10.26,10.64,9.96,10.41,14690321,308177216.00
2013-03-01,10.41,11.11,9.87,10.69,21911796,474461408.00
2013-03-04,10.71,11.06,10.45,10.91,14265431,312507552.00
2013-03-05,10.91,12.01,10.86,11.99,16185871,379700384.00
2013-03-06,12.04,12.55,11.44,11.99,30128826,728895232.00
2013-03-07,11.97,13.20,11.96,13.20,21736483,553343680.00
2013-03-12,13.22,14.25,12.46,14.03,25857568,704542528.00
2013-03-13,13.99,14.49,13.46,14.09,19224956,548642112.00
2013-03-14,14.05,14.47,13.61,13.73,11982858,338016416.00
2013-03-15,13.62,13.83,12.34,12.69,20184457,517738720.00
2013-03-18,12.56,13.04,12.32,12.98,17274091,447408640.00
2013-03-19,12.99,13.26,11.67,11.67,23969258,591912064.00
2013-03-20,11.40,11.89,11.29,11.58,21614287,504539168.00
2013-03-21,11.58,11.96,11.53,11.93,13501098,321896672.00
2013-03-22,12.06,12.11,11.69,11.95,10575569,254614384.00
2013-03-25,11.95,12.75,11.91,12.55,11801233,295335936.00
2013-03-26,12.46,12.76,12.36,12.71,6649858,169480640.00
2013-03-27,12.70,13.26,12.70,13.15,10132334,266690016.00
2013-03-28,13.21,13.31,12.83,12.90,8280727,218759088.00
2013-03-29,12.86,13.10,11.76,12.85,10494612,267520688.00
2013-04-01,12.86,12.96,12.52,12.89,6061313,157290160.00
2013-04-02,12.89,12.97,12.56,12.73,4888092,126412504.00
2013-04-03,12.86,12.86,12.31,12.39,4477885,113688848.00
2013-04-08,12.36,12.62,11.97,12.23,5032021,124830688.00
2013-04-09,12.28,12.51,12.01,12.46,4115803,102132968.00
2013-04-10,12.37,13.68,12.37,13.66,12853203,344065984.00
2013-04-11,13.61,14.04,13.56,14.00,10157281,283930208.00
2013-04-12,13.96,14.51,13.94,14.32,11567988,334198592.00
2013-04-15,14.32,14.49,13.86,13.87,8407816,239592416.00
2013-04-16,13.75,14.46,13.75,14.32,7914389,228382896.00
2013-04-17,14.35,14.70,14.11,14.55,5835233,170215424.00
2013-04-18,14.70,15.98,14.46,15.60,15585200,481496992.00
2013-04-19,15.64,15.95,15.41,15.85,12593127,399348960.00
2013-04-22,16.43,17.44,15.92,17.44,26751865,460876288.00
2013-04-23,17.42,18.38,16.94,18.02,47812774,854158272.00
2013-04-24,18.18,18.89,17.58,18.55,45102412,829842880.00
2013-04-25,18.37,18.92,16.69,17.22,51774651,930745152.00
2013-04-26,17.09,17.59,16.42,17.25,25932468,446568896.00
2013-05-02,17.62,18.98,17.62,18.98,44271835,831556032.00
2013-05-03,19.12,20.20,19.12,20.02,47618873,946258112.00
2013-05-06,20.12,20.92,19.52,20.79,33361548,679353536.00
2013-05-07,20.72,22.42,20.43,22.32,38222652,827846400.00
2013-05-08,22.10,22.69,21.42,22.12,38394054,849957056.00
2013-05-09,22.07,22.29,20.50,20.84,44805104,953156544.00
2013-05-10,20.54,21.27,18.91,19.81,50407575,1016553792.00
2013-05-13,19.67,20.02,18.54,18.90,44086484,847411456.00
2013-05-14,18.92,19.75,18.72,19.35,34579513,669226944.00
2013-05-15,19.40,19.58,18.19,18.45,38467437,719268608.00
2013-05-16,18.10,19.01,17.77,18.48,31355040,579362816.00
2013-05-17,18.47,18.92,18.22,18.70,21766636,407750112.00
2013-05-20,18.70,18.87,17.68,17.79,40129158,724298176.00
2013-05-21,17.79,17.92,17.42,17.91,33794649,600941376.00
2013-05-22,17.87,18.21,17.67,17.94,28109946,506248576.00
2013-05-23,17.91,18.03,17.51,17.59,27841969,496172000.00
2013-05-24,17.52,17.80,16.95,17.60,33529282,583841408.00
2013-05-27,17.42,19.22,17.34,19.11,48190959,896943296.00
2013-05-28,19.18,20.22,18.55,18.64,53912291,1046636416.00
2013-05-29,18.42,18.91,17.57,18.14,28396583,519144256.00
2013-05-30,18.06,18.27,17.58,17.74,19456830,348153344.00
2013-05-31,17.71,18.28,17.59,17.89,20798700,375208800.00
2013-06-03,17.92,18.32,17.83,18.19,20464306,372374016.00
2013-06-04,18.20,18.88,17.94,18.86,25825777,477511776.00
2013-06-05,17.67,17.80,16.97,16.97,41497800,715912320.00
2013-06-06,15.52,16.37,15.27,15.78,48090135,760299840.00
2013-06-07,15.63,15.94,14.72,15.69,33307619,518469504.00
2013-10-28,14.11,14.11,14.11,14.11,2170900,30805072.00
2013-10-29,12.69,12.69,12.69,12.69,18948200,241968512.00
2013-10-30,11.48,12.52,11.48,11.76,50999059,607339776.00
2013-10-31,11.67,11.94,11.34,11.58,25229928,294388736.00
2013-11-01,11.56,11.73,10.62,11.60,37345337,419558816.00
2013-11-04,11.60,12.55,11.35,12.15,35093964,425431712.00
2013-11-05,11.99,12.35,11.87,12.25,15907369,194890016.00
2013-11-06,12.19,12.41,11.86,11.88,13333076,161874176.00
2013-11-07,11.82,11.84,11.50,11.63,11692495,137577632.00
2013-11-08,11.37,11.58,10.46,10.46,24415866,268010880.00
2013-11-11,9.82,9.86,9.41,9.41,36000737,344618688.00
2013-11-12,8.67,9.58,8.51,9.17,88683765,796302784.00
2013-11-13,8.92,9.09,8.74,8.78,37217082,335430304.00
2013-11-14,8.72,8.87,8.44,8.72,31835903,278081056.00
2013-11-15,8.79,9.48,8.72,9.06,45589842,418454976.00
2013-11-18,9.00,9.25,8.84,9.24,34327196,314130592.00
2013-11-19,9.22,9.57,9.10,9.48,32872614,310362240.00
2013-11-20,9.51,9.54,9.27,9.39,20928898,197888128.00
2013-11-21,9.37,10.34,9.33,10.34,50806693,511843648.00
2013-11-22,10.67,11.38,10.42,11.38,56036918,617744512.00
2013-11-25,11.85,12.45,11.49,12.03,92546215,1115536128.00
2013-11-26,11.92,13.21,11.63,12.94,79291050,991703680.00
2013-11-27,12.79,13.20,12.40,12.80,73593032,945725888.00
2013-11-28,12.62,12.87,12.32,12.40,44076526,555917440.00
2013-11-29,12.42,12.51,12.00,12.22,41495626,509473440.00
2013-12-02,11.92,12.70,11.62,11.81,55411898,680177920.00
2013-12-03,11.43,12.41,10.62,11.86,57398947,657275648.00
2013-12-04,11.50,12.00,11.48,11.63,35827301,423109024.00
2013-12-05,11.67,12.12,11.47,11.77,37238052,442389600.00
2013-12-06,11.76,11.86,11.21,11.37,26939592,310834848.00
2013-12-09,11.28,11.59,11.27,11.44,17841710,205324880.00
2013-12-10,11.46,12.59,11.46,12.59,83188465,1033084672.00
2013-12-11,12.49,12.63,11.95,12.21,51144591,630152512.00
2013-12-12,12.10,12.37,11.72,11.78,37717696,454993728.00
2013-12-13,11.52,11.77,11.08,11.22,42581361,488493472.00
2013-12-16,11.22,11.58,10.78,11.26,32307755,366832704.00
2013-12-17,11.21,11.32,10.59,10.61,26463408,291275392.00
2013-12-18,10.61,10.87,10.58,10.75,15954498,172229856.00
2013-12-19,10.63,10.72,10.07,10.11,26766438,280191264.00
2013-12-20,10.12,10.18,9.62,9.72,23561737,233534416.00
2013-12-23,9.73,10.02,9.51,9.87,17122126,169271984.00
2013-12-24,9.88,10.34,9.84,10.16,21641984,220936480.00
2013-12-25,10.10,10.34,9.93,10.23,13697231,140084704.00
2013-12-26,10.23,10.31,9.72,9.80,16469992,166103632.00
2013-12-27,9.80,10.04,9.53,9.94,14029117,139541392.00
2013-12-30,9.96,10.82,9.94,10.57,29220884,310617696.00
2013-12-31,10.42,10.79,10.34,10.56,22399723,238978800.00
2014-01-02,10.51,10.65,10.34,10.54,12746570,134587440.00
2014-01-03,10.43,10.58,10.08,10.19,17612377,181671072.00
2014-01-06,10.15,10.19,9.83,9.87,12903175,129291720.00
2014-01-07,9.80,10.13,9.75,10.09,11341562,114407432.00
2014-01-08,10.02,11.11,10.00,11.11,53156459,586634752.00
2014-01-09,11.22,11.40,10.77,10.82,37291114,414800256.00
2014-01-10,10.67,11.04,10.42,11.00,30369829,329588448.00
2014-01-13,10.97,11.05,10.52,10.74,20948813,227391744.00
2014-01-14,10.58,10.99,10.53,10.88,20507183,223101520.00
2014-01-15,10.79,10.90,10.64,10.77,16372036,177246064.00
2014-01-16,10.79,11.62,10.79,11.37,43422729,495258080.00
2014-01-17,11.27,11.57,11.09,11.15,26698293,303197728.00
2014-01-20,11.03,11.50,10.98,11.37,20406182,231310896.00
2014-01-21,11.25,12.07,11.18,11.84,40819872,480878336.00
2014-01-22,11.75,12.52,11.70,12.19,46936980,572042048.00
2014-01-23,12.08,12.80,11.98,12.49,47341921,596846528.00
2014-01-24,12.42,12.58,12.14,12.34,36001177,445151360.00
2014-01-27,12.23,12.23,11.72,11.78,31173381,373267360.00
2014-01-28,11.75,12.07,11.63,11.76,19001321,226697344.00
2014-01-29,11.82,12.45,11.82,12.32,33972567,416473632.00
2014-01-30,12.25,12.41,11.93,11.96,20879020,253734784.00
2014-02-07,11.86,12.19,11.52,12.14,18428767,221094768.00
2014-02-10,12.14,12.47,12.14,12.31,28609276,353932224.00
2014-02-11,12.35,12.46,11.92,11.98,31441524,382763296.00
2014-02-12,11.98,12.24,11.77,12.09,22310794,270589824.00
2014-02-13,12.09,12.09,11.52,11.62,23119898,276046144.00
2014-02-14,11.49,11.68,11.33,11.50,23381601,270654624.00
2014-02-17,11.47,12.11,11.46,12.05,30849486,369591136.00
2014-02-18,12.06,12.27,11.82,11.92,26653771,321560480.00
2014-02-19,11.96,12.32,11.54,12.15,44332330,536930496.00
2014-02-20,12.15,12.21,11.68,11.73,27893616,333479424.00
2014-02-21,11.71,11.85,11.43,11.55,18063248,211364384.00
2014-02-24,11.40,11.54,11.02,11.10,21826880,246333968.00
2014-02-25,11.10,11.23,10.03,10.32,28012435,304448448.00
2014-02-26,10.22,10.67,9.80,10.48,20087099,207493056.00
2014-02-27,10.43,10.51,10.07,10.17,19930134,206674368.00
2014-02-28,10.01,10.30,9.97,10.25,10799427,110528152.00
2014-03-03,10.23,10.39,10.14,10.35,10602133,110104720.00
2014-03-04,10.34,10.49,10.19,10.48,12464953,130229864.00
2014-03-05,10.57,10.61,10.28,10.29,14336821,149944752.00
2014-03-06,10.12,10.30,9.90,10.07,20809036,210417440.00
2014-03-07,10.05,10.21,10.00,10.03,10050275,102258088.00
2014-03-10,10.01,10.01,9.67,9.69,11760386,116524488.00
2014-03-11,9.55,9.87,9.55,9.77,9227871,90575648.00
2014-03-12,9.81,10.25,9.81,10.00,14695634,148311920.00
2014-03-13,9.93,10.05,9.90,10.00,8680750,87385960.00
2014-03-14,9.95,10.00,9.71,9.83,7968713,79328672.00
2014-03-17,9.83,9.99,9.83,9.97,8297991,83060032.00
2014-03-18,10.02,10.18,9.95,10.13,12215078,124171568.00
2014-03-19,10.13,10.14,9.91,9.98,8373772,84185648.00
2014-03-20,10.01,10.04,9.65,9.68,9615394,95544400.00
2014-03-21,9.66,9.88,9.30,9.84,12909319,124239808.00
2014-03-24,9.85,10.00,9.81,9.94,9485634,94853776.00
2014-03-25,9.94,10.34,9.87,10.32,12311622,124775152.00
2014-03-26,10.22,10.23,10.02,10.12,14031762,143097936.00
2014-03-27,10.08,10.08,9.70,9.73,10589473,105283328.00
2014-03-28,9.75,9.87,9.55,9.62,7067311,69005112.00
2014-03-31,9.57,9.70,9.47,9.62,5026370,48428076.00
2014-04-01,9.61,9.74,9.57,9.70,4886660,47661440.00
2014-04-02,9.70,10.28,9.67,10.07,16548648,167612432.00
2014-04-03,10.06,10.47,10.02,10.38,23930568,248726784.00
2014-04-04,10.38,10.53,10.18,10.27,13348505,138848032.00
2014-04-08,10.26,10.42,10.12,10.31,9806872,101450688.00
2014-04-09,10.27,10.45,10.27,10.35,8610048,89917568.00
2014-04-10,10.39,10.52,10.27,10.30,11559390,120879600.00
2014-04-11,10.29,10.29,10.12,10.20,6791458,69622680.00
2014-04-14,10.19,10.39,10.05,10.24,7504840,77434592.00
2014-04-15,10.22,10.40,10.20,10.30,8515429,88498088.00
2014-04-16,10.24,10.77,10.16,10.50,16236120,171880368.00
2014-04-17,10.41,10.61,10.25,10.27,11828941,124130392.00
2014-04-18,10.26,10.43,10.17,10.29,5302982,54971700.00
2014-04-21,10.19,10.46,10.17,10.39,12056841,126293760.00
2014-04-22,10.27,10.47,10.13,10.22,8203546,84872384.00
2014-04-23,10.22,10.33,9.99,10.01,8129683,82886336.00
2014-04-24,10.00,10.05,9.67,9.72,10964721,108264120.00
2014-04-25,9.80,10.05,9.74,9.85,8508059,85070368.00
2014-04-28,9.90,9.94,9.36,9.39,6921168,66934056.00
2014-04-29,9.37,9.55,9.19,9.48,7251558,68558640.00
2014-04-30,9.51,9.57,9.42,9.48,5504483,52754236.00
2014-05-05,9.51,9.65,9.46,9.64,5005999,48167168.00
2014-05-06,9.64,9.88,9.62,9.71,5223950,51390832.00
2014-05-07,9.68,9.76,9.51,9.51,3836418,37186652.00
2014-05-08,9.52,9.62,9.33,9.45,5289162,50649192.00
2014-05-09,9.44,9.51,9.12,9.28,6392536,59879536.00
2014-05-12,9.39,9.54,9.25,9.53,5414933,51496688.00
2014-05-13,9.54,9.67,9.42,9.47,5323819,51088540.00
2014-05-14,9.43,9.61,9.43,9.53,4239742,40636096.00
2014-05-15,9.47,9.54,9.37,9.39,5288192,50385956.00
2014-05-16,9.40,9.51,9.35,9.42,4107253,39040668.00
2014-05-19,9.37,9.63,9.28,9.61,7953995,76153968.00
2014-05-20,9.59,9.84,9.52,9.71,9660614,94733624.00
2014-05-21,9.70,9.77,9.53,9.72,5025927,48870816.00
2014-05-22,9.71,9.74,9.32,9.45,15071987,144195408.00
2014-05-23,9.35,9.45,9.14,9.37,14690209,137431904.00
2014-05-26,9.33,9.45,9.22,9.36,9434430,88782576.00
2014-05-27,9.35,9.41,9.28,9.32,5176986,48719728.00
2014-05-28,9.37,9.41,9.29,9.40,6006646,56681808.00
2014-05-29,9.40,9.40,9.19,9.19,6818839,63696848.00
2014-05-30,9.24,9.35,9.21,9.25,4528127,42406328.00
2014-06-03,9.24,9.31,9.00,9.03,9646019,89043840.00
2014-06-04,9.05,9.10,8.65,8.83,9442588,84298688.00
2014-06-05,8.82,8.92,8.77,8.90,5706498,50908376.00
2014-06-06,8.93,9.80,8.82,9.62,27581452,263760112.00
2014-06-09,9.55,10.40,9.46,10.15,33302883,335988864.00
2014-06-10,10.03,10.31,9.92,10.18,20224499,205970320.00
2014-06-11,10.11,10.21,10.01,10.10,12392891,126131120.00
2014-06-19,10.11,11.11,9.93,10.29,32470787,343935232.00
2014-06-20,10.27,10.57,9.91,10.04,15114445,155769232.00
2014-06-23,10.09,10.16,9.80,10.03,10225121,102442704.00
2014-06-24,10.05,10.14,9.91,10.03,7432113,75024272.00
2014-06-25,10.03,10.14,9.93,9.94,6106549,61727672.00
2014-06-26,10.02,10.03,9.84,9.89,9764324,97603968.00
2014-06-27,9.90,10.44,9.83,10.27,16096733,165736656.00
2014-06-30,10.25,10.36,10.06,10.13,11066630,113039272.00
2014-07-01,10.14,10.27,9.96,10.11,8660827,88246168.00
2014-07-02,10.10,10.21,10.06,10.17,8539802,87103448.00
2014-07-03,10.17,10.33,10.10,10.28,9654600,99468512.00
2014-07-04,10.28,10.92,10.27,10.54,19421344,208284816.00
2014-07-07,10.57,10.62,10.27,10.36,10552635,110426984.00
2014-07-08,10.36,10.53,10.32,10.35,7642176,80170800.00
2014-07-09,10.33,10.43,10.22,10.25,7133655,74053600.00
2014-07-10,10.25,10.36,10.23,10.27,6302974,65422656.00
2014-07-11,10.27,10.36,10.13,10.28,7026800,72642808.00
2014-07-14,10.26,10.33,10.18,10.26,6959094,71798312.00
2014-07-15,10.26,10.76,10.26,10.59,18596576,197378784.00
2014-07-16,10.42,10.70,10.37,10.47,11504369,122076800.00
2014-07-17,10.50,10.56,10.38,10.49,9602449,101403456.00
2014-07-18,10.49,10.60,10.41,10.42,6400940,67668720.00
2014-07-21,10.41,10.47,10.04,10.08,8234259,85077312.00
2014-07-22,10.09,10.44,10.09,10.40,9267436,95524360.00
2014-07-23,10.40,10.55,10.23,10.44,10268852,107768504.00
2014-07-24,10.36,10.48,10.25,10.29,7811118,81420864.00
2014-07-25,10.22,10.37,10.22,10.31,5499398,57000312.00
2014-07-28,10.29,10.70,10.26,10.61,15844130,168120016.00
2014-07-29,10.54,10.70,10.52,10.63,12243152,130813360.00
2014-07-30,10.64,10.69,10.48,10.60,9682703,102983200.00
2014-07-31,10.58,10.67,10.50,10.60,11310268,120631168.00
2014-08-01,10.63,11.07,10.61,10.71,26743919,291935552.00
2014-08-04,10.69,10.97,10.69,10.92,16645101,182026880.00
2014-08-05,11.05,12.02,10.82,11.69,45568748,528626336.00
2014-08-06,11.50,11.77,11.41,11.57,24946621,291114656.00
2014-08-07,11.47,11.66,11.36,11.43,15195726,175810560.00
2014-08-08,11.47,11.72,11.47,11.49,12849490,149619392.00
2014-08-11,11.54,11.69,11.27,11.51,13351961,153540240.00
2014-08-12,11.51,11.52,11.24,11.38,13733174,156570112.00
2014-08-13,11.38,11.44,11.26,11.32,10396323,118304896.00
2014-08-14,11.29,11.61,11.27,11.34,14598528,167296448.00
2014-08-15,11.34,11.87,11.32,11.68,25108686,294088832.00
2014-08-18,11.75,12.05,11.65,11.90,23691775,283772160.00
2014-08-19,11.98,12.04,11.66,11.69,15076961,178102688.00
2014-08-20,11.66,11.83,11.56,11.60,12720601,149326416.00
2014-08-21,11.57,11.69,11.36,11.45,11683387,134599136.00
2014-08-22,11.48,11.59,11.40,11.53,9689286,111607648.00
2014-08-25,11.56,11.59,11.38,11.48,9150343,105273872.00
2014-08-26,11.46,11.52,11.11,11.22,10998855,124477664.00
2014-08-27,11.21,11.41,11.14,11.24,6724802,76076456.00
2014-08-28,11.36,11.36,10.88,10.90,11251497,124882928.00
2014-08-29,10.94,11.01,10.82,10.95,6381088,69821072.00
2014-09-01,10.91,11.26,10.85,11.19,8866100,99259712.00
2014-09-02,11.25,11.54,11.16,11.53,14655333,167541840.00
2014-09-03,11.55,11.64,11.43,11.54,15415800,178843312.00
2014-09-04,11.56,12.53,11.45,12.11,38789176,463914272.00
2014-09-05,12.11,12.41,11.85,12.12,46130375,559872192.00
2014-09-09,12.07,12.74,11.96,12.11,28729543,350762144.00
2014-09-10,12.11,12.12,11.84,11.98,18815279,226019696.00
2014-09-11,12.00,12.09,11.88,11.89,16179538,194536112.00
2014-09-12,11.88,12.26,11.86,12.15,15571681,189496592.00
2014-09-15,12.15,12.26,12.08,12.19,13910163,170123952.00
2014-09-16,12.19,12.25,11.65,11.67,18108013,217792912.00
2014-09-17,11.63,11.79,11.46,11.61,11297317,131543464.00
2014-09-18,11.67,11.71,11.52,11.63,8036015,93491184.00
2014-09-19,11.63,11.85,11.59,11.78,9752504,114374608.00
2014-09-22,11.84,11.84,11.43,11.46,10656151,123933568.00
2014-09-23,11.44,11.63,11.41,11.54,7919812,91857672.00
2014-09-24,11.56,11.81,11.49,11.69,8734899,102400240.00
2014-09-25,11.76,11.83,11.56,11.60,13292422,156056928.00
2014-09-26,11.56,11.73,11.54,11.67,8038985,93939192.00
2014-09-29,11.64,11.74,11.63,11.68,9122610,107046312.00
2014-09-30,11.71,11.75,11.54,11.59,12630463,147277440.00
2014-10-08,11.59,12.36,11.59,12.24,34045141,413294912.00
2014-10-09,12.29,12.56,12.06,12.33,22721680,280373440.00
2014-10-10,12.29,12.42,12.15,12.31,15559120,191994608.00
2014-10-13,12.29,12.33,12.05,12.12,12358494,150845376.00
2014-10-14,12.18,12.18,11.92,12.04,10332707,125152504.00
2014-10-15,12.07,12.15,11.94,12.06,8199563,98995648.00
2014-10-16,12.04,12.39,12.01,12.27,17466319,214972000.00
2014-10-17,12.26,12.28,11.76,12.10,14731743,177331504.00
2014-10-20,12.10,12.45,11.98,12.42,19676123,241622832.00
2014-10-21,12.51,12.65,12.15,12.17,18094007,224886176.00
2014-10-22,12.09,12.26,11.89,11.90,12509092,151486176.00
2014-10-23,11.89,11.94,11.61,11.68,10368144,122115120.00
2014-10-24,11.68,11.92,11.66,11.76,6227822,73597664.00
2014-10-27,11.72,11.90,11.69,11.83,5548043,65815568.00
2014-10-28,11.79,12.06,11.79,12.03,10042964,120670056.00
2014-10-29,12.07,12.12,11.98,12.10,15522838,187558816.00
2014-10-30,12.14,12.26,11.99,12.05,11293065,137105536.00
2014-10-31,12.02,12.20,12.02,12.15,12837288,155935840.00
2014-11-03,12.16,12.43,12.16,12.36,18832954,232662432.00
2014-11-04,12.38,12.72,12.22,12.69,32305626,406265472.00
2014-11-05,12.70,13.05,12.48,12.89,29321917,376550464.00
2014-11-06,12.89,13.16,12.73,12.85,19630060,254560736.00
2014-11-07,12.91,13.16,12.74,12.80,18801889,244359072.00
2014-11-10,12.81,12.91,12.59,12.73,11917260,151626912.00
2014-11-11,12.74,12.81,12.14,12.22,17324884,215689168.00
2014-11-12,12.25,12.42,12.21,12.36,8749077,108152512.00
2014-11-13,12.50,12.50,12.17,12.27,9059338,111761368.00
2014-11-14,12.25,12.25,12.00,12.09,7121958,86232904.00
2014-11-17,12.14,12.48,12.10,12.31,8094583,100148288.00
2014-11-18,12.30,12.40,12.06,12.15,8534197,104071264.00
2014-11-19,12.13,12.28,12.05,12.26,7010222,85339448.00
2014-11-20,12.15,12.33,12.06,12.12,7838791,95734904.00
2014-11-21,12.10,12.20,12.01,12.20,10970462,133223976.00
2014-11-24,12.29,12.38,12.14,12.19,13407705,164825264.00
2014-11-25,12.22,12.70,12.11,12.52,17980185,224988016.00
2014-11-26,12.53,12.60,12.31,12.42,8762298,109121856.00
2014-11-27,12.42,12.86,12.42,12.56,18387494,233134240.00
2014-11-28,12.56,12.63,12.39,12.60,13005343,163279040.00
2014-12-01,12.59,12.60,12.14,12.24,14429424,177856800.00
2014-12-02,12.19,12.41,12.17,12.27,10225995,126079024.00
2014-12-03,12.28,12.36,12.05,12.21,16469241,200911200.00
2014-12-04,12.21,12.32,12.12,12.29,18919456,231947360.00
2014-12-05,12.19,12.24,11.45,11.66,25945053,307548832.00
2014-12-08,11.67,11.67,11.34,11.52,16810466,193298656.00
2014-12-09,11.52,11.86,11.47,11.66,18507982,216458720.00
2014-12-10,11.63,11.96,11.46,11.94,14353984,169221200.00
2014-12-11,11.93,12.31,11.89,12.24,16634822,203015184.00
2014-12-12,12.24,12.39,12.18,12.30,16963483,208916880.00
2014-12-15,12.27,12.41,12.11,12.28,11328014,139522432.00
2014-12-16,12.28,12.31,11.76,11.95,15915833,191895088.00
2014-12-17,11.89,12.06,11.34,12.06,21195455,247810880.00
2014-12-18,12.01,12.08,11.75,11.81,13221216,157787488.00
2014-12-19,11.81,11.94,11.44,11.63,11194707,130723256.00
2014-12-22,11.63,11.86,10.97,11.19,16138031,183297664.00
2014-12-23,11.19,11.37,11.06,11.17,10274345,115777960.00
2014-12-24,11.17,11.84,11.11,11.82,17396352,199434800.00
2014-12-25,11.62,12.31,11.62,11.92,17249508,208244112.00
2014-12-26,11.91,12.02,11.65,11.68,9536686,112217800.00
2014-12-29,11.68,11.81,11.29,11.38,11566044,133264040.00
2014-12-30,11.37,11.59,11.14,11.40,12678619,144312272.00
2014-12-31,11.42,11.81,11.29,11.76,13162360,153989040.00
2015-01-05,11.76,11.86,11.46,11.71,11493674,134000192.00
2015-01-06,11.69,11.81,11.53,11.73,9499930,111339592.00
2015-01-07,11.72,11.92,11.53,11.67,11779167,138496272.00
2015-01-08,11.68,11.78,11.50,11.52,10740528,125084568.00
2015-01-09,11.47,11.72,11.28,11.31,10291120,119141672.00
2015-01-12,11.33,11.42,11.18,11.38,7989449,90440640.00
2015-01-13,11.36,11.43,11.28,11.29,7339364,83499528.00
2015-01-14,11.61,11.66,11.36,11.44,9409278,108730768.00
2015-01-15,11.45,12.36,11.44,12.18,29824833,358505792.00
2015-01-16,12.26,12.35,11.99,12.22,20301930,248457520.00
2015-01-19,12.11,12.66,11.68,12.03,23268817,286299296.00
2015-01-20,12.25,12.54,12.06,12.40,16648856,206502912.00
2015-01-21,12.42,12.81,12.42,12.55,19798305,251416256.00
2015-01-22,12.55,12.63,12.33,12.50,14922410,186095296.00
2015-01-23,12.56,13.75,12.36,13.75,34412444,457684160.00
2015-01-26,13.96,14.81,13.86,14.35,68979906,990071808.00
2015-01-27,14.58,15.54,14.14,14.90,51518038,757605824.00
2015-01-28,14.86,15.24,14.64,14.74,37888609,568588096.00
2015-01-29,14.51,15.20,14.49,14.87,25210862,376915296.00
2015-01-30,14.89,15.14,14.51,14.57,19994523,295610176.00
2015-02-02,14.32,14.79,14.27,14.32,13801325,200957392.00
2015-02-03,14.51,14.86,14.36,14.46,14967601,217979712.00
2015-02-04,14.56,15.74,14.12,15.36,33117600,498278880.00
2015-02-05,15.32,16.13,15.16,15.53,36599005,576350080.00
2015-02-06,15.72,16.04,14.96,15.31,25641705,397514720.00
2015-02-09,15.33,15.36,14.89,14.95,16351635,246293328.00
2015-02-10,14.78,15.08,14.49,14.67,13608723,200273264.00
2015-02-11,14.67,15.26,14.54,14.77,14274731,213333056.00
2015-02-12,14.86,15.06,14.56,14.70,16082562,237809024.00
2015-02-13,14.79,15.04,14.66,14.86,14094840,210280720.00
2015-02-16,14.86,15.23,14.85,14.95,13946229,209448176.00
2015-02-17,14.98,15.50,14.87,15.36,18253297,278406112.00
2015-02-25,15.32,16.06,15.31,15.80,17329206,272767136.00
2015-02-26,15.78,15.86,15.22,15.48,14451912,224806960.00
2015-02-27,15.49,15.64,15.34,15.46,10492528,162724720.00
2015-03-02,15.56,15.62,15.37,15.53,13358358,207327408.00
2015-03-03,15.54,16.12,15.51,15.55,18646361,295353056.00
2015-03-04,15.62,15.76,15.29,15.43,13186236,203700096.00
2015-03-05,15.45,15.51,14.86,14.94,21464814,323247392.00
2015-03-06,14.97,15.11,14.88,14.93,10474381,157410672.00
2015-03-09,14.83,15.21,14.77,15.16,9653297,145540608.00
2015-03-10,15.16,15.26,14.86,15.12,10205620,154455312.00
2015-03-11,15.16,15.22,14.91,15.03,10074479,152355920.00
2015-03-12,15.12,15.20,14.81,15.02,10469747,157336128.00
2015-03-13,14.96,15.19,14.96,15.05,8124547,122747336.00
2015-03-16,15.10,15.64,15.06,15.45,17641574,271932512.00
2015-03-17,15.36,15.79,15.32,15.48,18617816,290648704.00
2015-03-18,15.55,15.76,15.30,15.65,19165915,298779488.00
2015-03-19,15.66,17.22,15.61,16.85,44825993,742987456.00
2015-03-20,16.66,17.38,16.65,16.98,26188406,446064640.00
2015-03-23,17.05,17.17,16.79,17.04,19235286,326975744.00
2015-03-24,17.42,17.44,16.28,17.21,33625470,571974016.00
2015-03-25,17.20,17.20,16.72,16.87,17393242,294772448.00
2015-03-26,16.81,17.31,16.56,16.86,23595277,400905248.00
2015-03-27,16.88,18.45,16.88,18.25,39644172,707381824.00
2015-03-30,18.11,18.41,17.82,18.09,26349772,480067648.00
2015-03-31,18.12,18.55,17.90,18.07,26999664,492702976.00
2015-04-01,18.14,18.26,17.86,18.15,23441080,423886816.00
2015-04-02,18.18,18.76,17.97,18.29,21095122,389110784.00
2015-04-03,18.23,18.65,17.97,18.34,18330388,336489408.00
2015-04-07,18.34,19.26,18.33,18.88,30783196,577503232.00
2015-04-08,18.89,19.08,17.96,18.24,24096063,445919872.00
2015-04-09,18.27,18.46,17.51,18.11,21410769,384733440.00
2015-04-10,18.21,18.42,17.96,18.24,18344379,334372928.00
2015-04-13,18.56,18.75,18.15,18.23,22581822,415068704.00
2015-04-14,18.24,18.24,17.71,17.81,23689457,426026464.00
2015-04-15,17.81,17.82,16.99,17.14,20157183,349441952.00
2015-04-16,16.96,17.56,16.46,17.29,20336759,347534720.00
2015-04-17,17.39,17.53,16.96,17.00,21991966,377401280.00
2015-04-20,16.96,17.41,16.55,17.07,23082879,395441056.00
2015-04-21,17.04,18.24,17.04,18.06,27107254,481263008.00
2015-04-22,18.16,18.84,18.16,18.25,26632845,492810624.00
2015-04-23,18.21,18.75,18.16,18.53,24778852,458167488.00
2015-04-24,18.43,18.53,18.02,18.31,18850942,344820832.00
2015-04-27,18.42,19.15,18.30,18.32,26599711,496024736.00
2015-04-28,18.32,18.39,17.10,17.35,21100351,373115744.00
2015-04-29,17.26,17.96,17.14,17.89,16387947,289935648.00
2015-04-30,17.99,18.24,17.55,17.64,11733435,209164624.00
2015-05-04,17.69,17.95,17.36,17.47,12421503,219095968.00
2015-05-05,17.38,17.60,16.77,16.92,16138478,276005216.00
2015-05-06,17.05,17.23,16.59,16.69,14264084,242277440.00
2015-05-07,16.61,16.91,16.41,16.75,12146287,202539728.00
2015-05-08,16.87,17.31,16.87,17.30,14334676,245553760.00
2015-05-11,17.34,17.83,17.10,17.81,18323122,320180512.00
2015-05-12,17.86,17.93,17.46,17.74,15633900,276395360.00
2015-05-13,17.80,18.96,17.52,18.53,27192150,501893376.00
2015-05-14,18.71,18.86,18.27,18.52,21457738,398948096.00
2015-05-15,18.54,19.58,18.34,19.22,32279970,619419904.00
2015-05-18,19.25,20.01,19.20,19.73,23645229,467245632.00
2015-05-19,19.91,20.01,19.41,19.86,21285008,420098720.00
2015-05-20,19.91,20.94,19.91,20.44,24149843,496135264.00
2015-05-21,20.45,22.49,20.13,22.49,32902501,701065728.00
2015-05-22,22.66,24.74,22.66,23.97,44291088,1054101632.00
2015-05-25,23.94,24.47,23.28,24.17,44171019,1048523328.00
2015-05-26,23.94,24.29,22.99,24.01,35891758,854477632.00
2015-05-27,24.01,24.24,23.12,23.69,32918222,773220480.00
2015-05-28,23.69,23.69,21.32,21.34,39218359,883374080.00
2015-05-29,21.33,21.44,19.29,20.98,35431001,726328384.00
2015-06-01,20.99,21.51,20.34,21.44,41934942,882992448.00
2015-06-02,21.49,22.16,20.95,21.83,42210369,914159424.00
2015-06-03,21.85,22.21,20.19,20.84,43238361,904448000.00
2015-06-04,20.79,21.62,19.19,21.44,46330953,941324864.00
2015-06-05,21.74,23.59,21.29,23.59,94710043,2144679680.00
2015-06-08,23.10,24.17,22.99,23.66,78636930,1863545856.00
2015-06-09,23.73,23.97,22.79,23.47,44876951,1048433280.00
2015-06-10,23.84,23.84,22.69,22.92,42349442,978159296.00
2015-06-11,22.62,22.97,21.99,22.19,36698951,821660416.00
2015-06-12,22.39,22.97,22.04,22.61,38275355,865604288.00
2015-06-15,22.79,22.79,20.89,21.08,41961589,909206336.00
2015-06-16,21.05,21.05,19.59,19.96,29142117,587399296.00
2015-06-17,19.96,20.94,19.34,20.74,33641329,677486784.00
2015-06-18,20.74,20.96,19.82,19.96,22832032,467620832.00
2015-06-19,19.55,19.95,17.96,17.96,24477747,462466784.00
2015-06-23,17.35,18.26,16.16,17.41,28249447,484385472.00
2015-06-24,17.70,18.19,17.33,17.94,24457595,436262464.00
2015-06-25,18.00,19.74,17.69,18.47,40719457,772585856.00
2015-06-26,17.49,18.09,16.62,16.62,25265822,434732640.00
2015-06-29,17.20,17.30,14.96,14.96,32789815,514037760.00
2015-06-30,14.94,15.52,13.46,15.38,41137852,593837760.00
2015-07-01,14.79,15.74,13.84,13.84,33800712,501580320.00
2015-07-02,12.69,13.69,12.46,12.46,38166893,486400576.00
2015-07-03,11.34,12.44,11.21,11.21,43186645,493253856.00
2015-07-06,12.29,12.31,10.09,10.29,60467212,649942656.00
2015-07-07,9.84,9.84,9.26,9.26,29067504,270251392.00
2015-08-18,10.19,10.19,10.19,10.19,343810,3506862.00
2015-08-19,11.21,11.21,11.21,11.21,3936501,44167540.00
2015-08-20,12.33,12.33,12.33,12.33,4540745,56032792.00
2015-08-21,12.33,13.44,12.10,12.84,144142286,1825530880.00
2015-08-24,11.57,12.14,11.56,11.56,27498747,320087680.00
2015-08-25,10.40,10.65,10.40,10.40,31032819,323461664.00
2015-08-26,9.99,10.41,9.36,9.36,78591168,762902976.00
2015-08-27,9.37,9.84,8.42,9.12,87612351,788257664.00
2015-08-28,9.22,10.03,8.90,10.03,83565010,789291392.00
2015-08-31,9.89,9.91,9.03,9.04,72245655,680483328.00
2015-09-01,8.59,8.64,8.14,8.14,53518638,442720032.00
2015-09-02,7.42,8.33,7.33,7.33,49749257,380067680.00
2015-09-07,7.49,7.93,7.43,7.58,46568485,356009376.00
2015-09-08,7.49,8.27,7.29,8.18,44686297,344282368.00
2015-09-09,8.29,8.70,8.11,8.62,64736300,549829312.00
2015-09-10,8.39,8.65,8.21,8.37,36467719,308629504.00
2015-09-11,8.35,8.58,8.31,8.54,35847464,303335872.00
2015-09-14,8.79,8.96,7.69,7.69,51545481,426029248.00
2015-09-15,7.31,7.45,6.92,6.94,43606213,310968192.00
2015-09-16,6.96,7.64,6.94,7.64,43597762,317674144.00
2015-09-17,7.64,8.38,7.42,7.51,58511007,457094464.00
2015-09-18,7.57,7.79,7.34,7.75,38945690,296320480.00
2015-09-21,7.59,8.29,7.49,8.17,48166916,381298240.00
2015-09-22,8.10,8.31,7.87,8.12,46073782,373408096.00
2015-09-23,7.80,8.02,7.67,7.77,33011749,259339776.00
2015-09-24,7.83,8.18,7.82,8.08,38957046,312421600.00
2015-09-25,8.59,8.89,8.59,8.89,116142223,1032492288.00
2015-09-28,8.99,9.78,8.78,9.78,151007106,1431286784.00
2015-09-29,9.36,9.68,9.12,9.24,106036689,995233216.00
2015-09-30,9.27,9.37,8.64,8.75,71668973,639079232.00
2015-10-08,9.02,9.39,8.79,9.32,71161382,650401664.00
2015-10-09,9.14,9.27,8.95,9.20,56933874,519319264.00
2015-10-12,9.11,10.12,8.99,10.12,101642341,977489024.00
2015-10-13,9.92,10.29,9.79,10.12,74191978,743015360.00
2015-10-14,10.00,10.09,9.52,9.59,58567270,574792704.00
2015-10-15,9.59,10.55,9.59,10.55,86914796,895653696.00
2015-10-16,11.14,11.35,10.49,11.06,146765169,1603406464.00
2015-10-19,10.87,11.09,10.51,10.91,78771884,852164800.00
2015-10-20,10.84,11.49,10.70,11.23,83014194,929416320.00
2015-10-21,11.07,11.57,10.11,10.11,80020740,859841920.00
2015-10-22,9.90,10.57,9.61,10.45,72358834,735686720.00
2015-10-23,10.37,10.98,10.19,10.57,65856419,696743488.00
2015-10-26,10.68,10.69,10.19,10.43,49359269,515764960.00
2015-10-27,10.39,10.48,9.70,10.46,54489722,551018432.00
2015-10-28,10.52,11.27,10.19,10.49,77037864,834153024.00
2015-10-29,10.49,11.04,10.49,10.68,50390952,541773376.00
2015-10-30,10.54,10.58,10.08,10.21,42722603,441272032.00
2015-11-02,9.95,10.27,9.70,9.79,29354764,293195680.00
2015-11-03,9.84,10.12,9.69,9.73,28027701,277151008.00
2015-11-04,9.92,10.36,9.81,10.34,46828550,474360384.00
2015-11-05,10.37,10.82,10.21,10.44,66725460,700935488.00
2015-11-06,10.34,10.93,10.32,10.86,63054152,677707904.00
2015-11-09,10.97,11.58,10.59,11.34,84672621,945052096.00
2015-11-10,11.09,11.46,11.00,11.16,51698237,580069504.00
2015-11-11,11.19,11.32,11.09,11.25,42445003,475322016.00
2015-11-12,11.25,11.31,10.73,10.89,48258540,529303072.00
2015-11-13,10.72,10.78,10.39,10.45,35428689,374679168.00
2015-11-16,10.19,10.60,10.10,10.59,28448003,295446848.00
2015-11-17,10.70,10.97,10.37,10.50,48643244,521929600.00
2015-11-18,10.64,10.65,10.09,10.24,27559104,286754976.00
2015-11-19,10.24,10.61,10.21,10.60,21890301,227004256.00
2015-11-20,10.59,11.17,10.51,11.16,54619526,592462592.00
2015-11-23,11.16,11.51,10.87,11.01,58200335,653256320.00
2015-11-24,10.94,11.16,10.70,11.10,29812218,324611360.00
2015-11-25,11.15,11.45,11.04,11.35,48989835,552498944.00
2015-11-26,11.35,11.45,10.94,10.99,39366372,440358048.00
2015-11-27,10.99,12.09,10.81,11.59,112797810,1311220352.00
2015-11-30,12.05,12.75,11.69,12.75,151517311,1899472896.00
2015-12-01,12.99,13.99,12.64,12.84,193984631,2559208192.00
2015-12-02,12.45,12.60,11.59,12.34,100001951,1207870080.00
2015-12-03,12.06,12.98,11.90,12.93,86723493,1079706880.00
2015-12-04,12.67,13.49,12.57,12.80,91736009,1196097536.00
2015-12-07,12.71,13.39,12.71,13.05,59278826,773437440.00
2015-12-08,12.85,12.85,12.27,12.29,45203504,568896512.00
2015-12-09,12.09,12.75,11.90,12.22,40481024,498816480.00
2015-12-10,12.11,12.36,11.82,11.92,36172678,435728320.00
2015-12-11,12.01,12.17,11.76,11.88,24949151,297833696.00
2015-12-14,11.82,12.54,11.70,12.53,37404439,455505792.00
2015-12-15,12.47,12.72,12.31,12.41,31931956,398528544.00
2015-12-16,12.47,12.57,12.29,12.41,29562030,366629536.00
2015-12-17,12.54,12.77,12.45,12.72,40202134,508948896.00
2015-12-18,12.70,12.70,12.24,12.35,41242708,513134560.00
2015-12-21,12.14,12.29,11.94,12.16,31846633,385712800.00
2015-12-22,12.12,12.38,12.12,12.24,26656235,327182272.00
2015-12-23,12.29,12.35,11.80,11.82,32391960,389828768.00
2015-12-24,11.79,12.09,11.71,11.94,24221821,289807712.00
2015-12-25,12.02,12.17,11.85,12.05,26197395,315659584.00
2015-12-28,12.24,12.24,11.29,11.37,31610885,374410048.00
2015-12-29,11.38,11.74,11.18,11.59,23560649,269853376.00
2015-12-30,11.53,11.94,11.42,11.78,23949250,280070976.00
2015-12-31,11.79,11.90,11.43,11.45,16814943,196318624.00
2016-01-04,11.48,11.55,10.30,10.30,18046571,194849008.00
2016-01-05,9.69,10.18,9.27,9.70,34056176,329392736.00
2016-01-06,9.83,10.08,9.60,10.03,25660043,254822368.00
2016-01-07,9.79,9.88,9.03,9.03,6407000,59699752.00
2016-01-08,9.24,9.50,8.30,8.86,31042612,278402752.00
2016-01-11,8.82,8.94,7.97,7.97,29112815,243904640.00
2016-01-12,7.99,8.17,7.54,7.99,18434969,145339664.00
2016-01-13,8.05,8.25,7.55,7.60,21687182,173547280.00
2016-01-14,7.37,7.97,7.05,7.81,26263131,199877744.00
2016-01-15,7.77,8.22,7.67,7.86,34406009,274862112.00
2016-01-18,7.82,8.57,7.65,8.27,28346907,232349296.00
2016-01-19,8.21,8.66,8.06,8.57,29575325,249290752.00
2016-01-20,8.44,9.07,8.40,8.80,32903832,289246912.00
2016-01-21,8.59,8.82,8.27,8.30,26151684,223354528.00
2016-01-22,8.47,8.69,8.31,8.65,18205689,154994000.00
2016-01-25,8.74,8.87,8.59,8.77,17369378,152199440.00
2016-01-26,8.87,8.98,7.89,8.00,31787747,270975488.00
2016-01-27,7.99,8.17,7.32,7.76,23902355,184298272.00
2016-01-28,7.69,7.89,7.09,7.12,13446278,102110480.00
2016-01-29,7.24,7.59,7.07,7.48,15179683,112098848.00
2016-02-01,7.48,7.52,7.07,7.36,12289735,90330720.00
2016-02-02,7.40,7.88,7.38,7.75,13079443,100280088.00
2016-02-03,7.64,7.84,7.50,7.73,12030956,91997328.00
2016-02-04,7.74,8.22,7.74,7.95,16497439,130978096.00
2016-02-05,7.98,8.05,7.81,7.85,13019965,103633512.00
2016-02-15,7.44,7.84,7.32,7.69,14413338,110046504.00
2016-02-16,7.82,8.10,7.74,8.05,16878876,135110528.00
2016-02-17,8.08,8.35,7.99,8.24,19055514,156509040.00
2016-02-18,8.31,8.38,8.15,8.21,19030852,157288912.00
2016-02-19,8.21,8.37,8.09,8.24,16225267,133512720.00
2016-02-22,8.39,8.79,8.37,8.72,29579023,255086528.00
2016-02-23,8.59,9.15,8.55,8.94,38073009,337550080.00
2016-02-24,9.29,9.84,9.29,9.84,16270948,157861664.00
2016-02-25,10.70,10.70,9.27,9.55,93670003,952810560.00
2016-02-26,9.70,9.86,8.87,9.28,57860490,541099072.00
2016-02-29,9.08,9.09,8.35,8.35,31611963,269146624.00
2016-03-01,8.34,8.57,8.00,8.51,27707445,231539440.00
2016-03-02,8.43,9.27,8.43,9.21,37124527,331158656.00
2016-03-03,9.08,9.67,9.08,9.44,42615637,398300448.00
2016-03-04,9.20,9.33,8.58,8.67,31452870,281902208.00
2016-03-07,9.21,9.29,8.77,9.03,24485372,221054848.00
2016-03-08,9.14,9.93,8.64,9.93,53689148,506989248.00
2016-03-09,9.57,10.29,9.49,9.79,58626369,587745216.00
2016-03-10,9.81,10.12,9.40,9.55,36403663,353155872.00
2016-03-11,9.35,9.54,9.17,9.39,24860856,233466640.00
2016-03-14,9.59,10.19,9.46,9.94,43181234,429773472.00
2016-03-15,9.84,10.49,9.73,10.11,55006238,557977216.00
2016-03-16,9.99,10.25,9.70,9.71,35506050,353339552.00
2016-03-17,9.77,10.46,9.77,10.38,46585226,471488768.00
2016-03-18,10.49,11.19,10.25,10.90,68499779,733333888.00
2016-03-21,11.08,11.34,10.76,11.07,71560225,791174976.00
2016-03-22,10.84,11.31,10.78,10.94,46571299,514760352.00
2016-03-23,10.88,11.08,10.55,10.90,35989314,390486304.00
2016-03-24,10.69,11.33,10.59,10.80,41658041,457203424.00
2016-03-25,10.75,11.15,10.67,10.82,28738542,313608448.00
2016-03-28,10.89,11.14,10.72,10.81,36283879,397149600.00
2016-03-29,10.82,10.83,10.00,10.16,40545365,418761664.00
2016-03-30,10.26,10.48,10.09,10.46,28145152,290415136.00
2016-03-31,10.44,10.56,10.24,10.29,26229282,273359808.00
2016-04-01,10.51,10.79,10.31,10.39,38268452,402822048.00
2016-04-05,10.39,10.90,10.27,10.78,38132826,404478784.00
2016-04-06,10.69,10.96,10.61,10.76,33714054,363531712.00
2016-04-07,10.75,10.81,10.17,10.21,41009179,425302400.00
2016-04-08,10.19,10.19,9.85,9.93,26320033,263824832.00
2016-04-11,10.01,10.31,10.01,10.22,21724243,221883376.00
2016-04-12,10.17,10.29,9.96,10.09,17511245,176573968.00
2016-04-13,10.12,10.47,10.12,10.25,26933920,278397376.00
2016-04-14,10.30,10.54,10.19,10.37,20667167,214290752.00
2016-04-15,10.42,10.46,10.18,10.27,16500405,169564064.00
2016-04-18,10.27,10.46,10.14,10.26,20190265,208425120.00
2016-04-19,10.24,10.35,10.17,10.28,14014293,143900224.00
2016-04-20,10.29,10.35,9.29,9.47,32299467,314313344.00
2016-04-21,9.42,9.62,9.21,9.24,19370889,182772528.00
2016-04-22,9.14,9.36,9.05,9.28,11121119,102411824.00
2016-04-25,9.31,9.38,9.01,9.12,12347892,112866400.00
2016-04-26,9.18,9.22,9.05,9.21,10136312,92812504.00
2016-04-27,9.22,9.32,9.09,9.16,11882750,109779152.00
2016-04-28,9.14,9.39,9.02,9.26,14792688,136210960.00
2016-04-29,9.22,9.27,9.09,9.14,8340798,76456512.00
2016-05-03,9.23,9.48,9.11,9.43,13243741,123928872.00
2016-05-04,9.43,9.68,9.41,9.49,17397264,166080560.00
2016-05-05,9.41,9.51,9.34,9.48,10282749,96973528.00
2016-05-06,9.44,9.53,8.99,9.00,17121785,158261504.00
2016-05-09,8.99,8.99,8.38,8.64,16734284,144541376.00
2016-05-10,8.64,8.72,8.53,8.59,7077582,61025620.00
2016-05-11,8.64,8.68,8.45,8.55,6650615,57174780.00
2016-05-12,8.45,8.46,8.01,8.43,9336147,77699080.00
2016-05-13,8.39,8.49,8.04,8.39,6674775,55769768.00
2016-05-16,8.39,8.53,8.21,8.52,7388914,62143328.00
2016-05-17,8.59,8.62,8.42,8.52,6901690,58887172.00
2016-05-18,8.42,8.46,8.03,8.14,9771389,79889544.00
2016-05-19,8.15,8.31,8.11,8.15,7122525,58588012.00
2016-05-20,8.24,8.97,8.24,8.97,25261096,223157200.00
2016-05-23,9.37,9.37,9.05,9.14,40044679,368610240.00
2016-05-24,9.10,9.12,8.84,8.95,20512960,183651184.00
2016-05-25,9.08,9.18,8.81,8.86,19624333,177067104.00
2016-05-26,8.89,9.07,8.67,8.91,18280717,161977600.00
2016-05-27,9.02,9.09,8.80,8.85,16231351,144966048.00
2016-05-30,8.77,8.77,8.50,8.60,11910322,102783648.00
2016-05-31,8.57,9.19,8.57,9.16,25412413,228759168.00
2016-06-01,9.14,9.43,9.03,9.22,28179709,258859712.00
2016-06-02,9.22,9.27,9.10,9.13,19598133,179454080.00
2016-06-03,9.25,9.37,9.13,9.20,24140485,222756160.00
2016-06-06,9.25,9.31,9.14,9.20,14790515,136376560.00
2016-06-07,9.16,9.25,9.02,9.12,12472771,113648536.00
2016-06-08,9.14,9.15,8.94,9.04,11205675,101339744.00
2016-06-13,8.90,8.99,8.32,8.36,15659070,136982064.00
2016-06-14,8.36,8.50,8.32,8.44,8939526,75197384.00
2016-06-15,8.25,8.75,8.25,8.62,13378270,114864296.00
2016-06-16,8.62,8.64,8.41,8.45,11786514,100613016.00
2016-06-17,8.53,8.71,8.47,8.58,10486966,90201880.00
2016-06-20,8.42,8.58,8.38,8.50,8513102,72055216.00
2016-06-21,8.63,8.99,8.52,8.82,24260043,211915568.00
2016-06-22,8.72,8.78,8.64,8.77,14274656,124193680.00
2016-06-23,8.78,8.80,8.55,8.62,10950778,94779432.00
2016-06-24,8.60,8.68,8.08,8.38,15546752,130982624.00
2016-06-27,8.32,8.69,8.32,8.60,10173220,87079912.00
2016-06-28,8.55,8.75,8.50,8.69,13370956,115605488.00
2016-06-29,8.72,8.76,8.65,8.68,14184194,123523864.00
2016-06-30,8.73,8.75,8.59,8.64,11072902,95707784.00
2016-07-01,8.69,8.76,8.64,8.71,10955827,95426488.00
2016-07-04,8.66,8.93,8.65,8.91,18088245,159682208.00
2016-07-05,9.34,9.59,8.99,9.03,29316249,268888000.00
2016-07-06,8.93,9.93,8.93,9.67,67350898,649665344.00
2016-07-07,9.53,9.63,9.27,9.45,43424133,409384000.00
2016-07-08,9.45,9.83,9.38,9.56,29895523,287690400.00
2016-07-11,9.52,9.67,9.33,9.35,23803090,226500656.00
2016-07-12,9.37,9.57,9.23,9.52,19708760,185443744.00
2016-07-13,9.51,9.65,9.31,9.51,19914916,188665056.00
2016-07-14,9.48,9.65,9.41,9.59,19993244,190812000.00
2016-07-15,9.95,10.18,9.63,9.68,34300299,337354368.00
2016-07-18,9.58,10.16,9.52,9.85,37803373,373754496.00
2016-07-19,9.79,9.85,9.54,9.65,23211522,224408320.00
2016-07-20,9.69,9.79,9.51,9.53,16088291,154903632.00
2016-07-21,9.54,9.77,9.45,9.52,18337699,176383168.00
2016-07-22,9.52,9.60,9.34,9.41,12424591,117261112.00
2016-07-25,9.40,9.57,9.36,9.44,12084703,114303712.00
2016-07-26,9.43,9.64,9.41,9.57,13059067,124464336.00
2016-07-27,9.61,9.72,8.90,9.07,28010216,260250112.00
2016-07-28,9.00,9.17,8.79,9.08,14885260,133895592.00
2016-07-29,9.03,9.07,8.78,8.81,13260867,117790792.00
2016-08-01,8.77,8.96,8.60,8.86,11682762,102883872.00
2016-08-02,8.86,9.04,8.79,8.96,9406292,83870688.00
2016-08-03,8.91,9.07,8.88,9.01,13322187,119944024.00
2016-08-04,8.99,9.00,8.85,8.96,8695610,77566480.00
2016-08-05,8.95,9.01,8.90,8.91,6137543,54976968.00
2016-08-08,8.85,9.03,8.75,9.01,7950865,70888944.00
2016-08-09,9.00,9.09,8.97,9.08,11793760,106535168.00
2016-08-10,9.08,9.13,8.96,8.98,7804103,70462848.00
2016-08-11,8.96,9.05,8.77,9.03,14880112,132951648.00
2016-08-12,8.99,9.04,8.87,9.03,11454272,102689896.00
2016-08-15,8.98,9.25,8.97,9.18,15519033,141720320.00
2016-08-16,9.17,9.32,9.15,9.24,14179406,131136792.00
2016-08-17,9.23,9.38,9.20,9.30,13683166,127151456.00
2016-08-18,9.29,9.33,9.20,9.23,10783112,99672216.00
2016-08-19,9.23,9.28,9.13,9.18,11287465,103647944.00
2016-08-22,9.20,9.27,9.01,9.03,10395278,94817328.00
2016-08-23,9.05,9.12,8.98,9.07,8620651,78008720.00
2016-08-24,9.07,9.14,9.00,9.02,6875665,62377992.00
2016-08-25,9.02,9.02,8.80,8.92,8764051,77804904.00
2016-08-26,8.92,9.00,8.90,8.91,6910328,61792888.00
2016-08-29,8.92,9.13,8.91,9.05,8992156,81401904.00
2016-08-30,9.06,9.21,9.02,9.15,11397621,104203240.00
2016-08-31,9.15,9.22,9.03,9.08,8520681,77438320.00
2016-09-01,9.07,9.25,9.03,9.08,12824651,117345608.00
2016-09-02,9.10,9.20,8.99,9.09,9593621,87223744.00
2016-09-05,9.10,9.27,9.05,9.23,13980604,128347512.00
2016-09-06,9.20,9.51,9.11,9.39,31086619,290872512.00
2016-09-07,9.36,9.47,9.25,9.34,18614578,174286016.00
2016-09-08,9.33,9.35,9.17,9.23,15926201,147270736.00
2016-09-09,9.25,9.31,9.16,9.17,10340344,95371368.00
2016-09-12,9.00,9.01,8.80,8.82,16742980,148947520.00
2016-09-13,8.89,8.90,8.65,8.75,12608623,110431688.00
2016-09-14,8.70,8.76,8.63,8.64,9187135,79791632.00
2016-09-19,8.64,8.78,8.64,8.74,8095220,70452352.00
2016-09-20,8.76,8.77,8.60,8.67,8207236,71293992.00
2016-09-21,8.67,8.80,8.67,8.74,8161453,71417984.00
2016-09-22,8.79,8.83,8.70,8.71,8701582,76069936.00
2016-09-23,8.73,8.76,8.56,8.62,9794885,84530552.00
2016-09-26,8.58,8.60,8.30,8.32,14084441,118775760.00
2016-09-27,8.32,8.44,8.30,8.43,10085635,84446432.00
2016-09-28,8.48,8.48,8.34,8.35,6178521,51692048.00
2016-09-29,8.38,8.46,8.34,8.35,8387502,70419960.00
2016-09-30,8.35,8.43,8.34,8.37,7330437,61468136.00
2016-10-10,8.38,8.54,8.38,8.52,12915525,109525160.00
2016-10-11,8.51,8.74,8.49,8.68,16976275,146473024.00
2016-10-12,8.67,8.71,8.58,8.63,11674475,100839840.00
2016-10-13,8.61,8.67,8.58,8.64,7286834,62851272.00
2016-10-14,8.62,8.74,8.48,8.70,13724582,117944576.00
2016-10-17,8.64,8.77,8.51,8.58,12870075,111618008.00
2016-10-18,8.62,8.87,8.54,8.81,20771383,182162848.00
2016-10-19,8.84,8.88,8.70,8.72,12175635,106637256.00
2016-10-20,8.74,8.78,8.65,8.71,10203521,88803232.00
2016-10-21,8.68,8.71,8.50,8.61,10911285,93961000.00
2016-10-24,8.63,8.73,8.60,8.70,8843587,76703608.00
2016-10-25,8.71,8.87,8.66,8.80,14875851,130562096.00
2016-10-26,8.77,8.78,8.63,8.68,9672800,84098680.00
2016-10-27,8.68,8.75,8.65,8.69,6992972,60773964.00
2016-10-28,8.68,8.71,8.50,8.51,12269381,105289544.00
2016-10-31,8.44,8.51,8.40,8.48,7408451,62669912.00
2016-11-01,8.48,8.57,8.43,8.56,11229214,95273520.00
2016-11-02,8.52,8.52,8.37,8.40,11546297,97310232.00
2016-11-03,8.37,8.54,8.33,8.43,10112390,85341488.00
2016-11-04,8.43,8.45,8.37,8.40,8208785,69023760.00
2016-11-07,8.41,8.44,8.37,8.41,6517659,54779664.00
2016-11-08,8.42,8.49,8.41,8.47,7942097,67105424.00
2016-11-09,8.45,8.47,8.28,8.37,10319328,86358208.00
2016-11-10,8.41,8.52,8.41,8.46,11794384,99868728.00
2016-11-11,8.48,8.62,8.44,8.58,14799593,126388720.00
2016-11-14,8.64,8.65,8.53,8.59,11866972,101967768.00
2016-11-15,8.62,8.84,8.56,8.71,23713745,206518304.00
2016-11-16,8.70,8.72,8.62,8.67,12571235,108868944.00
2016-11-17,8.66,8.69,8.58,8.67,9996811,86341976.00
2016-11-18,8.67,8.70,8.57,8.59,12181411,105141624.00
2016-11-21,8.58,8.64,8.50,8.60,9646555,82856256.00
2016-11-22,8.57,8.65,8.57,8.65,11005726,94737816.00
2016-11-23,8.66,8.85,8.64,8.74,26999432,237029728.00
2016-11-24,8.75,8.78,8.61,8.64,14402195,125190496.00
2016-11-25,8.60,8.85,8.46,8.80,20086356,174524528.00
2016-11-28,8.80,8.93,8.76,8.87,15868500,140264336.00
数据来源:通达信
