600983 惠而浦 日线 前复权
      日期	    开盘	    最高	    最低	    收盘	    成交量	    成交额
2011-10-10,9.43,9.54,9.35,9.36,658930,6421111.00
2011-10-11,9.49,9.69,9.35,9.40,1276690,12507500.00
2011-10-12,9.40,9.75,9.30,9.72,1812366,17895414.00
2011-10-13,9.66,9.98,9.66,9.88,1909909,19441432.00
2011-10-14,9.90,9.98,9.71,9.84,998738,10110362.00
2011-10-17,9.83,9.92,9.73,9.79,1046140,10568401.00
2011-10-18,9.70,9.77,9.49,9.52,1724106,17162944.00
2011-10-19,9.53,9.60,9.41,9.48,1137783,11155903.00
2011-10-20,9.42,9.57,9.25,9.26,1932079,18666778.00
2011-10-21,9.39,9.39,8.97,8.98,1256309,11827063.00
2011-10-24,9.09,9.24,8.87,9.18,1184650,11086916.00
2011-10-25,9.18,9.46,9.08,9.43,1538605,14790864.00
2011-10-26,9.35,9.59,9.28,9.42,2709799,26391268.00
2011-10-27,9.47,9.67,9.45,9.49,2881175,28312796.00
2011-10-28,9.61,9.68,9.53,9.67,3102623,30707068.00
2011-10-31,9.66,9.71,9.59,9.68,2379891,23656068.00
2011-11-01,9.66,9.95,9.55,9.85,3215708,32188228.00
2011-11-02,9.68,10.01,9.61,9.95,3977887,40399968.00
2011-11-03,9.97,10.45,9.93,10.43,9004113,94776768.00
2011-11-04,10.45,10.48,10.25,10.31,3467153,36882208.00
2011-11-07,10.34,10.97,10.23,10.82,8162809,88876824.00
2011-11-08,10.70,10.92,10.54,10.61,12782778,141002512.00
2011-11-09,10.60,10.74,10.45,10.66,4388191,47766408.00
2011-11-10,10.48,11.00,10.45,10.64,5748936,63335648.00
2011-11-11,10.61,10.85,10.48,10.62,11152070,122016672.00
2011-11-14,10.64,10.77,10.50,10.65,7655947,83543752.00
2011-11-15,10.54,10.65,10.32,10.38,4932427,52923920.00
2011-11-16,10.35,10.45,9.96,10.04,3570417,37439696.00
2011-11-17,10.03,10.29,9.96,10.03,3335088,34680444.00
2011-11-18,9.93,10.00,9.71,9.74,2649780,26840424.00
2011-11-21,9.90,9.90,9.53,9.71,2481482,24728402.00
2011-11-22,9.62,9.97,9.54,9.94,2527264,25459060.00
2011-11-23,9.98,10.23,9.85,10.13,6892845,71600512.00
2011-11-24,10.05,10.13,9.93,9.98,1931515,19908496.00
2011-11-25,9.98,10.00,9.71,9.74,1631108,16557777.00
2011-11-28,9.74,9.88,9.53,9.77,2603150,25919236.00
2011-11-29,9.83,9.94,9.74,9.85,3354233,34001216.00
2011-11-30,9.84,9.89,9.15,9.48,3773214,36836668.00
2011-12-01,9.71,10.05,9.60,10.01,8702472,87989936.00
2011-12-02,9.90,9.90,9.60,9.71,3960384,40010780.00
2011-12-05,9.58,9.68,9.31,9.38,1793498,17580708.00
2011-12-06,9.37,9.66,9.36,9.56,1756723,17296188.00
2011-12-07,9.62,9.62,9.42,9.47,852711,8372771.00
2011-12-08,9.49,9.59,9.25,9.43,1225350,11951805.00
2011-12-09,9.35,9.50,9.30,9.31,686902,6646139.00
2011-12-12,9.32,9.42,8.94,8.94,1514341,14260355.00
2011-12-13,8.93,8.93,8.02,8.07,4308514,36950688.00
2011-12-14,8.12,8.25,7.87,7.88,2814232,23608612.00
2011-12-15,7.87,7.87,7.31,7.32,2378868,18661708.00
2011-12-16,7.26,7.50,6.97,7.46,4660501,34541380.00
2011-12-19,7.38,7.38,7.02,7.27,3106218,23143848.00
2011-12-20,7.20,7.37,7.15,7.23,2362530,17893520.00
2011-12-21,7.30,7.39,7.02,7.02,1791409,13442222.00
2011-12-22,7.00,7.00,6.51,6.69,2261948,15792255.00
2011-12-23,6.65,6.90,6.50,6.76,1660825,11749013.00
2011-12-27,6.69,6.69,6.40,6.44,1588675,10883796.00
2011-12-28,6.37,6.44,6.18,6.34,1421999,9386199.00
2011-12-29,6.39,6.54,6.34,6.46,1418095,9602492.00
2011-12-30,6.46,6.69,6.46,6.67,1786334,12398118.00
2012-01-04,6.71,6.93,6.57,6.58,2315397,16365231.00
2012-01-05,6.44,6.63,6.35,6.49,1690691,11427392.00
2012-01-06,6.46,6.69,6.40,6.68,1262399,8633444.00
2012-01-09,6.65,7.06,6.65,7.04,4145787,29981426.00
2012-01-10,7.01,7.44,6.96,7.38,5702125,43237240.00
2012-01-11,7.38,7.45,7.20,7.32,2458131,18720854.00
2012-01-12,7.23,7.42,7.21,7.27,1750422,13332515.00
2012-01-13,7.33,7.60,6.93,7.00,2963860,22143714.00
2012-01-16,6.80,6.94,6.60,6.61,2179056,15383748.00
2012-01-17,6.61,7.22,6.61,7.20,2600550,18811852.00
2012-01-18,7.23,7.26,7.02,7.04,2164643,16077991.00
2012-01-19,6.98,7.17,6.90,7.15,1762473,13058034.00
2012-01-20,7.20,7.28,7.11,7.26,1889257,14209067.00
2012-01-30,7.31,7.33,7.11,7.12,1453649,10961572.00
2012-01-31,7.10,7.15,6.77,6.89,3996370,28671936.00
2012-02-01,6.91,6.96,6.74,6.78,2169583,15521647.00
2012-02-02,6.80,6.97,6.75,6.97,2265340,16223599.00
2012-02-03,6.93,7.15,6.91,7.14,2587597,19043388.00
2012-02-06,7.13,7.27,7.12,7.24,3251011,24366216.00
2012-02-07,7.20,7.20,6.89,6.92,2180066,15976545.00
2012-02-08,6.93,7.23,6.85,7.22,2837079,20941508.00
2012-02-09,7.22,7.50,7.12,7.35,5060164,38713360.00
2012-02-10,7.34,7.54,7.30,7.44,4355797,33710148.00
2012-02-13,7.38,7.60,7.26,7.52,3269173,25500292.00
2012-02-14,7.50,7.57,7.44,7.51,2468929,19300448.00
2012-02-15,7.48,7.74,7.40,7.65,4635012,36535100.00
2012-02-16,7.65,7.95,7.63,7.78,5254834,42565544.00
2012-02-17,7.78,7.94,7.41,7.92,5316717,42513960.00
2012-02-20,8.00,8.00,7.78,7.81,5341292,43803584.00
2012-02-21,7.79,8.04,7.59,8.02,4915265,39895828.00
2012-02-22,8.00,8.39,7.93,8.20,7502337,63827140.00
2012-02-23,8.22,8.57,8.15,8.52,9059400,78989984.00
2012-02-24,8.48,8.64,8.46,8.62,6992835,61729376.00
2012-02-27,8.56,9.07,8.40,8.64,11208126,101495728.00
2012-02-28,8.58,8.62,8.24,8.37,5135000,44837484.00
2012-02-29,8.30,8.44,8.10,8.14,4381480,37537152.00
2012-03-01,8.06,8.27,8.06,8.21,3366647,28510320.00
2012-03-02,8.22,8.57,8.22,8.56,6005279,52614056.00
2012-03-05,8.60,9.00,8.56,8.85,9661231,88092408.00
2012-03-06,8.74,8.88,8.53,8.72,5366254,48358616.00
2012-03-07,8.59,8.88,8.55,8.61,4324245,39098904.00
2012-03-08,8.65,8.76,8.57,8.63,3339577,29842192.00
2012-03-09,8.69,8.73,8.58,8.70,2855305,25584892.00
2012-03-12,8.65,8.71,8.35,8.38,7514409,65851400.00
2012-03-13,8.38,8.58,8.38,8.58,4335263,38097904.00
2012-03-14,8.59,8.79,7.84,8.02,8116171,71228704.00
2012-03-15,8.03,8.15,7.61,7.76,7883075,63807980.00
2012-03-19,7.92,8.03,7.81,8.02,6778919,55579328.00
2012-03-20,8.02,8.02,7.75,7.76,5031990,40907440.00
2012-03-21,7.80,7.86,7.58,7.74,3821900,30641824.00
2012-03-22,7.73,7.82,7.64,7.80,2702511,21745124.00
2012-03-23,7.77,7.78,7.51,7.56,2763534,21927580.00
2012-03-26,7.56,7.60,7.48,7.51,1932747,15124799.00
2012-03-27,7.55,7.68,7.54,7.56,1673941,13235193.00
2012-03-28,7.54,7.54,7.04,7.09,3905890,29298216.00
2012-03-29,7.10,7.13,6.95,6.99,2312420,16952892.00
2012-03-30,7.02,7.11,6.95,7.04,1642502,12058749.00
2012-04-05,7.05,7.30,7.05,7.29,2250471,16876636.00
2012-04-06,7.29,7.34,7.22,7.33,1974794,14975799.00
2012-04-09,7.29,7.29,7.10,7.10,1862624,13932562.00
2012-04-10,7.10,7.18,6.85,7.18,2116281,15482062.00
2012-04-11,7.07,7.33,7.01,7.32,2585974,19386516.00
2012-04-12,7.32,7.82,7.26,7.77,7227733,56912056.00
2012-04-13,7.77,7.80,7.61,7.69,3705132,29667336.00
2012-04-16,7.65,7.85,7.60,7.84,4128948,33280178.00
2012-04-17,7.81,7.94,7.73,7.78,4348944,35442248.00
2012-04-18,7.81,8.50,7.67,8.36,11202842,94207464.00
2012-04-19,8.30,8.35,8.12,8.15,10000360,85698776.00
2012-04-20,8.04,8.68,8.04,8.43,15496235,134174456.00
2012-04-23,8.37,8.65,8.20,8.36,12375252,107859088.00
2012-04-24,8.15,8.28,7.78,8.05,6192186,51480192.00
2012-04-25,8.05,8.26,7.96,8.19,4056913,34272752.00
2012-04-26,8.18,8.25,8.01,8.03,3007662,25290568.00
2012-04-27,8.06,8.06,7.90,7.97,2162495,17860008.00
2012-05-02,8.13,8.54,7.97,8.43,7864590,67573952.00
2012-05-03,8.31,8.65,8.24,8.51,9478429,83142232.00
2012-05-04,8.45,8.49,8.29,8.36,6117630,53090364.00
2012-05-07,8.29,8.35,8.10,8.31,3936858,33529008.00
2012-05-08,8.33,8.33,8.13,8.21,2525116,21486140.00
2012-05-09,8.15,8.19,7.96,7.98,3197143,26698624.00
2012-05-10,7.92,8.06,7.91,8.05,2460533,20417130.00
2012-05-11,8.03,8.21,7.99,8.06,3654281,30683368.00
2012-05-14,8.11,8.23,8.02,8.03,2962672,25049282.00
2012-05-15,7.95,8.38,7.94,8.36,5644567,47898064.00
2012-05-16,8.42,8.65,8.24,8.27,12617149,110339888.00
2012-05-17,8.53,9.06,8.53,8.93,24750458,224864288.00
2012-05-18,8.76,8.82,8.62,8.74,8709354,77921768.00
2012-05-21,8.71,8.84,8.47,8.51,5628346,50055644.00
2012-05-22,8.56,8.77,8.56,8.73,5122991,45692684.00
2012-05-23,8.77,9.03,8.66,9.00,10965492,99833608.00
2012-05-24,8.94,9.08,8.79,8.84,7779342,71467920.00
2012-05-25,8.83,8.92,8.59,8.68,4831977,43447092.00
2012-05-28,8.59,8.85,8.41,8.82,4692036,41606588.00
2012-05-29,8.90,9.20,8.82,9.00,9895237,92078720.00
2012-05-30,9.04,9.14,8.76,8.97,9321189,85230632.00
2012-05-31,8.86,8.97,8.76,8.84,5115156,46557420.00
2012-06-01,8.82,8.91,8.68,8.75,3550959,32044986.00
2012-06-04,8.61,8.68,8.28,8.29,5081596,44470268.00
2012-06-05,8.46,8.56,8.31,8.36,3743689,32452796.00
2012-06-06,8.45,8.47,8.28,8.33,1958916,16864726.00
2012-06-07,8.42,8.51,8.16,8.22,2413306,20709708.00
2012-06-08,8.33,8.36,8.05,8.08,3444985,29027816.00
2012-06-11,8.08,8.31,8.04,8.30,2148664,18133482.00
2012-06-12,8.28,8.28,8.18,8.20,1546186,13106857.00
2012-06-13,8.21,8.41,8.18,8.38,2300219,19706600.00
2012-06-14,8.33,8.43,8.26,8.27,1850050,15895508.00
2012-06-15,8.29,8.39,8.15,8.30,1603222,13645538.00
2012-06-18,8.30,8.41,8.29,8.39,1968325,16946870.00
2012-06-19,8.35,8.35,8.21,8.24,2293871,19526606.00
2012-06-20,8.24,8.29,8.18,8.20,1088778,9211389.00
2012-06-21,8.18,8.18,7.88,7.93,2184392,17903628.00
2012-06-25,7.91,7.91,7.56,7.60,1792398,14265251.00
2012-06-26,7.52,7.69,7.47,7.68,1536433,12014165.00
2012-06-27,7.66,7.73,7.53,7.54,1441832,11388307.00
2012-06-28,7.62,7.62,7.46,7.47,869956,6752533.00
2012-06-29,7.47,7.78,7.39,7.76,1556125,12196587.00
2012-07-02,7.79,7.83,7.68,7.76,1318213,10558942.00
2012-07-03,7.76,7.99,7.64,7.83,3171721,25531330.00
2012-07-04,7.85,7.87,7.68,7.72,1264911,10130279.00
2012-07-05,7.66,7.68,7.48,7.50,983727,7646004.00
2012-07-06,7.57,7.82,7.42,7.82,1649834,12986614.00
2012-07-09,7.78,7.78,7.47,7.51,1893860,14858086.00
2012-07-10,7.54,7.56,7.21,7.22,2077286,15673861.00
2012-07-11,7.19,7.37,7.12,7.35,1095044,8235140.00
2012-07-12,7.32,7.53,7.22,7.45,1390203,10624206.00
2012-07-13,7.44,7.52,7.36,7.37,835399,6414156.00
2012-07-16,7.45,7.45,7.06,7.08,1111199,8255461.00
2012-07-17,7.08,7.18,7.01,7.13,781493,5747188.00
2012-07-18,7.13,7.18,6.94,7.17,3869352,28232608.00
2012-07-19,7.09,7.29,7.03,7.19,2931897,21745196.00
2012-07-20,7.17,7.52,7.06,7.28,3321492,24994672.00
2012-07-23,7.24,7.24,7.06,7.07,1641996,12083056.00
2012-07-24,7.01,7.20,6.96,7.13,1092796,8033897.00
2012-07-25,7.07,7.14,7.04,7.06,706362,5177157.00
2012-07-26,7.05,7.12,6.97,7.02,771965,5629562.00
2012-07-27,7.04,7.10,7.01,7.04,759515,5537528.00
2012-07-30,7.01,7.09,6.74,6.83,1705218,12175843.00
2012-07-31,6.76,6.83,6.62,6.72,1152229,8034514.00
2012-08-01,6.66,6.92,6.66,6.82,745961,5279681.00
2012-08-02,6.80,6.87,6.69,6.77,1236331,8674206.00
2012-08-03,6.76,7.18,6.76,7.10,2941990,21271256.00
2012-08-06,7.05,7.57,7.01,7.54,4391574,33394084.00
2012-08-07,7.54,7.74,7.46,7.55,4411353,34665552.00
2012-08-08,7.61,7.62,7.50,7.56,2420333,18878556.00
2012-08-09,7.52,7.83,7.37,7.42,10239469,79868248.00
2012-08-10,7.31,7.43,7.25,7.34,3745909,28347388.00
2012-08-13,7.36,7.46,7.28,7.40,2578113,19603258.00
2012-08-14,7.39,7.56,7.30,7.46,5778786,44236724.00
2012-08-15,7.42,7.46,7.32,7.32,1511362,11518971.00
2012-08-16,7.26,7.42,7.22,7.40,3288914,24763616.00
2012-08-17,7.32,7.41,7.30,7.40,3011262,22848728.00
2012-08-20,7.38,7.45,7.27,7.33,3054904,23266840.00
2012-08-21,7.28,7.39,7.06,7.08,5375953,40012488.00
2012-08-22,7.06,7.12,6.93,6.96,2571972,18606928.00
2012-08-23,6.95,7.09,6.93,7.08,1773359,12870562.00
2012-08-24,7.03,7.05,6.86,6.87,1487673,10692738.00
2012-08-27,6.87,6.87,6.55,6.56,2171215,15021065.00
2012-08-28,6.66,6.68,6.56,6.64,1641265,11267912.00
2012-08-29,6.64,6.66,6.49,6.51,1736026,11791938.00
2012-08-30,6.53,6.59,6.42,6.52,1318545,8909647.00
2012-08-31,6.54,6.64,6.54,6.57,1251554,8543310.00
2012-09-03,6.53,6.73,6.53,6.71,1435241,9911735.00
2012-09-04,6.71,6.73,6.51,6.51,1211320,8299777.00
2012-09-05,6.51,6.63,6.46,6.56,826214,5605942.00
2012-09-06,6.57,6.69,6.56,6.65,1155194,7927019.00
2012-09-07,6.71,6.99,6.69,6.89,3974967,28294400.00
2012-09-10,6.92,6.99,6.86,6.94,2395913,17169400.00
2012-09-11,6.92,6.92,6.77,6.82,2569464,18130854.00
2012-09-12,6.86,6.93,6.82,6.90,2238525,15898367.00
2012-09-13,6.87,7.02,6.80,6.87,5731960,41074404.00
2012-09-14,6.88,7.23,6.88,7.14,13300129,97542496.00
2012-09-17,6.96,7.04,6.87,6.90,5747996,41285100.00
2012-09-18,6.85,6.85,6.46,6.65,3662636,25032556.00
2012-09-19,6.54,6.79,6.52,6.70,2309458,15944393.00
2012-09-20,6.61,6.66,6.55,6.62,1967171,13450978.00
2012-09-21,6.56,6.73,6.52,6.69,2276441,15716490.00
2012-09-24,6.62,6.74,6.57,6.70,1202955,8320850.00
2012-09-25,6.72,6.72,6.46,6.50,1406195,9551468.00
2012-09-26,6.48,6.50,6.07,6.10,2233568,14581225.00
2012-09-27,6.07,6.31,6.07,6.21,1831660,11745722.00
2012-09-28,6.16,6.33,6.12,6.28,1434526,9304800.00
2012-10-08,6.29,6.31,6.21,6.23,938007,6084212.00
2012-10-09,6.19,6.56,6.19,6.55,2416073,16187359.00
2012-10-10,6.51,6.57,6.45,6.56,1364787,9227926.00
2012-10-11,6.51,6.76,6.51,6.71,4205778,29117096.00
2012-10-12,6.66,6.74,6.51,6.58,2479033,16940076.00
2012-10-15,6.57,6.57,6.35,6.44,1820925,12107073.00
2012-10-16,6.44,6.51,6.32,6.36,2379011,15835748.00
2012-10-17,6.41,6.41,6.29,6.38,1511330,9955196.00
2012-10-18,6.35,6.55,6.35,6.53,4538323,30278052.00
2012-10-19,6.48,6.57,6.44,6.53,2102279,14236145.00
2012-10-22,6.47,6.65,6.44,6.60,1636115,11095471.00
2012-10-23,6.61,6.66,6.44,6.50,2787616,18868314.00
2012-10-24,6.45,6.59,6.41,6.50,1913623,12913123.00
2012-10-25,6.51,6.63,6.46,6.47,2186735,14853501.00
2012-10-26,6.44,6.63,6.23,6.38,1699820,11217685.00
2012-10-29,6.44,6.46,6.34,6.38,913324,6059420.00
2012-10-30,6.37,6.45,6.36,6.41,710290,4724228.00
2012-10-31,6.39,6.47,6.38,6.47,1177908,7855238.00
2012-11-01,6.49,6.62,6.48,6.59,2368990,16129613.00
2012-11-02,6.59,6.63,6.50,6.60,1674690,11420053.00
2012-11-05,6.60,6.67,6.56,6.66,1594385,10941958.00
2012-11-06,6.65,6.65,6.46,6.59,1246314,8455140.00
2012-11-07,6.60,6.60,6.53,6.57,708688,4822127.00
2012-11-08,6.51,6.52,6.27,6.31,1045451,6966370.00
2012-11-09,6.46,6.46,6.16,6.26,1519787,9922140.00
2012-11-12,6.30,6.41,6.28,6.38,820573,5408833.00
2012-11-13,6.40,6.40,6.22,6.24,605389,3955446.00
2012-11-14,6.24,6.32,6.21,6.31,563071,3665573.00
2012-11-15,6.25,6.34,6.16,6.17,796604,5169386.00
2012-11-16,6.21,6.24,6.09,6.24,811123,5191899.00
2012-11-19,6.24,6.32,6.17,6.30,476722,3098256.00
2012-11-20,6.31,6.35,6.24,6.26,474181,3090425.00
2012-11-21,6.24,6.37,6.19,6.37,680079,4442899.00
2012-11-22,6.34,6.36,6.23,6.26,811012,5301472.00
2012-11-23,6.26,6.39,6.22,6.35,928228,6085337.00
2012-11-26,6.31,6.51,6.31,6.34,1406367,9367107.00
2012-11-27,6.32,6.35,6.19,6.26,1018155,6621562.00
2012-11-28,6.26,6.28,6.10,6.12,886550,5671274.00
2012-11-29,6.12,6.18,6.03,6.03,410700,2603774.00
2012-11-30,5.99,6.22,5.99,6.10,629578,4002179.00
2012-12-03,6.06,6.21,6.02,6.03,642200,4081293.00
2012-12-04,6.01,6.17,5.91,6.14,892488,5565452.00
2012-12-05,6.07,6.41,6.07,6.34,1721116,11271325.00
2012-12-06,6.34,6.36,6.25,6.29,872268,5698014.00
2012-12-07,6.34,6.45,6.25,6.43,1959260,12985379.00
2012-12-10,6.48,6.49,6.38,6.46,2064571,13792159.00
2012-12-11,6.46,6.46,6.35,6.38,1046242,6940252.00
2012-12-12,6.38,6.38,6.31,6.36,858702,5658423.00
2012-12-13,6.36,6.39,6.29,6.30,727470,4785310.00
2012-12-14,6.34,6.62,6.31,6.57,3563737,24092708.00
2012-12-17,6.56,6.73,6.53,6.68,3558799,24461400.00
2012-12-18,6.63,6.71,6.49,6.55,2515277,17214560.00
2012-12-19,6.55,6.78,6.53,6.75,3547390,24546638.00
2012-12-20,6.68,6.89,6.68,6.88,4637672,32746358.00
2012-12-21,6.92,7.30,6.84,7.10,8238406,60461652.00
2012-12-24,7.04,7.15,6.99,7.08,3279354,23920780.00
2012-12-25,7.06,7.32,7.00,7.22,3022554,22486586.00
2012-12-26,7.21,7.36,7.10,7.32,3561366,26583728.00
2012-12-27,7.31,7.38,7.14,7.23,3305665,24808798.00
2012-12-28,7.23,7.29,7.06,7.28,2637119,19638192.00
2012-12-31,7.30,7.40,7.17,7.37,2496226,18767508.00
2013-01-04,7.37,7.41,7.17,7.22,2351841,17637612.00
2013-01-07,7.16,7.22,7.09,7.21,1763921,13061103.00
2013-01-08,7.20,7.22,7.03,7.07,4075900,29943022.00
2013-01-09,7.07,7.18,7.03,7.10,2933105,21569160.00
2013-01-10,7.10,7.23,7.07,7.10,2411294,17776704.00
2013-01-11,7.08,7.14,6.84,6.86,2633322,18988672.00
2013-01-14,6.82,7.10,6.82,7.09,3017591,21868626.00
2013-01-15,7.10,7.30,7.09,7.27,3766157,28051344.00
2013-01-16,7.25,7.33,7.11,7.21,3178932,23748666.00
2013-01-17,7.19,7.30,7.14,7.17,1857026,13847852.00
2013-01-18,7.19,7.61,7.19,7.58,8708600,67122768.00
2013-01-21,7.58,7.81,7.46,7.52,6805087,53302864.00
2013-01-22,7.52,7.58,7.29,7.33,4387981,33560284.00
2013-01-23,7.26,7.51,7.24,7.35,2640372,20021760.00
2013-01-24,7.44,7.48,7.03,7.12,3800833,28514740.00
2013-01-25,7.11,7.20,7.01,7.05,2244456,16500530.00
2013-01-28,7.06,7.31,7.06,7.31,3276594,24446816.00
2013-01-29,7.38,7.44,7.29,7.34,2565404,19468476.00
2013-01-30,7.38,7.42,7.29,7.35,2697364,20426672.00
2013-01-31,7.37,7.39,7.09,7.17,4380599,32483472.00
2013-02-01,7.15,7.31,7.01,7.26,6348543,47197132.00
2013-02-04,7.24,7.46,7.24,7.41,7187192,54701992.00
2013-02-05,7.35,7.36,7.22,7.33,3653351,27539538.00
2013-02-06,7.36,7.55,7.30,7.44,3706992,28521764.00
2013-02-07,7.39,7.52,7.39,7.50,2401432,18521810.00
2013-02-08,7.52,7.66,7.49,7.63,3484266,27353400.00
2013-02-18,7.64,7.72,7.47,7.50,3470413,27142228.00
2013-02-19,7.51,7.62,7.31,7.37,2840078,21819732.00
2013-02-20,7.34,7.84,7.34,7.81,7004242,55381160.00
2013-02-21,7.72,7.99,7.67,7.92,11391218,92320944.00
2013-02-22,7.87,8.19,7.84,8.06,8337828,69080328.00
2013-02-25,8.09,8.52,8.01,8.40,8897336,76417968.00
2013-02-26,8.37,8.42,8.05,8.09,4976021,42229960.00
2013-02-27,8.06,8.19,7.86,8.01,3398357,27997728.00
2013-02-28,8.02,8.13,7.95,8.06,3053454,25340624.00
2013-03-01,8.06,8.38,7.95,8.31,4684648,39521048.00
2013-03-04,8.25,8.25,7.74,7.87,5646887,46524952.00
2013-03-05,7.79,8.14,7.79,8.11,3158642,26176504.00
2013-03-06,8.06,8.24,7.96,8.14,2789654,23319130.00
2013-03-07,8.15,8.28,7.98,8.17,3021004,25390528.00
2013-03-08,8.17,8.49,8.16,8.36,4147690,35780280.00
2013-03-11,8.39,8.71,8.37,8.55,4133215,36500044.00
2013-03-12,8.55,8.65,8.15,8.21,4448269,38143024.00
2013-03-13,8.15,8.31,7.96,8.28,2493898,20868148.00
2013-03-14,8.29,8.50,8.11,8.35,2230278,19214964.00
2013-03-15,8.31,8.51,8.18,8.34,2809167,24218530.00
2013-03-18,8.31,8.54,8.14,8.16,3223712,27696848.00
2013-03-19,8.07,8.20,7.90,8.06,2819770,23268120.00
2013-03-20,8.11,8.46,8.01,8.40,2993007,25342828.00
2013-03-21,8.36,8.53,8.34,8.46,2684857,23329848.00
2013-03-22,8.48,8.51,8.05,8.17,5037471,42459060.00
2013-03-25,8.17,8.22,8.06,8.21,1904035,15982917.00
2013-03-26,8.19,8.21,7.99,8.00,2695861,22318752.00
2013-03-27,8.01,8.09,7.82,7.90,2570239,21031960.00
2013-03-28,7.85,8.02,7.76,8.01,3440244,28068188.00
2013-03-29,7.97,8.04,7.85,7.95,1540624,12586973.00
2013-04-01,7.93,8.09,7.86,8.05,1818544,14997904.00
2013-04-02,8.17,8.17,7.91,7.97,1146702,9500335.00
2013-04-03,7.86,7.99,7.86,7.90,872189,7111565.00
2013-04-08,7.84,7.84,7.67,7.76,1494007,11916816.00
2013-04-09,7.76,7.92,7.73,7.86,1152201,9311183.00
2013-04-10,7.91,8.16,7.86,8.04,2524942,20925060.00
2013-04-11,8.05,8.33,8.03,8.27,4275740,36175120.00
2013-04-12,8.26,8.35,8.02,8.06,3283634,27589020.00
2013-04-15,7.95,8.11,7.55,7.59,4758912,37852756.00
2013-04-16,7.51,7.70,7.19,7.56,4669914,35653328.00
2013-04-17,7.54,7.78,7.50,7.71,4150519,32938812.00
2013-04-18,7.67,7.81,7.61,7.71,2310156,18420450.00
2013-04-19,7.78,7.87,7.66,7.86,3999766,31953588.00
2013-04-22,7.83,7.99,7.61,7.86,5259392,42376864.00
2013-04-23,7.91,7.93,7.64,7.72,2309517,18436132.00
2013-04-24,7.71,7.82,7.61,7.76,3166314,25312070.00
2013-04-25,7.76,7.85,7.62,7.80,4956173,39456656.00
2013-04-26,7.81,8.45,7.80,8.29,10146325,86125232.00
2013-05-02,8.29,8.81,8.29,8.59,11446418,101855240.00
2013-05-03,8.64,8.87,8.54,8.80,10203845,91013528.00
2013-05-06,8.72,8.83,8.67,8.81,6491104,58307884.00
2013-05-07,8.72,8.79,8.53,8.74,8108808,72035824.00
2013-05-08,8.70,9.02,8.70,8.95,8296436,76200976.00
2013-05-09,8.91,9.10,8.84,9.03,6819962,62826676.00
2013-05-10,9.08,9.75,9.08,9.50,11225187,109338016.00
2013-05-13,9.58,9.88,9.36,9.72,8367863,82971712.00
2013-08-14,10.71,10.71,9.70,9.91,23752307,245336288.00
2013-08-15,9.81,9.89,9.26,9.34,10802438,104231528.00
2013-08-16,9.22,9.71,9.12,9.53,10558747,102202352.00
2013-08-19,9.53,9.69,9.32,9.59,7832901,76361176.00
2013-08-20,9.46,9.69,9.10,9.27,8037645,77936184.00
2013-08-21,9.27,9.31,8.91,9.14,4492050,41534484.00
2013-08-22,9.12,9.13,8.93,9.06,4249833,39145556.00
2013-08-23,9.10,9.55,9.09,9.37,7908443,75278080.00
2013-08-26,9.36,9.48,9.26,9.43,4118252,39324136.00
2013-08-27,9.38,9.50,9.26,9.33,3734534,35558952.00
2013-08-28,9.48,9.48,9.03,9.05,4112038,38399044.00
2013-08-29,8.99,9.04,8.70,8.86,3220506,29137532.00
2013-08-30,8.86,8.96,8.76,8.81,2121226,19192920.00
2013-09-02,8.81,8.92,8.61,8.83,2518650,22518056.00
2013-09-03,8.82,8.98,8.70,8.91,2428326,21955692.00
2013-09-04,8.84,9.01,8.79,8.89,3361814,30642736.00
2013-09-05,8.89,8.92,8.76,8.85,3036172,27397246.00
2013-09-06,8.82,8.89,8.77,8.84,2865943,25854704.00
2013-09-09,8.85,9.51,8.81,9.43,9497885,89801560.00
2013-09-10,9.43,9.50,9.32,9.41,3995757,38320640.00
2013-09-11,9.40,9.44,9.19,9.21,3441185,32560634.00
2013-09-12,9.26,9.28,9.03,9.07,3610898,33497832.00
2013-09-13,9.09,9.24,9.02,9.22,5073416,47175716.00
2013-09-16,9.22,9.46,9.17,9.34,3737576,35729848.00
2013-09-17,9.38,9.47,9.08,9.37,3829518,36278520.00
2013-09-18,9.31,9.42,9.21,9.40,1554191,14799008.00
2013-09-23,9.45,9.89,9.31,9.79,5901294,57985984.00
2013-09-24,9.79,9.79,9.49,9.65,3098443,30353320.00
2013-09-25,9.65,9.65,9.31,9.39,2823249,27261768.00
2013-09-26,9.36,9.53,9.06,9.08,2094364,19831044.00
2013-09-27,9.05,9.25,9.05,9.15,1322027,12388024.00
2013-09-30,9.23,9.67,9.23,9.50,4269856,41493912.00
2013-10-08,9.41,9.77,9.41,9.68,3221089,31709208.00
2013-10-09,9.65,9.72,9.50,9.67,2589658,25369300.00
2013-10-10,9.70,9.99,9.61,9.86,5017220,50423144.00
2013-10-11,9.86,9.90,9.57,9.73,3799781,37657624.00
2013-10-14,9.70,9.91,9.54,9.70,4372424,43245304.00
2013-10-15,9.64,10.21,9.61,10.15,6769952,68264880.00
2013-10-16,10.10,10.39,9.86,10.24,6692107,69456264.00
2013-10-17,10.33,10.39,10.01,10.07,2999150,31130120.00
2013-10-18,10.03,10.70,10.01,10.68,6484953,69199144.00
2013-10-21,10.69,11.35,10.60,11.25,7695172,86994504.00
2013-10-22,11.20,11.66,11.12,11.58,5858496,67779584.00
2013-10-23,11.58,11.61,10.97,11.51,6486228,74586504.00
2013-10-24,11.44,11.69,11.01,11.36,5360510,61661464.00
2013-10-25,11.51,11.70,10.97,11.04,3537671,40497512.00
2013-10-28,11.10,11.32,10.81,11.10,2914442,33035798.00
2013-10-29,11.04,11.46,10.53,10.79,5540837,61801716.00
2013-10-30,10.71,11.41,10.69,11.31,4447212,50577696.00
2013-10-31,11.30,11.80,11.26,11.51,7215657,84945136.00
2013-11-01,11.26,11.73,10.86,11.15,7350185,83825808.00
2013-11-04,11.16,11.47,11.15,11.39,4186927,48297476.00
2013-11-05,11.43,11.50,11.06,11.41,3092420,35419472.00
2013-11-06,11.40,11.57,11.18,11.44,4726370,55005032.00
2013-11-07,11.40,11.49,10.98,11.09,3501678,39923268.00
2013-11-08,10.83,11.21,10.81,11.12,1732802,19454412.00
2013-11-11,11.16,11.41,11.16,11.21,1707266,19605868.00
2013-11-12,11.18,11.46,11.17,11.42,1955601,22593792.00
2013-11-13,11.42,11.69,11.32,11.51,3554896,41520696.00
2013-11-14,11.47,12.21,11.33,12.20,6150166,74518024.00
2013-11-15,12.31,12.66,12.11,12.19,7016158,88759984.00
2013-11-18,11.98,12.65,11.98,12.60,6406190,80537328.00
2013-11-19,12.81,13.63,12.60,13.42,7689820,102845168.00
2013-11-20,13.21,13.77,13.21,13.53,5034653,68866664.00
2013-11-21,13.50,13.64,13.22,13.51,3645515,49627776.00
2013-11-22,13.62,14.08,13.62,14.00,8340916,117697672.00
2013-11-25,13.99,14.39,13.72,13.79,6065551,85908616.00
2013-11-26,13.76,14.33,13.66,14.16,6488019,92361232.00
2013-11-27,14.16,14.37,13.91,14.09,3920329,55993424.00
2013-11-28,14.10,14.25,13.92,13.97,3622985,51560960.00
2013-11-29,13.97,14.08,13.72,13.95,3758315,52752640.00
2013-12-02,13.81,13.85,13.21,13.33,3640008,49891616.00
2013-12-03,13.35,14.68,13.31,14.68,8642906,126462616.00
2013-12-04,14.91,15.19,14.68,15.01,7040120,106833728.00
2013-12-05,15.01,16.38,14.91,16.15,9823262,155973920.00
2013-12-06,16.17,16.21,15.47,15.72,5799379,92481984.00
2013-12-09,15.71,16.61,15.37,15.80,7203591,116066928.00
2013-12-10,15.81,16.17,15.34,15.80,5535867,88773760.00
2013-12-11,15.51,15.96,15.31,15.94,4193341,66300400.00
2013-12-12,15.81,15.96,15.51,15.61,2823071,44891592.00
2013-12-13,15.62,15.90,15.53,15.86,3025954,48135312.00
2013-12-16,15.87,16.41,15.81,16.17,6962610,113479208.00
2013-12-17,15.87,16.08,15.49,15.80,3476181,55434008.00
2013-12-18,15.66,15.86,15.50,15.71,1722160,27304172.00
2013-12-19,15.74,16.26,15.71,15.82,2048867,33010044.00
2013-12-20,15.73,15.95,15.46,15.54,2815354,44462776.00
2013-12-23,15.54,15.69,14.51,14.76,4376115,65773328.00
2013-12-24,14.72,15.11,13.91,14.03,5578732,81613856.00
2013-12-25,13.80,14.61,13.80,14.56,5048533,72632024.00
2013-12-26,14.44,14.81,13.99,14.29,2817300,41038708.00
2013-12-27,14.25,14.56,14.01,14.36,3198511,46255192.00
2013-12-30,14.36,15.18,14.28,15.16,4373155,65975676.00
2013-12-31,15.46,15.46,14.61,14.84,3677635,55178200.00
2014-01-02,14.84,15.23,14.56,15.18,2365383,35777328.00
2014-01-03,15.33,15.33,14.61,14.93,4055731,60998872.00
2014-01-06,14.92,15.15,14.66,14.94,3658424,55259824.00
2014-01-07,14.72,15.50,14.72,15.40,3857588,59630220.00
2014-01-08,15.40,15.61,15.13,15.36,1837983,28494840.00
2014-01-09,15.26,15.58,14.87,15.04,3337850,50882788.00
2014-01-10,15.07,15.09,14.72,14.84,1560873,23477324.00
2014-01-13,14.80,15.07,14.16,14.28,1965014,28976584.00
2014-01-14,14.28,14.47,13.78,14.43,3194206,45605540.00
2014-01-15,14.31,14.47,14.15,14.28,1440112,20908272.00
2014-01-16,14.31,14.46,13.76,14.12,3699053,52540696.00
2014-01-17,14.29,14.29,13.46,13.50,3755965,52630340.00
2014-01-20,13.48,13.78,12.99,13.22,2549794,34489044.00
2014-01-21,13.19,13.61,13.01,13.03,3350444,45135816.00
2014-01-22,13.04,13.81,13.04,13.78,2639670,36039584.00
2014-01-23,13.72,13.83,13.43,13.79,2162998,29909112.00
2014-01-24,13.46,13.97,13.46,13.92,2655233,37091112.00
2014-01-27,13.81,14.56,13.81,14.38,3462001,50297984.00
2014-01-28,14.37,14.56,14.22,14.42,1909154,27944992.00
2014-01-29,14.51,14.66,14.41,14.53,1525715,22429410.00
2014-01-30,14.37,14.46,13.90,14.31,1209534,17435896.00
2014-02-07,14.30,14.46,13.92,14.39,1213695,17572864.00
2014-02-10,14.31,14.66,14.31,14.61,3656744,53908264.00
2014-02-11,14.62,15.16,14.41,15.01,5484776,82687872.00
2014-02-12,15.01,15.24,14.64,14.93,4678887,70843000.00
2014-02-13,14.81,15.13,14.62,14.68,2315009,34967172.00
2014-02-14,14.68,15.01,14.61,14.74,2369061,35413456.00
2014-02-17,14.67,14.96,14.63,14.96,3544873,53183928.00
2014-02-18,14.95,14.95,14.51,14.60,2356112,34967248.00
2014-02-19,14.60,14.64,14.02,14.11,3063471,44144316.00
2014-02-20,14.26,14.58,14.16,14.38,2966446,43304312.00
2014-02-21,14.37,14.51,13.93,13.98,1599274,22917440.00
2014-02-24,13.98,14.16,13.74,13.93,1603326,22531104.00
2014-02-25,13.94,13.96,13.40,13.57,2059414,28634158.00
2014-02-26,13.61,13.68,12.52,13.26,4688590,61970520.00
2014-02-27,13.31,13.41,12.72,12.79,4228032,55371248.00
2014-02-28,12.29,13.05,12.29,13.03,2389186,31259664.00
2014-03-03,12.92,13.56,12.92,13.45,2474686,33544960.00
2014-03-04,13.51,13.91,13.29,13.85,3084662,42974452.00
2014-03-05,14.02,14.29,13.67,14.14,2452659,34980228.00
2014-03-06,14.18,14.31,13.93,14.20,2567732,36794588.00
2014-03-07,14.26,14.30,13.80,14.02,1888032,26763548.00
2014-03-10,14.00,14.00,13.42,13.52,1886754,26118338.00
2014-03-11,13.66,13.83,13.37,13.65,2539989,35417708.00
2014-03-12,13.71,13.86,13.44,13.67,1903654,26558010.00
2014-03-13,13.67,14.05,13.63,14.01,2591182,36658652.00
2014-03-14,14.09,14.09,13.89,13.98,1454162,20568738.00
2014-03-17,13.98,14.31,13.98,14.14,1709049,24517312.00
2014-03-18,14.29,14.29,13.70,13.77,1740110,24557084.00
2014-03-19,13.62,13.89,13.62,13.80,1391019,19409064.00
2014-03-20,13.80,13.80,13.24,13.26,1926974,26496548.00
2014-03-21,13.21,13.60,13.01,13.34,1323896,17861852.00
2014-03-24,13.54,13.78,13.41,13.71,2349809,32432040.00
2014-03-25,13.73,13.79,13.65,13.76,1519051,21171536.00
2014-03-26,13.86,14.06,13.84,13.87,2536207,35854040.00
2014-03-27,13.96,13.96,13.26,13.32,3580313,48648348.00
2014-03-28,13.24,13.60,13.22,13.58,2648821,36227784.00
2014-03-31,13.44,13.61,13.04,13.07,2340718,31511848.00
2014-04-01,13.31,13.37,13.08,13.35,1172681,15827054.00
2014-04-02,13.35,13.63,13.35,13.48,1207486,16547243.00
2014-04-03,13.41,13.79,13.35,13.56,1052646,14541127.00
2014-04-04,13.61,13.76,13.53,13.71,1107646,15359135.00
2014-04-08,13.65,14.41,13.65,14.09,4942545,70667800.00
2014-04-09,14.09,14.19,13.92,14.10,2509228,35680248.00
2014-04-10,14.10,14.26,13.88,14.14,2604069,37198160.00
2014-04-11,14.11,15.01,13.93,14.86,5624468,83312144.00
2014-04-14,14.84,14.96,14.62,14.81,3352360,50213564.00
2014-04-15,14.81,14.98,14.55,14.84,2868573,42917044.00
2014-04-16,14.86,15.30,14.82,15.01,4362517,66358848.00
2014-04-17,14.92,15.26,14.71,15.16,4855230,73636032.00
2014-04-18,15.03,15.47,14.89,15.08,4238992,65211376.00
2014-04-21,15.01,15.17,14.81,14.93,3757201,57194620.00
2014-04-22,14.84,15.41,14.59,14.61,2115489,31828676.00
2014-04-23,14.65,14.73,14.29,14.56,2575501,38026672.00
2014-04-24,14.38,14.96,14.38,14.77,1654826,24838342.00
2014-04-25,15.02,15.02,14.61,14.68,734476,10944035.00
2014-04-28,14.68,14.68,13.19,13.66,4217760,59549204.00
2014-04-29,13.81,13.99,13.60,13.86,1208053,16879064.00
2014-04-30,13.71,14.17,13.71,14.05,961721,13659994.00
2014-05-05,14.01,14.04,13.61,13.86,1413824,19825428.00
2014-05-06,13.67,14.27,13.61,14.19,1837926,26172066.00
2014-05-07,14.08,14.18,13.77,13.77,1507393,21164916.00
2014-05-08,13.79,13.93,13.69,13.76,420790,5881776.00
2014-05-09,13.51,13.76,13.11,13.27,1544077,20865456.00
2014-05-12,13.31,13.61,13.31,13.45,1258106,17182724.00
2014-05-13,13.46,13.58,13.31,13.36,1063501,14468445.00
2014-05-14,13.35,13.56,13.31,13.42,771130,10477314.00
2014-05-15,13.41,13.56,13.29,13.30,776607,10548733.00
2014-05-16,13.31,13.43,13.14,13.16,560620,7508715.00
2014-05-19,13.18,13.23,12.96,13.08,582616,7699425.00
2014-05-20,13.19,13.26,12.97,13.07,632163,8395489.00
2014-05-21,12.92,13.16,12.87,13.16,776341,10258114.00
2014-05-22,13.16,13.29,13.04,13.20,462351,6190035.00
2014-05-23,13.19,13.35,13.14,13.31,365774,4920151.00
2014-05-26,13.31,13.42,12.91,13.29,1373264,18450100.00
2014-05-27,13.30,13.30,12.97,13.21,1256746,16749787.00
2014-05-28,13.21,13.25,12.97,13.18,902215,11998510.00
2014-05-29,13.20,13.40,13.20,13.31,1288817,17416136.00
2014-05-30,13.44,13.54,13.27,13.33,827220,11233121.00
2014-06-03,13.32,13.37,13.11,13.21,609426,8193534.00
2014-06-04,13.21,13.25,12.99,13.05,528606,6989474.00
2014-06-05,12.81,13.14,12.81,13.09,412418,5451918.00
2014-06-06,12.99,13.08,12.69,12.80,1217907,15830916.00
2014-06-09,12.83,12.83,12.46,12.69,2459703,31607344.00
2014-06-10,12.73,12.76,12.38,12.73,1667700,21269274.00
2014-06-11,12.70,12.97,12.70,12.85,1580198,20566634.00
2014-06-12,12.83,12.88,12.70,12.72,554495,7177955.00
2014-06-13,12.67,12.96,12.67,12.92,912779,11915246.00
2014-06-16,12.85,12.95,12.79,12.90,1337830,17437092.00
2014-06-17,12.92,12.92,12.79,12.84,906148,11791841.00
2014-06-18,12.90,12.90,12.71,12.78,629162,8180840.00
2014-06-19,12.79,12.95,12.37,12.44,698500,8900678.00
2014-06-20,12.44,12.64,11.77,12.12,2544212,31124742.00
2014-06-23,11.90,12.15,11.90,12.00,889909,10777453.00
2014-06-24,12.04,12.25,12.04,12.23,1021353,12566339.00
2014-06-25,12.25,13.26,12.15,12.91,2291357,29639562.00
2014-06-26,12.91,12.91,12.57,12.69,1714060,21845828.00
2014-06-27,12.69,12.72,12.56,12.59,1181038,15007319.00
2014-06-30,12.54,12.95,12.49,12.87,1420918,18311152.00
2014-07-01,12.51,12.89,12.49,12.62,2631110,33502518.00
2014-07-02,12.51,12.64,12.47,12.55,1532123,19424368.00
2014-07-03,12.49,12.79,12.49,12.61,1340151,17133124.00
2014-07-04,12.64,12.77,12.59,12.72,1315116,16849184.00
2014-07-07,12.73,12.97,12.23,12.80,1065882,13816116.00
2014-07-08,12.89,12.89,12.61,12.76,983030,12602357.00
2014-07-09,12.69,12.81,12.63,12.64,645083,8269695.00
2014-07-10,12.68,12.76,12.37,12.42,1268750,16049322.00
2014-07-11,12.46,12.52,12.14,12.29,1572544,19613670.00
2014-07-14,12.24,12.38,12.19,12.37,1618324,20057428.00
2014-07-15,12.41,12.44,12.23,12.30,970103,12052126.00
2014-07-16,12.34,12.97,12.31,12.88,3396925,43595280.00
2014-07-17,12.89,13.06,12.77,12.93,2389579,31136368.00
2014-07-18,12.89,13.33,12.75,13.22,3712484,49048264.00
2014-07-21,13.22,13.86,13.04,13.65,3327014,45395872.00
2014-07-22,13.66,13.71,13.38,13.56,3213772,43718668.00
2014-07-23,13.59,13.59,13.11,13.25,2270471,30489854.00
2014-07-24,13.32,13.59,13.04,13.07,2631240,35227140.00
2014-07-25,13.07,14.19,13.01,13.88,4406283,60171732.00
2014-07-28,13.77,14.44,13.77,14.18,4049685,57953900.00
2014-07-29,14.29,14.34,13.95,14.30,2558965,36662176.00
2014-07-30,14.39,14.87,14.16,14.63,4248361,62351312.00
2014-07-31,14.71,15.17,14.38,14.46,4068380,59786160.00
2014-08-01,14.53,14.68,14.28,14.31,2106794,30758992.00
2014-08-04,14.39,14.54,14.02,14.35,5309242,76044912.00
2014-08-05,14.44,14.45,14.05,14.27,4395362,62862208.00
2014-08-06,14.22,14.24,14.10,14.18,1726646,24659736.00
2014-08-07,14.19,14.47,14.16,14.18,1612899,23140508.00
2014-08-08,14.18,14.28,13.99,14.06,2172929,30831276.00
2014-08-11,14.08,14.16,14.04,14.11,2500640,35514728.00
2014-08-12,14.12,14.13,13.92,14.09,3007875,42425560.00
2014-08-13,14.10,14.24,13.98,14.19,3365217,47845588.00
2014-08-14,14.21,14.37,13.94,13.99,4045307,57645904.00
2014-08-15,13.98,13.98,13.64,13.73,4520076,62595656.00
2014-08-18,13.70,13.84,13.61,13.80,2627355,36409480.00
2014-08-19,13.83,13.83,13.62,13.63,4079076,56318608.00
2014-08-20,13.63,13.84,13.60,13.77,3680097,50996460.00
2014-08-21,13.77,13.95,13.70,13.94,2979925,41513912.00
2014-08-22,13.94,13.97,13.77,13.83,2417950,33728196.00
2014-08-25,13.81,13.81,13.50,13.51,2322028,31865756.00
2014-08-26,13.49,13.51,13.10,13.11,3083507,41194096.00
2014-08-27,13.15,13.36,13.15,13.21,1265679,16916858.00
2014-08-28,13.25,13.43,13.10,13.14,1704565,22693372.00
2014-08-29,13.24,13.48,13.09,13.44,1850624,24900416.00
2014-09-01,13.39,13.71,13.37,13.58,2888103,39439192.00
2014-09-02,13.58,13.72,13.49,13.70,2642928,36213060.00
2014-09-03,13.73,14.28,13.55,14.19,5265900,73881128.00
2014-09-04,14.10,14.21,13.98,14.18,4757746,67649056.00
2014-09-05,14.18,14.19,13.93,13.99,3170085,44755396.00
2014-09-09,13.96,13.99,13.78,13.88,3164620,44166560.00
2014-09-10,13.81,13.93,13.78,13.89,2758504,38542760.00
2014-09-11,13.90,14.28,13.82,14.27,9199651,130212320.00
2014-09-12,14.19,14.19,13.99,14.13,3729585,52996016.00
2014-09-15,14.08,14.34,14.04,14.29,7514561,107794200.00
2014-09-16,14.62,15.05,13.99,14.02,9423387,137629280.00
2014-09-17,13.98,13.99,13.59,13.72,4277909,59239280.00
2014-09-18,13.86,13.86,13.59,13.67,2670956,36854236.00
2014-09-19,13.71,13.82,13.59,13.81,2377116,32835746.00
2014-09-22,13.81,13.81,13.59,13.76,2317820,32007114.00
2014-09-23,13.75,13.82,13.64,13.77,1663647,23004578.00
2014-09-24,13.75,13.88,13.65,13.85,2855727,39606624.00
2014-09-25,13.91,13.94,13.66,13.75,3134337,43545836.00
2014-09-26,13.71,13.71,13.59,13.64,4541030,62414484.00
2014-09-29,13.67,13.87,13.64,13.86,3973958,55053252.00
2014-09-30,13.86,14.09,13.81,14.07,4212054,59545792.00
2014-10-08,14.07,14.15,13.92,14.13,4815746,68099080.00
2014-10-09,14.12,14.17,13.93,14.03,4117958,58261796.00
2014-10-10,14.03,14.08,13.79,14.06,4683528,65780216.00
2014-10-13,14.03,14.15,13.89,14.12,4992590,70700128.00
2014-10-14,14.04,14.16,13.89,13.94,3484130,49205516.00
2014-10-15,13.98,14.01,13.89,14.00,2608197,36671056.00
2014-10-16,13.94,13.99,13.55,13.58,5383967,75051384.00
2014-10-17,13.56,13.63,13.07,13.19,5040031,67557328.00
2014-10-20,13.22,13.27,13.07,13.21,3160285,41903416.00
2014-10-21,13.21,13.31,13.12,13.24,2779260,37063928.00
2014-10-22,13.19,13.29,13.09,13.13,1646345,21916976.00
2014-10-23,13.13,13.13,12.89,12.93,3043550,39772512.00
2014-10-24,12.99,13.05,12.88,12.92,1342669,17504420.00
2014-10-27,13.05,13.19,12.94,13.02,1812916,23895200.00
2014-10-28,12.97,13.24,12.97,13.24,2368945,31433900.00
2014-10-29,13.24,13.30,13.15,13.25,2694717,35953364.00
2014-10-30,13.29,13.30,13.14,13.26,2806889,37402488.00
2014-10-31,13.28,13.29,13.05,13.18,3367274,44586744.00
2014-11-03,13.17,13.22,13.06,13.19,2511069,33270060.00
2014-11-04,13.19,13.26,13.05,13.07,3748176,49806500.00
2014-11-05,13.05,13.19,13.03,13.08,2306800,30457600.00
2014-11-06,13.24,13.61,13.21,13.58,8967946,121372472.00
2014-11-07,13.58,13.59,13.25,13.30,4808879,65021088.00
2014-11-10,13.34,13.49,13.26,13.39,2913081,39190116.00
2014-11-11,13.35,13.39,12.65,12.81,6458752,84605176.00
2014-11-12,12.81,12.92,12.68,12.83,2754053,35513204.00
2014-11-13,12.84,12.86,12.24,12.35,5758636,72351808.00
2014-11-14,12.35,12.47,12.26,12.43,2343081,29167210.00
2014-11-17,12.44,12.55,12.40,12.49,2131847,26855904.00
2014-11-18,12.51,12.55,12.38,12.54,1870603,23520578.00
2014-11-19,12.49,12.57,12.39,12.54,2060880,25988796.00
2014-11-20,12.54,12.54,12.38,12.43,1940263,24316000.00
2014-11-21,12.43,12.51,12.39,12.50,1586030,19939952.00
2014-11-24,12.54,12.64,12.51,12.59,4231981,53678248.00
2014-11-25,12.64,12.77,12.57,12.75,4026872,51498664.00
2014-11-26,12.77,12.81,12.69,12.78,3117494,40116656.00
2014-11-27,12.79,12.96,12.67,12.96,4943757,63915144.00
2014-11-28,12.92,12.98,12.74,12.79,3213108,41596064.00
2014-12-01,12.78,12.86,12.66,12.73,3879002,49837748.00
2014-12-02,12.68,12.95,12.62,12.91,4541868,58977680.00
2014-12-03,12.89,12.97,12.78,12.97,6400433,82894400.00
2014-12-04,12.97,13.13,12.91,13.08,5270860,69307448.00
2014-12-05,13.09,13.13,12.58,12.63,5956622,76676400.00
2014-12-08,12.64,12.64,12.45,12.50,5043386,63713276.00
2014-12-09,12.40,12.49,11.95,12.01,7245408,89719136.00
2014-12-10,11.99,12.33,11.98,12.30,3872007,47595888.00
2014-12-11,12.28,12.54,11.89,12.48,4237002,52689052.00
2014-12-12,12.47,12.65,12.44,12.65,4351458,55109672.00
2014-12-15,12.67,12.88,12.59,12.77,4441777,57184184.00
2014-12-16,12.79,12.84,12.64,12.75,2678077,34325852.00
2014-12-17,12.69,12.75,12.55,12.69,3637432,46354924.00
2014-12-18,12.68,12.77,12.39,12.46,2993109,37859584.00
2014-12-19,12.45,12.45,12.04,12.13,3511150,43072488.00
2014-12-22,12.08,12.38,11.85,12.37,5598751,67925992.00
2014-12-23,12.31,12.80,12.25,12.64,5593735,71095432.00
2014-12-24,12.69,12.86,12.48,12.63,3476387,44385076.00
2014-12-25,12.61,12.69,12.49,12.59,2972652,37680272.00
2014-12-26,12.62,12.62,12.48,12.53,2373403,29974772.00
2014-12-29,12.54,12.56,12.23,12.25,2252498,28024020.00
2014-12-30,12.19,12.34,12.07,12.32,2210279,27256880.00
2014-12-31,12.32,12.38,12.14,12.19,1564181,19304456.00
2015-01-05,12.20,12.65,12.19,12.64,3857823,48411712.00
2015-01-06,12.63,12.79,12.51,12.79,5912641,75661336.00
2015-01-07,12.71,12.89,12.67,12.70,3630545,46775124.00
2015-01-08,12.70,12.86,12.49,12.68,4356904,55579664.00
2015-01-09,12.67,12.77,12.55,12.58,3287047,41846896.00
2015-01-12,12.59,12.59,12.35,12.36,2180957,27307018.00
2015-01-13,12.39,12.66,12.35,12.65,2797384,35293952.00
2015-01-14,12.66,12.71,12.57,12.62,2463497,31383214.00
2015-01-15,12.59,13.03,12.59,13.00,7726242,100433008.00
2015-01-16,13.02,13.03,12.87,13.00,6996313,91412560.00
2015-01-19,12.83,12.96,12.52,12.59,4534576,58215888.00
2015-01-20,12.67,12.87,12.64,12.86,4884200,62847288.00
2015-01-21,12.93,13.03,12.83,12.97,6745157,87911576.00
2015-01-22,13.01,13.02,12.81,12.93,5480079,71339248.00
2015-01-23,12.96,12.97,12.75,12.79,5266316,68198112.00
2015-01-26,12.83,13.02,12.75,12.98,5627735,73320224.00
2015-01-27,12.97,13.54,12.97,13.52,14913485,198712640.00
2015-01-28,13.35,13.48,13.15,13.27,7601382,101829240.00
2015-01-29,13.19,13.36,13.10,13.30,4220445,56483956.00
2015-01-30,13.30,13.51,13.23,13.32,6709909,90630032.00
2015-02-02,13.19,13.32,12.99,13.02,5522905,73251896.00
2015-02-03,13.05,13.13,12.92,13.09,5660193,74222560.00
2015-02-04,13.09,13.16,12.78,12.83,6510110,85014808.00
2015-02-05,12.91,12.98,12.61,12.63,5787115,74597536.00
2015-02-06,12.63,12.71,12.19,12.30,5038200,62771896.00
2015-02-09,12.24,12.36,12.17,12.19,2336701,28875662.00
2015-02-10,12.20,12.36,12.20,12.26,1865888,23104912.00
2015-02-11,12.33,12.45,12.23,12.42,3160091,39327416.00
2015-02-12,12.42,12.49,12.35,12.43,2246026,28094898.00
2015-02-13,12.43,13.06,12.41,12.61,4199267,53873980.00
2015-02-16,12.55,12.77,12.55,12.62,4537532,57958504.00
2015-02-17,12.74,12.75,12.54,12.60,3890773,49433704.00
2015-02-25,12.65,12.66,12.38,12.43,4258879,53790312.00
2015-02-26,12.46,12.61,12.39,12.60,2897080,36617664.00
2015-02-27,12.62,12.62,12.50,12.59,4344918,54952708.00
2015-03-02,12.62,12.89,12.56,12.87,8804487,113169944.00
2015-03-03,12.84,12.85,12.71,12.75,5445416,70177528.00
2015-03-04,12.75,12.96,12.73,12.95,4970148,64495032.00
2015-03-05,12.94,13.02,12.80,12.99,5399966,70334864.00
2015-03-06,13.39,13.55,12.94,12.95,12892794,171729264.00
2015-03-09,12.77,12.84,12.52,12.81,8430136,107530016.00
2015-03-10,12.84,12.87,12.66,12.84,5826568,75198808.00
2015-03-11,12.72,12.98,12.72,12.96,5620342,72943176.00
2015-03-12,12.97,13.09,12.77,12.82,6467385,84322552.00
2015-03-13,12.54,12.91,12.54,12.87,4260268,54982336.00
2015-03-16,12.88,13.11,12.87,13.10,9488671,124608984.00
2015-03-17,13.13,13.34,13.05,13.33,13643682,181073488.00
2015-03-18,13.33,13.53,13.27,13.48,12933976,175469696.00
2015-03-19,13.47,13.85,13.38,13.55,13076532,179774992.00
2015-03-20,13.69,13.80,13.48,13.79,10919984,150411856.00
2015-03-23,13.90,14.45,13.88,14.12,16092908,229035280.00
2015-03-24,14.14,14.14,13.53,13.87,13796268,192692816.00
2015-03-25,13.85,14.29,13.61,14.22,16848185,237637040.00
2015-03-26,14.08,14.32,13.98,14.06,10097918,143820464.00
2015-03-27,13.98,14.45,13.98,14.42,12276403,176443856.00
2015-03-30,14.42,14.56,14.22,14.42,12611877,182506736.00
2015-03-31,14.47,14.55,13.87,14.02,13746775,196805392.00
2015-04-01,14.02,14.85,13.97,14.72,19752931,289168224.00
2015-04-02,14.79,14.85,14.29,14.63,14024576,205973584.00
2015-04-03,14.57,14.89,14.43,14.86,15661967,231260400.00
2015-04-07,15.02,15.57,14.95,15.41,17267557,265813520.00
2015-04-08,15.39,15.54,14.91,15.30,12175916,186012032.00
2015-04-09,15.25,15.27,14.49,14.80,14314335,213920928.00
2015-04-10,14.63,15.48,14.63,15.14,11760122,179514000.00
2015-04-13,15.22,15.43,14.90,15.22,10794129,165306896.00
2015-04-14,15.17,15.39,15.01,15.08,10315443,157462624.00
2015-04-15,15.03,16.07,14.86,15.52,20879144,328147136.00
2015-04-16,15.40,15.47,14.69,15.37,11932625,182621120.00
2015-04-17,15.37,15.87,15.11,15.35,12176623,189322272.00
2015-04-20,15.20,15.31,14.75,14.82,11685182,176925280.00
2015-04-21,14.64,15.17,14.64,15.15,7911028,119295352.00
2015-04-22,15.24,15.46,15.21,15.41,12102894,187034832.00
2015-04-23,15.47,15.58,15.24,15.46,14128875,219576640.00
2015-04-24,15.28,15.98,14.92,15.59,21303973,334821024.00
2015-04-27,15.71,16.44,15.70,16.01,21327841,346516000.00
2015-04-28,15.89,16.18,15.09,15.40,14386238,225933328.00
2015-04-29,15.40,16.06,15.40,15.98,10385671,165485184.00
2015-04-30,16.07,16.37,15.67,15.82,11113550,179668080.00
2015-05-04,15.81,15.89,15.47,15.74,6926076,109095416.00
2015-05-05,15.78,15.82,14.88,15.14,9194349,142090768.00
2015-05-06,15.11,15.29,14.45,14.64,9720791,146514416.00
2015-05-07,14.54,14.75,14.19,14.28,6086164,88256592.00
2015-05-08,14.45,14.74,14.39,14.73,5700791,83672104.00
2015-05-11,14.76,15.14,14.70,15.11,8006168,120709632.00
2015-05-12,15.10,15.22,14.89,15.08,9148017,138534752.00
2015-05-13,15.08,15.24,14.89,15.12,7794698,118542424.00
2015-05-14,15.24,15.55,15.14,15.16,11384448,175557472.00
2015-05-15,15.14,15.65,14.94,15.50,12544047,193571600.00
2015-05-18,15.44,16.03,15.26,15.85,12934563,205616240.00
2015-05-19,15.79,16.04,15.67,15.96,9509278,152052784.00
2015-05-20,16.09,16.24,15.80,15.87,14042170,226138976.00
2015-05-21,15.79,16.89,15.62,16.83,16347229,267151136.00
2015-05-22,16.89,17.24,16.59,16.94,15378045,261120624.00
2015-05-25,16.79,17.34,16.75,17.06,13408087,230533808.00
2015-05-26,17.09,17.63,16.99,17.59,17859139,309638688.00
2015-05-27,17.59,17.66,16.89,17.21,14807301,256076608.00
2015-05-28,17.16,17.44,15.98,16.06,18243488,307677184.00
2015-05-29,16.10,16.39,15.22,15.79,13582775,216363472.00
2015-06-01,15.91,16.48,15.87,16.48,11249494,184438176.00
2015-06-02,16.47,17.20,16.38,17.13,16461962,278759712.00
2015-06-03,17.14,17.14,16.54,16.99,11685041,198639584.00
2015-06-04,16.89,18.70,16.40,18.70,22827437,400132160.00
2015-06-05,19.24,19.87,18.77,19.35,27553008,534883040.00
2015-06-08,19.27,20.04,19.00,19.07,16222825,315495040.00
2015-06-09,19.10,19.54,18.71,19.39,14494456,279337376.00
2015-06-10,19.25,20.49,18.96,20.01,17839351,359280448.00
2015-06-11,19.70,20.08,19.50,19.96,13015458,259242704.00
2015-06-12,19.89,20.29,19.66,20.03,11801185,236947408.00
2015-06-15,20.09,20.16,19.08,19.20,12401573,243716352.00
2015-06-16,18.77,19.20,18.05,18.29,13630452,253097136.00
2015-06-17,18.29,18.91,17.55,18.70,8988599,165430656.00
2015-06-18,18.51,19.14,18.09,18.31,8724127,164828512.00
2015-06-19,17.79,18.25,16.57,16.61,8429558,148648288.00
2015-06-23,16.72,17.19,15.87,17.01,9493055,159597136.00
2015-06-24,17.18,17.50,16.89,17.44,10176418,176574448.00
2015-06-25,17.36,17.43,16.22,16.25,9791075,166296496.00
2015-06-26,15.95,15.96,14.61,14.63,13957884,214009376.00
2015-06-29,15.19,15.37,13.49,14.53,14398027,212873712.00
2015-06-30,14.55,15.87,13.80,15.78,11631423,173145632.00
2015-07-01,15.39,16.04,14.96,14.99,10993788,173427344.00
2015-07-02,15.08,15.34,13.84,13.90,10392611,152959840.00
2015-07-03,13.69,14.27,12.50,12.83,12967706,172548960.00
2015-07-06,14.03,14.03,11.54,13.10,23156264,291977632.00
2015-07-07,12.34,12.79,11.78,11.78,11896463,144396208.00
2015-07-08,10.60,11.61,10.60,11.12,24453443,273303360.00
2015-07-09,11.14,12.24,11.14,12.24,6671997,79777016.00
2015-07-10,12.74,13.47,12.71,13.47,7748185,103815176.00
2015-07-13,13.83,14.82,13.49,14.82,17800625,255006816.00
2015-12-11,13.97,16.31,13.55,13.68,17551706,246711456.00
2015-12-14,12.94,14.12,12.60,13.98,15952825,211610960.00
2015-12-15,13.66,13.89,13.36,13.51,9933104,135645632.00
2015-12-16,13.54,13.61,13.16,13.24,9274733,124248504.00
2015-12-17,13.33,13.60,13.25,13.50,11281017,152036160.00
2015-12-18,13.50,14.86,13.44,14.86,17971380,254891328.00
2015-12-21,15.01,15.61,14.56,15.20,21589687,327462176.00
2015-12-22,15.22,15.23,14.60,14.90,12786840,190190624.00
2015-12-23,14.84,14.92,14.64,14.80,8928046,132210560.00
2015-12-24,14.69,15.56,14.56,15.24,13634828,206533744.00
2015-12-25,15.08,15.19,14.69,14.85,7741642,115357304.00
2015-12-28,14.84,14.91,13.99,14.00,8583895,124744768.00
2015-12-29,13.94,14.22,13.93,14.10,4959860,70003680.00
2015-12-30,14.13,14.30,14.06,14.24,4042808,57500516.00
2015-12-31,14.24,14.24,13.59,13.63,7010193,97492592.00
2016-01-04,13.67,13.69,12.32,12.35,4553297,59217080.00
2016-01-05,11.73,12.73,11.73,12.42,6935635,85022688.00
2016-01-06,12.41,12.66,12.17,12.63,5126386,64150612.00
2016-01-07,12.31,12.32,11.36,11.36,1491627,17764872.00
2016-01-08,11.75,11.94,11.12,11.76,5749132,67556008.00
2016-01-11,11.39,12.00,11.22,11.43,6046045,71253104.00
2016-01-12,11.46,12.02,11.37,11.99,5735846,67961368.00
2016-01-13,12.00,12.21,11.10,11.30,5118308,60554700.00
2016-01-14,10.94,11.73,10.79,11.62,4268958,48359900.00
2016-01-15,11.44,11.61,10.79,10.92,4096983,45991800.00
2016-01-18,10.67,11.09,10.59,10.97,4391826,48000980.00
2016-01-19,10.98,11.43,10.83,11.33,5045843,56392236.00
2016-01-20,11.18,11.29,10.89,11.03,5293083,59022924.00
2016-01-21,10.84,11.39,10.83,10.92,5346643,59975980.00
2016-01-22,11.12,11.23,10.80,11.22,3541908,39435084.00
2016-01-25,11.01,11.63,11.01,11.62,5872876,67444240.00
2016-01-26,11.44,11.44,10.45,10.45,5455578,60360228.00
2016-01-27,10.53,10.54,9.43,10.05,5684455,56828432.00
2016-01-28,9.88,10.12,9.39,9.40,4621550,44902004.00
2016-01-29,9.37,9.74,9.30,9.67,4681023,45253148.00
2016-02-01,9.64,9.65,9.04,9.29,4402712,41429680.00
2016-02-02,9.27,9.73,9.26,9.59,3452732,33150024.00
2016-02-03,9.46,9.64,9.28,9.53,3532734,33479288.00
2016-02-04,9.59,9.89,9.56,9.84,4062938,39898568.00
2016-02-05,9.92,9.92,9.62,9.64,2809571,27480750.00
2016-02-15,9.34,9.60,9.23,9.53,2425133,22871180.00
2016-02-16,9.59,10.01,9.55,9.96,3793132,37579144.00
2016-02-17,9.88,10.14,9.87,10.12,4260185,42855060.00
2016-02-18,10.18,10.19,9.90,9.93,4363362,44229576.00
2016-02-19,9.90,10.12,9.88,10.11,4216410,42454480.00
2016-02-22,10.21,10.43,10.21,10.32,4332700,44952808.00
2016-02-23,10.40,10.40,10.03,10.16,4365742,44736104.00
2016-02-24,10.08,10.22,9.94,10.21,3607787,36621076.00
2016-02-25,10.18,10.18,9.18,9.18,5613636,54257048.00
2016-02-26,9.22,9.34,9.05,9.26,3800120,35264420.00
2016-02-29,9.22,9.22,8.40,8.52,4058221,35179504.00
2016-03-01,8.59,8.83,8.49,8.75,3630956,31556492.00
2016-03-02,8.89,9.63,8.76,9.63,5808211,54468104.00
2016-03-03,9.79,10.42,9.79,10.10,11181431,113538128.00
2016-03-04,10.21,10.21,9.47,10.12,6860352,68337480.00
2016-03-07,10.04,10.38,9.94,10.14,6083321,62188444.00
2016-03-08,10.05,10.23,9.62,10.16,6213164,62545904.00
2016-03-09,9.96,10.06,9.82,10.01,3154235,31567236.00
2016-03-10,9.94,10.09,9.75,9.95,3038915,30261536.00
2016-03-11,9.95,10.44,9.66,10.32,4648969,47037368.00
2016-03-14,10.44,10.82,10.33,10.58,9746370,103936240.00
2016-03-15,10.47,10.53,10.27,10.42,4934715,51656992.00
2016-03-16,10.43,10.51,9.95,10.08,4251892,43402516.00
2016-03-17,10.16,10.39,10.03,10.35,3886002,40033196.00
2016-03-18,10.29,10.63,10.29,10.53,7694841,81194608.00
2016-03-21,10.56,10.77,10.50,10.72,7292051,78163728.00
2016-03-22,10.68,11.11,10.54,10.88,7376740,79932536.00
2016-03-23,10.80,11.33,10.69,11.29,8719533,96650728.00
2016-03-24,11.13,11.13,10.69,10.73,7921428,86864160.00
2016-03-25,10.70,10.81,10.54,10.75,4114725,44022628.00
2016-03-28,10.75,10.91,10.52,10.60,5559403,60017880.00
2016-03-29,10.64,10.80,10.34,10.65,4093799,43682252.00
2016-03-30,10.79,10.93,10.66,10.93,4636915,50431160.00
2016-03-31,10.94,11.02,10.68,10.72,5945442,64535768.00
2016-04-01,10.67,10.71,10.48,10.60,3865291,41113028.00
2016-04-05,10.55,10.87,10.54,10.85,5206839,56425112.00
2016-04-06,10.80,10.90,10.65,10.82,6932914,75192216.00
2016-04-07,10.90,10.91,10.70,10.82,7778373,84471424.00
2016-04-08,10.75,10.83,10.51,10.75,6063846,65025216.00
2016-04-11,10.80,10.99,10.80,10.84,8980329,98325224.00
2016-04-12,10.85,11.03,10.80,11.00,11291651,124034976.00
2016-04-13,11.08,11.22,10.99,11.04,11190448,125029576.00
2016-04-14,11.08,11.09,10.82,10.96,7819246,85895888.00
2016-04-15,10.96,10.99,10.81,10.90,5670672,61950944.00
2016-04-18,10.83,10.85,10.64,10.71,4111775,44361400.00
2016-04-19,10.79,10.92,10.65,10.84,4158731,45242032.00
2016-04-20,10.87,10.90,10.10,10.18,7372686,77342496.00
2016-04-21,10.19,10.34,10.06,10.12,3461248,35513432.00
2016-04-22,10.01,10.29,9.84,10.22,5437326,54867792.00
2016-04-25,10.12,10.12,9.84,10.03,3184944,31936718.00
2016-04-26,10.07,10.09,9.89,10.05,2714234,27303392.00
2016-04-27,10.09,10.12,9.94,10.01,2991912,30192504.00
2016-04-28,10.02,10.19,9.94,10.14,3731331,37839080.00
2016-04-29,10.27,11.16,10.24,10.64,12628166,136553584.00
2016-05-03,10.59,11.29,10.59,11.28,16687421,184313392.00
2016-05-04,11.09,11.29,10.99,11.13,10381035,116047744.00
2016-05-05,11.12,11.12,10.70,10.97,9741807,106791104.00
2016-05-06,10.94,11.02,10.60,10.77,9942526,107798544.00
2016-05-09,10.73,11.41,10.64,11.33,21166567,235044304.00
2016-05-10,11.16,12.32,11.02,11.93,29204154,344380000.00
2016-05-11,11.73,12.79,11.66,12.65,28123487,349312768.00
2016-05-12,12.34,12.61,11.98,12.54,14088775,174392560.00
2016-05-13,12.32,12.56,11.96,12.24,10977013,135202112.00
2016-05-16,12.34,12.90,11.89,12.81,14948457,186453344.00
2016-05-17,12.62,12.72,12.02,12.08,11548707,143669728.00
2016-05-18,11.91,12.31,11.37,11.62,9556845,113087472.00
2016-05-19,11.73,12.09,11.49,11.81,7908987,93801408.00
2016-05-20,11.75,12.80,11.61,12.75,11525498,141333904.00
2016-05-23,12.64,13.54,12.52,12.92,18506986,241758416.00
2016-05-24,12.85,12.85,12.36,12.51,8723952,110636560.00
2016-05-25,12.73,12.79,12.34,12.58,7489564,94426464.00
2016-05-26,12.42,12.73,11.95,12.70,8088746,100438016.00
2016-05-27,12.53,12.64,12.31,12.36,7100491,89020576.00
2016-05-30,12.39,12.72,12.04,12.33,5984179,74782072.00
2016-05-31,12.23,12.92,12.23,12.89,18551789,235733120.00
2016-06-01,12.84,13.30,12.69,13.16,17522623,228746224.00
2016-06-02,13.04,13.11,12.79,13.04,12089129,157330640.00
2016-06-03,13.01,13.31,12.80,13.16,13047192,171664256.00
2016-06-06,13.10,13.16,12.79,12.91,8691388,112830424.00
2016-06-07,12.87,13.01,12.76,12.78,7228797,93493688.00
2016-06-08,12.77,12.87,12.38,12.40,9719308,122575368.00
2016-06-13,12.16,12.27,11.44,11.47,9056175,108571264.00
2016-06-14,11.44,11.65,11.24,11.57,7785086,89348144.00
2016-06-15,11.47,12.01,11.39,11.86,7677114,91062352.00
2016-06-16,11.92,11.94,11.61,11.62,7654341,90152168.00
2016-06-17,11.68,12.12,11.68,11.84,8622779,103397456.00
2016-06-20,11.84,12.02,11.72,11.95,5547612,66372792.00
2016-06-21,12.06,12.08,11.49,11.64,5750611,68552960.00
2016-06-22,11.63,11.68,11.37,11.63,9950672,115235664.00
2016-06-23,11.58,11.64,11.40,11.51,5274661,61028728.00
2016-06-24,11.50,11.62,10.94,11.27,6828272,77868360.00
2016-06-27,11.17,11.59,11.16,11.52,5380611,61818032.00
2016-06-28,11.47,11.67,11.41,11.63,6137195,71224976.00
2016-06-29,11.80,11.86,11.58,11.83,7587472,89446904.00
2016-06-30,11.86,12.37,11.73,12.34,11659397,141022224.00
2016-07-01,12.35,12.59,12.15,12.32,12113966,150474192.00
2016-07-04,12.14,13.02,12.12,12.99,14116943,179235632.00
2016-07-05,12.84,12.84,12.54,12.68,17589006,223726176.00
2016-07-06,12.58,12.70,12.42,12.55,9112458,114651136.00
2016-07-07,12.55,12.66,12.34,12.44,8126372,101846832.00
2016-07-08,12.43,12.57,12.37,12.46,5428646,68062296.00
2016-07-11,12.46,12.61,12.35,12.41,6352457,79720400.00
2016-07-12,12.42,13.28,12.39,13.22,21702684,280763104.00
2016-07-13,13.29,13.33,12.96,13.06,12558315,164942752.00
2016-07-14,12.99,13.11,12.77,12.91,8915873,115341928.00
2016-07-15,12.88,13.19,12.85,12.92,7349884,96113264.00
2016-07-18,12.88,12.94,12.58,12.73,5474488,69603384.00
2016-07-19,12.63,12.82,12.63,12.80,4277052,54443540.00
2016-07-20,12.86,12.96,12.73,12.84,4940275,63535392.00
2016-07-21,12.75,13.10,12.70,12.72,6293421,80931504.00
2016-07-22,12.75,12.78,12.40,12.44,6284786,78958568.00
2016-07-25,12.33,12.60,12.33,12.48,3432120,42875224.00
2016-07-26,12.58,12.66,12.46,12.65,3704267,46658128.00
2016-07-27,12.60,12.72,11.70,11.90,7501924,91416968.00
2016-07-28,11.97,12.18,11.82,12.15,6332742,76166464.00
2016-07-29,12.16,12.55,12.01,12.34,7219334,88660264.00
2016-08-01,12.27,12.28,11.90,12.02,4683097,56267056.00
2016-08-02,12.07,12.18,12.00,12.14,2563311,30961028.00
2016-08-03,12.13,12.16,11.98,12.07,3374843,40725048.00
2016-08-04,12.11,12.11,11.99,12.11,2861579,34500536.00
2016-08-05,12.16,12.29,12.07,12.15,4821793,58856732.00
2016-08-08,12.10,12.30,11.99,12.30,3702760,45005244.00
2016-08-09,12.28,12.38,12.21,12.34,3607352,44352308.00
2016-08-10,12.32,12.36,12.17,12.20,3799171,46479936.00
2016-08-11,12.15,12.19,11.97,11.98,3440497,41444240.00
2016-08-12,11.96,12.08,11.91,12.06,2756801,33081116.00
2016-08-15,12.03,12.31,11.98,12.25,6712992,81635128.00
2016-08-16,12.25,12.40,12.24,12.27,5393768,66466068.00
2016-08-17,12.30,12.43,12.25,12.38,5248289,64866120.00
2016-08-18,12.39,12.43,12.30,12.33,3769399,46561080.00
2016-08-19,12.35,12.37,12.22,12.28,2847618,34940808.00
2016-08-22,12.28,12.36,12.07,12.11,3457611,42111200.00
2016-08-23,12.15,12.22,12.08,12.15,2347034,28494220.00
2016-08-24,12.17,12.19,12.03,12.09,3202859,38809380.00
2016-08-25,12.04,12.15,11.91,12.13,3133804,37616328.00
2016-08-26,11.96,11.96,11.64,11.72,15592179,182728160.00
2016-08-29,11.63,11.72,11.55,11.66,5269855,61310840.00
2016-08-30,11.66,11.72,11.59,11.68,4044248,47128656.00
2016-08-31,11.64,11.72,11.62,11.66,2867103,33444176.00
2016-09-01,11.66,11.69,11.53,11.54,3480577,40353360.00
2016-09-02,11.55,11.62,11.46,11.50,2484909,28661994.00
2016-09-05,11.56,11.58,11.46,11.53,2365274,27247410.00
2016-09-06,11.53,11.63,11.40,11.62,4054736,46683308.00
2016-09-07,11.59,11.66,11.55,11.58,4062754,47161164.00
2016-09-08,11.61,11.75,11.58,11.74,3828552,44610076.00
2016-09-09,11.75,11.76,11.66,11.68,3055989,35698208.00
2016-09-12,11.54,11.58,11.34,11.35,3954863,45325512.00
2016-09-13,11.38,11.47,11.28,11.37,1369665,15562095.00
2016-09-14,11.32,11.39,11.29,11.35,1497901,16978852.00
2016-09-19,11.31,11.41,11.31,11.37,2169781,24679584.00
2016-09-20,11.41,11.42,11.29,11.31,2263969,25632630.00
2016-09-21,11.34,11.42,11.31,11.33,2164541,24616644.00
2016-09-22,11.40,11.42,11.32,11.33,3549707,40286328.00
2016-09-23,11.36,11.36,11.19,11.20,3497097,39312872.00
2016-09-26,11.17,11.17,10.83,10.88,4554769,50197920.00
2016-09-27,10.88,11.05,10.85,11.02,2029863,22183732.00
2016-09-28,11.05,11.08,10.98,10.99,1407382,15519516.00
2016-09-29,11.01,11.15,10.95,11.08,1815892,20130052.00
2016-09-30,11.09,11.14,11.03,11.10,1613358,17888620.00
2016-10-10,11.15,11.35,11.14,11.34,3626130,40910472.00
2016-10-11,11.25,11.41,11.25,11.36,2916039,33135136.00
2016-10-12,11.31,11.81,11.27,11.68,7520137,87221752.00
2016-10-13,11.67,11.74,11.51,11.54,4107183,47770084.00
2016-10-14,11.47,11.63,11.45,11.59,3125032,36123520.00
2016-10-17,11.56,11.75,11.36,11.58,4268193,49570396.00
2016-10-18,11.61,11.64,11.50,11.62,2834938,32831792.00
2016-10-19,11.62,11.66,11.50,11.54,3104403,35889824.00
2016-10-20,11.55,11.59,11.37,11.42,4159890,47602896.00
2016-10-21,11.38,11.45,11.12,11.26,3730182,42044604.00
2016-10-24,11.26,11.60,11.21,11.57,5079869,58351864.00
2016-10-25,11.59,11.62,11.46,11.56,2400901,27638096.00
2016-10-26,11.48,11.56,11.38,11.42,2451793,28061284.00
2016-10-27,11.33,11.42,11.29,11.40,2322833,26355020.00
2016-10-28,11.41,11.43,11.26,11.28,2195180,24873376.00
2016-10-31,11.31,11.31,11.14,11.17,2444343,27333596.00
2016-11-01,11.17,11.28,11.15,11.24,2665217,29854988.00
2016-11-02,11.21,11.27,10.99,11.08,4613696,51288024.00
2016-11-03,11.00,11.17,11.00,11.15,2869838,31914424.00
2016-11-04,11.15,11.23,11.10,11.20,3244348,36245880.00
2016-11-07,11.20,11.39,11.18,11.32,4123410,46538372.00
2016-11-08,11.32,11.37,11.23,11.25,2958662,33364328.00
2016-11-09,11.36,11.36,10.88,11.06,8086911,89633400.00
2016-11-10,11.09,11.15,11.00,11.08,5845809,64760788.00
2016-11-11,11.09,11.30,11.01,11.23,5738106,63856544.00
2016-11-14,11.20,11.24,11.11,11.18,4082714,45635528.00
2016-11-15,11.21,11.33,11.14,11.31,7007492,78867608.00
2016-11-16,11.31,11.53,11.21,11.39,8174733,93210096.00
2016-11-17,11.39,11.40,11.28,11.37,3205138,36343600.00
2016-11-18,11.34,11.60,11.34,11.55,8903392,102577328.00
2016-11-21,11.51,11.58,11.42,11.54,5960860,68528704.00
2016-11-22,11.55,11.67,11.50,11.63,8127087,94177024.00
2016-11-23,11.66,11.66,11.47,11.50,4775311,55277972.00
2016-11-24,11.51,11.75,11.42,11.55,6315682,73075232.00
2016-11-25,11.53,12.08,11.38,11.97,15109262,178601168.00
2016-11-28,12.04,12.22,11.77,12.13,8279600,99139440.00
数据来源:通达信
