600987 航民股份 日线 前复权
      日期	    开盘	    最高	    最低	    收盘	    成交量	    成交额
2011-10-10,3.44,3.47,3.41,3.45,649945,4235701.00
2011-10-11,3.53,3.55,3.43,3.47,1279924,8481443.00
2011-10-12,3.44,3.63,3.44,3.62,1294399,8698309.00
2011-10-13,3.60,3.67,3.60,3.66,1002449,6843733.00
2011-10-14,3.61,3.65,3.57,3.61,680681,4601045.00
2011-10-17,3.61,3.65,3.60,3.64,699354,4764630.00
2011-10-18,3.64,3.64,3.52,3.53,922400,6202562.00
2011-10-19,3.59,3.74,3.59,3.69,3115359,21378334.00
2011-10-20,3.67,3.69,3.55,3.59,1752419,11874469.00
2011-10-21,3.63,3.73,3.59,3.71,2151846,14787996.00
2011-10-24,3.69,3.82,3.65,3.81,3602756,25194660.00
2011-10-25,3.77,3.92,3.75,3.88,3541389,25223292.00
2011-10-26,3.83,3.93,3.81,3.84,2789388,19967636.00
2011-10-27,3.83,3.88,3.79,3.82,1816230,12915030.00
2011-10-28,3.86,3.91,3.82,3.88,2673628,19100984.00
2011-10-31,3.88,3.88,3.80,3.85,1562000,11125286.00
2011-11-01,3.83,3.87,3.81,3.85,1590599,11342157.00
2011-11-02,3.80,3.88,3.71,3.87,2384560,16813956.00
2011-11-03,3.88,3.96,3.87,3.88,2503156,18092792.00
2011-11-04,3.88,3.94,3.87,3.93,2189843,15809634.00
2011-11-07,3.93,3.95,3.89,3.91,1636693,11865097.00
2011-11-08,3.88,3.91,3.79,3.83,1853823,13253982.00
2011-11-09,3.86,3.89,3.79,3.89,1417998,10109440.00
2011-11-10,3.85,3.91,3.83,3.86,2005892,14379955.00
2011-11-11,3.91,3.92,3.85,3.87,1472377,10592177.00
2011-11-14,3.89,3.97,3.88,3.93,2851206,20687910.00
2011-11-16,3.97,3.97,3.80,3.81,2665210,19271504.00
2011-11-17,3.83,3.84,3.76,3.79,1565433,11050124.00
2011-11-18,3.76,3.77,3.62,3.63,1459893,10064957.00
2011-11-21,3.65,3.67,3.61,3.65,833244,5681499.00
2011-11-22,3.65,3.65,3.53,3.63,1264946,8546656.00
2011-11-23,3.63,3.64,3.55,3.59,1051030,7106036.00
2011-11-24,3.54,3.60,3.53,3.59,938225,6287248.00
2011-11-25,3.59,3.61,3.53,3.54,1051029,7046092.00
2011-11-28,3.54,3.56,3.51,3.53,495800,3307364.00
2011-11-29,3.57,3.67,3.55,3.66,2096875,14232933.00
2011-11-30,3.67,3.67,3.41,3.56,2136840,14195764.00
2011-12-01,3.65,3.74,3.61,3.70,3201300,22019658.00
2011-12-02,3.71,3.79,3.67,3.72,3765107,26204766.00
2011-12-05,3.67,3.73,3.55,3.70,2457751,16807726.00
2011-12-06,3.66,3.73,3.61,3.70,1091351,7515227.00
2011-12-07,3.78,3.98,3.61,3.91,8822647,62524796.00
2011-12-08,3.83,3.95,3.73,3.81,9264950,65305040.00
2011-12-09,3.73,3.73,3.49,3.51,4458843,30002856.00
2011-12-12,3.51,3.55,3.29,3.33,2008019,13036642.00
2011-12-13,3.33,3.33,3.21,3.22,1651380,10309262.00
2011-12-14,3.19,3.27,3.14,3.17,943290,5821012.00
2011-12-15,3.17,3.17,3.01,3.02,1529749,9157946.00
2011-12-16,3.02,3.14,3.01,3.12,1099513,6567438.00
2011-12-19,3.12,3.13,3.01,3.11,1232696,7352432.00
2011-12-20,3.11,3.17,3.07,3.11,1153094,6994912.00
2011-12-21,3.15,3.17,2.97,2.99,1245199,7464152.00
2011-12-22,2.99,2.99,2.79,2.86,1382331,7824179.00
2011-12-23,2.83,2.94,2.83,2.90,1184238,6746909.00
2011-12-26,2.91,2.93,2.87,2.87,781413,4457851.00
2011-12-27,2.84,2.87,2.77,2.78,770859,4298026.00
2011-12-28,2.75,2.81,2.65,2.74,1101739,5999283.00
2011-12-29,2.70,2.77,2.70,2.75,1047280,5734201.00
2011-12-30,2.77,2.84,2.76,2.83,1250641,6977781.00
2012-01-04,2.86,2.86,2.73,2.73,1008551,5599533.00
2012-01-05,2.73,2.75,2.69,2.69,947026,5140574.00
2012-01-06,2.69,2.76,2.66,2.75,571175,3089804.00
2012-01-09,2.74,2.89,2.71,2.89,1421704,7963057.00
2012-01-10,2.89,3.04,2.88,3.01,2188286,12714254.00
2012-01-11,2.99,3.02,2.95,2.99,1554876,9070192.00
2012-01-12,2.95,3.05,2.95,2.99,1458819,8544180.00
2012-01-13,3.01,3.01,2.81,2.84,1584424,9013555.00
2012-01-16,2.80,2.85,2.78,2.79,531805,2971701.00
2012-01-17,2.82,3.00,2.80,2.99,1467541,8425705.00
2012-01-18,3.01,3.01,2.90,2.93,1679339,9728152.00
2012-01-19,2.93,3.05,2.90,3.05,2759205,16190312.00
2012-01-20,3.05,3.07,3.00,3.05,1776608,10522231.00
2012-01-30,3.06,3.06,3.00,3.01,786802,4638045.00
2012-01-31,3.03,3.03,2.96,3.01,851989,4977682.00
2012-02-01,2.98,3.04,2.96,2.97,695215,4079405.00
2012-02-02,2.97,3.04,2.97,3.03,1042319,6111655.00
2012-02-03,3.01,3.09,3.01,3.07,1855349,11035684.00
2012-02-06,3.07,3.09,3.06,3.09,1356248,8102422.00
2012-02-07,3.06,3.07,2.97,3.00,960959,5636444.00
2012-02-08,2.97,3.11,2.97,3.08,2085522,12348880.00
2012-02-09,3.06,3.15,3.05,3.12,2479485,14923456.00
2012-02-10,3.11,3.17,3.10,3.13,1796576,10885487.00
2012-02-13,3.10,3.18,3.09,3.16,1508112,9161793.00
2012-02-14,3.14,3.17,3.12,3.16,1335924,8106744.00
2012-02-15,3.14,3.23,3.14,3.22,2046634,12615082.00
2012-02-16,3.22,3.26,3.16,3.19,1927421,11927435.00
2012-02-17,3.19,3.23,3.17,3.23,1595023,9837867.00
2012-02-20,3.27,3.28,3.19,3.21,1620541,10085553.00
2012-02-21,3.19,3.26,3.17,3.25,1546840,9546893.00
2012-02-22,3.26,3.37,3.24,3.35,3139681,19925044.00
2012-02-23,3.36,3.40,3.32,3.39,2875505,18452536.00
2012-02-24,3.37,3.45,3.35,3.43,2981306,19281892.00
2012-02-27,3.43,3.59,3.43,3.45,4482700,29725372.00
2012-02-28,3.43,3.48,3.37,3.48,2210277,14362605.00
2012-02-29,3.47,3.49,3.41,3.42,2040428,13341088.00
2012-03-01,3.39,3.60,3.38,3.57,4006893,26699012.00
2012-03-02,3.56,3.66,3.56,3.61,4546901,30855260.00
2012-03-05,3.61,3.67,3.58,3.61,2785269,18956956.00
2012-03-06,3.59,3.60,3.47,3.51,2422457,16077581.00
2012-03-07,3.47,3.51,3.43,3.46,2326049,15291154.00
2012-03-08,3.49,3.52,3.46,3.51,2655693,17531416.00
2012-03-09,3.53,3.57,3.50,3.56,2702462,17953630.00
2012-03-12,3.56,3.57,3.47,3.52,2609734,17280662.00
2012-03-13,3.51,3.55,3.48,3.54,3239999,21483982.00
2012-03-14,3.56,3.58,3.23,3.31,5160700,33995364.00
2012-03-15,3.32,3.35,3.24,3.25,2459962,15467320.00
2012-03-16,3.28,3.35,3.25,3.34,1611357,10168263.00
2012-03-19,3.34,3.41,3.33,3.41,1204949,7747792.00
2012-03-20,3.41,3.41,3.29,3.29,1601313,10234142.00
2012-03-21,3.31,3.35,3.26,3.33,1176631,7439281.00
2012-03-22,3.33,3.36,3.29,3.33,906557,5747252.00
2012-03-23,3.32,3.33,3.24,3.25,1017750,6398626.00
2012-03-26,3.25,3.27,3.22,3.25,747597,4655506.00
2012-03-27,3.27,3.29,3.25,3.27,902145,5654387.00
2012-03-28,3.24,3.26,3.07,3.10,1501077,9163343.00
2012-03-29,3.09,3.09,2.93,2.98,2268900,13363460.00
2012-03-30,2.97,3.01,2.93,2.97,1155940,6723338.00
2012-04-05,3.00,3.09,2.98,3.07,1199247,7118513.00
2012-04-06,3.07,3.15,3.07,3.10,887755,5349942.00
2012-04-09,3.09,3.19,3.07,3.12,1145485,6956776.00
2012-04-10,3.14,3.26,3.09,3.25,2012982,12334759.00
2012-04-11,3.21,3.34,3.18,3.33,2808167,17632040.00
2012-04-12,3.39,3.45,3.30,3.41,5754713,37010080.00
2012-04-13,3.43,3.51,3.41,3.45,4737383,31087690.00
2012-04-16,3.43,3.49,3.41,3.46,2469311,16134730.00
2012-04-17,3.46,3.47,3.35,3.35,2526108,16348630.00
2012-04-18,3.37,3.52,3.37,3.49,4272027,27995116.00
2012-04-19,3.48,3.50,3.45,3.48,1703075,11188383.00
2012-04-20,3.45,3.53,3.45,3.51,2446058,16165257.00
2012-04-23,3.51,3.54,3.46,3.48,2454795,16208759.00
2012-04-24,3.45,3.53,3.33,3.49,2699028,17546304.00
2012-04-25,3.48,3.64,3.43,3.61,4572504,30716868.00
2012-04-26,3.61,3.63,3.55,3.55,2294196,15434672.00
2012-04-27,3.55,3.59,3.49,3.54,1705203,11369315.00
2012-05-02,3.57,3.65,3.55,3.61,3597413,24268524.00
2012-05-03,3.62,3.62,3.57,3.59,1666111,11239660.00
2012-05-04,3.60,3.66,3.53,3.63,2127299,14416634.00
2012-05-07,3.60,3.61,3.55,3.61,2356452,15841265.00
2012-05-09,3.55,3.57,3.45,3.45,2603700,17218784.00
2012-05-10,3.43,3.49,3.43,3.45,1091824,7146219.00
2012-05-11,3.45,3.49,3.40,3.41,1219969,7953078.00
2012-05-14,3.46,3.48,3.41,3.42,1847957,12070377.00
2012-05-15,3.37,3.43,3.34,3.41,1303968,8378357.00
2012-05-16,3.39,3.41,3.34,3.35,910450,5839642.00
2012-05-17,3.33,3.43,3.33,3.42,1026626,6619894.00
2012-05-18,3.38,3.53,3.38,3.43,1643217,10750274.00
2012-05-21,3.43,3.45,3.37,3.41,849618,5508824.00
2012-05-22,3.43,3.47,3.41,3.45,744692,4859988.00
2012-05-23,3.45,3.45,3.35,3.37,1166010,7520811.00
2012-05-24,3.38,3.43,3.35,3.36,850601,5486923.00
2012-05-25,3.37,3.39,3.27,3.31,1233400,7805611.00
2012-05-28,3.34,3.39,3.26,3.38,1094878,6948283.00
2012-05-29,3.36,3.48,3.36,3.45,2078565,13573648.00
2012-05-30,3.43,3.49,3.43,3.47,1353078,8880287.00
2012-05-31,3.47,3.52,3.45,3.51,1536788,10146654.00
2012-06-01,3.51,3.52,3.45,3.49,2083153,13698449.00
2012-06-04,3.36,3.39,3.31,3.31,1468250,9097893.00
2012-06-05,3.33,3.33,3.27,3.30,802809,4905273.00
2012-06-06,3.30,3.31,3.27,3.29,946740,5761918.00
2012-06-07,3.33,3.34,3.27,3.29,879520,5394161.00
2012-06-08,3.34,3.35,3.25,3.27,1046727,6398084.00
2012-06-11,3.26,3.31,3.25,3.30,657393,4003819.00
2012-06-12,3.30,3.30,3.26,3.28,573193,3481494.00
2012-06-13,3.27,3.34,3.23,3.33,1108549,6766347.00
2012-06-14,3.33,3.33,3.28,3.28,816129,4990374.00
2012-06-15,3.29,3.31,3.24,3.27,645301,3910216.00
2012-06-18,3.29,3.32,3.27,3.31,638320,3904217.00
2012-06-19,3.30,3.31,3.25,3.25,618999,3755145.00
2012-06-20,3.28,3.28,3.24,3.25,787423,4762377.00
2012-06-21,3.24,3.24,3.17,3.19,778701,4648761.00
2012-06-25,3.19,3.21,3.09,3.09,823900,4833754.00
2012-06-26,3.07,3.10,3.05,3.09,752375,4338145.00
2012-06-27,3.08,3.11,3.06,3.07,639100,3699209.00
2012-06-28,3.09,3.12,2.99,2.99,649716,3738963.00
2012-06-29,3.03,3.07,2.99,3.07,463880,2658964.00
2012-07-02,3.09,3.12,3.05,3.10,594250,3435857.00
2012-07-03,3.11,3.18,3.06,3.17,886658,5214582.00
2012-07-04,3.19,3.19,3.13,3.15,314141,1845575.00
2012-07-05,3.15,3.15,3.04,3.05,456100,2637560.00
2012-07-06,3.09,3.15,3.04,3.14,426132,2470568.00
2012-07-09,3.13,3.13,3.03,3.03,453466,2620024.00
2012-07-10,3.03,3.09,3.02,3.07,627195,3596744.00
2012-07-11,3.09,3.09,3.03,3.07,573920,3303890.00
2012-07-12,3.08,3.12,3.00,3.09,866615,4980496.00
2012-07-13,3.05,3.10,2.96,2.98,1646330,9359685.00
2012-07-16,2.98,2.99,2.79,2.83,1549756,8447858.00
2012-07-17,2.83,2.85,2.80,2.83,603767,3255679.00
2012-07-18,2.84,2.85,2.77,2.85,1008717,5432478.00
2012-07-19,2.85,2.99,2.84,2.90,1272782,7041019.00
2012-07-20,2.89,2.93,2.87,2.90,809049,4447366.00
2012-07-23,2.87,2.89,2.83,2.85,776953,4217153.00
2012-07-24,2.84,2.91,2.83,2.91,623818,3413500.00
2012-07-25,2.89,2.92,2.83,2.87,689817,3777182.00
2012-07-26,2.88,2.90,2.83,2.83,554000,3011435.00
2012-07-27,2.85,2.86,2.81,2.85,632699,3425085.00
2012-07-30,2.82,2.86,2.79,2.81,621600,3351669.00
2012-07-31,2.81,2.81,2.73,2.75,576955,3064111.00
2012-08-01,2.75,2.85,2.75,2.85,1056270,5705422.00
2012-08-02,2.85,2.85,2.79,2.81,495106,2667688.00
2012-08-03,2.81,2.88,2.81,2.88,741235,4025103.00
2012-08-06,2.90,2.97,2.89,2.95,1215455,6746490.00
2012-08-07,2.95,2.97,2.94,2.95,541998,3032560.00
2012-08-08,2.95,2.98,2.89,2.95,831767,4632664.00
2012-08-09,2.95,3.08,2.95,3.03,1656974,9403476.00
2012-08-10,3.06,3.27,3.03,3.20,5472485,32256664.00
2012-08-13,3.19,3.21,3.04,3.06,2600864,15200136.00
2012-08-14,3.09,3.25,3.01,3.24,3704632,21834408.00
2012-08-15,3.17,3.32,3.17,3.25,3818376,23042916.00
2012-08-16,3.23,3.26,3.16,3.20,1566920,9355965.00
2012-08-17,3.25,3.25,3.15,3.21,1487343,8832259.00
2012-08-20,3.18,3.21,3.13,3.19,810700,4782823.00
2012-08-21,3.15,3.29,3.15,3.28,2677298,16172219.00
2012-08-22,3.27,3.35,3.26,3.27,2133409,13054868.00
2012-08-23,3.26,3.52,3.26,3.47,5286043,33289396.00
2012-08-24,3.47,3.57,3.41,3.46,5791028,37170768.00
2012-08-27,3.45,3.67,3.40,3.59,5276200,33810708.00
2012-08-28,3.56,3.59,3.47,3.55,1514238,9779762.00
2012-08-29,3.51,3.55,3.43,3.45,1355543,8645653.00
2012-08-30,3.45,3.49,3.27,3.31,2534013,15691017.00
2012-08-31,3.31,3.35,3.29,3.29,1441011,8837866.00
2012-09-03,3.28,3.35,3.27,3.32,1903072,11637322.00
2012-09-04,3.32,3.40,3.31,3.33,1642901,10174929.00
2012-09-05,3.35,3.43,3.28,3.39,1599003,9908643.00
2012-09-06,3.41,3.46,3.35,3.40,1643428,10291257.00
2012-09-07,3.42,3.54,3.40,3.46,2983991,19041856.00
2012-09-10,3.46,3.51,3.43,3.47,2753895,17499688.00
2012-09-11,3.48,3.49,3.33,3.37,3666901,22846480.00
2012-09-12,3.39,3.65,3.39,3.63,7545494,48833340.00
2012-09-13,3.63,3.79,3.60,3.61,10246319,69059256.00
2012-09-14,3.63,3.72,3.55,3.69,3064400,20169524.00
2012-09-17,3.66,3.85,3.63,3.68,6123825,41549104.00
2012-09-18,3.64,3.71,3.56,3.62,1848560,12194665.00
2012-09-19,3.64,3.69,3.53,3.62,2508220,16446098.00
2012-09-20,3.63,3.66,3.45,3.48,2171772,13985190.00
2012-09-21,3.49,3.52,3.43,3.48,1707569,10883242.00
2012-09-24,3.43,3.50,3.40,3.48,1682356,10673642.00
2012-09-25,3.49,3.54,3.45,3.47,684263,4371424.00
2012-09-26,3.48,3.48,3.19,3.25,3739090,22741264.00
2012-09-27,3.23,3.33,3.19,3.32,2511830,15282837.00
2012-09-28,3.29,3.41,3.27,3.39,1391095,8624308.00
2012-10-08,3.40,3.45,3.36,3.39,625799,3911908.00
2012-10-09,3.42,3.56,3.39,3.51,2562535,16354180.00
2012-10-10,3.49,3.73,3.47,3.63,4757850,31528264.00
2012-10-11,3.63,3.65,3.57,3.63,1086308,7149054.00
2012-10-12,3.63,3.67,3.60,3.64,1590942,10527342.00
2012-10-15,3.64,3.69,3.46,3.51,2699911,17650412.00
2012-10-16,3.53,3.59,3.48,3.51,1628620,10525691.00
2012-10-17,3.52,3.71,3.52,3.65,7514959,49686324.00
2012-10-18,3.63,3.76,3.59,3.74,5112766,34299648.00
2012-10-19,4.19,4.19,4.19,4.19,4234793,31549208.00
2012-10-22,4.29,4.69,4.26,4.69,44733714,357499168.00
2012-10-23,4.68,5.20,4.49,4.92,44906525,378843328.00
2012-10-24,4.87,4.92,4.60,4.73,32102969,265631664.00
2012-10-25,4.68,4.71,4.23,4.37,31368120,246300816.00
2012-10-26,4.38,4.49,4.23,4.42,25445347,197362784.00
2012-10-29,4.34,4.46,4.26,4.42,14807286,113987504.00
2012-10-30,4.39,4.66,4.29,4.30,24677271,194179568.00
2012-10-31,4.11,4.18,3.96,4.09,19591939,141670272.00
2012-11-01,4.07,4.19,4.04,4.12,13230114,97147232.00
2012-11-02,4.09,4.22,4.09,4.17,13127455,97204976.00
2012-11-05,4.15,4.16,4.00,4.05,10073550,73030696.00
2012-11-06,4.21,4.27,4.06,4.09,16456347,121803656.00
2012-11-07,3.99,4.05,3.97,3.99,10087521,72200416.00
2012-11-08,3.97,4.05,3.93,3.97,7319069,52273920.00
2012-11-09,3.97,4.12,3.93,4.11,9290117,66947724.00
2012-11-12,4.10,4.18,4.07,4.15,10030295,73693400.00
2012-11-13,4.11,4.13,3.71,3.75,12298751,86055008.00
2012-11-14,3.75,3.79,3.64,3.78,6621192,44555036.00
2012-11-15,3.73,3.86,3.65,3.67,5140544,34967936.00
2012-11-16,3.68,3.79,3.66,3.73,3363277,22659800.00
2012-11-19,3.71,3.73,3.59,3.72,4141165,27527264.00
2012-11-20,3.73,3.85,3.73,3.77,6068138,41465572.00
2012-11-21,3.74,3.79,3.57,3.75,7751352,51814428.00
2012-11-22,3.71,3.71,3.58,3.61,4728415,31264712.00
2012-11-23,3.64,3.68,3.59,3.66,4447808,29423670.00
2012-11-26,3.61,3.75,3.59,3.73,5467067,36535200.00
2012-11-27,3.67,3.67,3.44,3.48,5470164,35280144.00
2012-11-28,3.43,3.57,3.40,3.49,4199073,26809364.00
2012-11-29,3.49,3.53,3.25,3.33,6236257,38738368.00
2012-11-30,3.29,3.46,3.28,3.39,5765394,35878856.00
2012-12-03,3.36,3.40,3.13,3.17,4178373,25460996.00
2012-12-04,3.15,3.31,3.11,3.27,5130088,30691332.00
2012-12-05,3.27,3.54,3.23,3.43,8238360,51622480.00
2012-12-06,3.47,3.47,3.38,3.41,4134199,25978726.00
2012-12-07,3.27,3.47,3.15,3.45,13981668,85722416.00
2012-12-10,3.42,3.59,3.40,3.55,11450580,73610216.00
2012-12-11,3.50,3.60,3.45,3.55,8477061,54691772.00
2012-12-12,3.53,3.55,3.41,3.50,5691438,36241772.00
2012-12-13,3.47,3.55,3.45,3.49,6112866,39161376.00
2012-12-14,3.48,3.67,3.46,3.65,10373762,68156008.00
2012-12-17,3.65,3.77,3.61,3.67,7957551,53050400.00
2012-12-18,3.66,3.67,3.55,3.59,6534806,43034436.00
2012-12-19,3.56,3.71,3.53,3.67,7842316,52075204.00
2012-12-20,3.64,3.66,3.57,3.63,5258094,34616020.00
2012-12-21,3.63,3.67,3.55,3.57,4789544,31420776.00
2012-12-24,3.56,3.60,3.52,3.59,3292415,21456656.00
2012-12-25,3.57,3.71,3.57,3.70,8336448,55436576.00
2012-12-26,3.73,3.85,3.69,3.81,8442616,57752064.00
2012-12-27,3.81,4.08,3.69,3.98,16808033,118112872.00
2012-12-28,4.01,4.09,3.91,3.99,12053324,85854344.00
2012-12-31,3.97,4.01,3.89,3.89,8993359,63608916.00
2013-01-04,3.94,4.00,3.85,3.92,7364947,51905692.00
2013-01-07,3.92,3.99,3.91,3.97,5607402,39743904.00
2013-01-08,3.97,4.02,3.88,4.01,8025222,56996772.00
2013-01-09,4.03,4.07,3.91,3.95,8482031,60517464.00
2013-01-10,3.95,3.97,3.89,3.97,5296389,37448556.00
2013-01-11,3.98,4.01,3.78,3.79,6690383,46914976.00
2013-01-14,3.77,3.95,3.73,3.95,8129481,56744036.00
2013-01-15,3.93,4.09,3.91,4.05,12686859,91422464.00
2013-01-16,4.05,4.05,3.89,3.97,8859140,62995924.00
2013-01-17,3.95,4.19,3.91,4.13,14702116,107070576.00
2013-01-18,4.09,4.17,4.04,4.15,9446016,69284032.00
2013-01-21,4.15,4.19,4.09,4.14,6530085,48002272.00
2013-01-22,4.13,4.13,3.97,3.98,6844014,49427440.00
2013-01-23,3.96,4.03,3.87,3.95,6016674,42526148.00
2013-01-24,3.94,4.01,3.67,3.76,8225448,57236324.00
2013-01-25,3.77,3.83,3.76,3.82,3623603,24826210.00
2013-01-28,3.82,3.94,3.82,3.91,4592947,32096972.00
2013-01-29,4.37,4.37,4.37,4.37,4303842,33225660.00
2013-01-30,4.45,4.74,4.43,4.48,32422435,260298608.00
2013-01-31,4.39,4.43,4.23,4.32,14868351,113572256.00
2013-02-01,4.28,4.49,4.27,4.38,11471731,88692744.00
2013-02-04,4.39,4.46,4.21,4.24,9557663,72583544.00
2013-02-05,4.23,4.37,4.19,4.35,5882864,44681724.00
2013-02-06,4.33,4.64,4.30,4.63,14037534,111115616.00
2013-02-07,4.61,4.66,4.50,4.59,8002413,64172920.00
2013-02-08,4.53,4.69,4.53,4.61,6274900,50864124.00
2013-02-18,4.60,5.00,4.60,4.77,11648510,97500312.00
2013-02-19,4.75,4.93,4.71,4.80,10651808,89372496.00
2013-02-20,4.77,4.99,4.73,4.96,8670894,73872048.00
2013-02-21,4.95,5.08,4.79,4.81,10035617,85463944.00
2013-02-22,4.82,4.83,4.63,4.65,7693025,63038596.00
2013-02-25,4.67,4.70,4.60,4.66,4100938,33336912.00
2013-02-26,4.63,4.79,4.60,4.61,5167097,42431072.00
2013-02-27,4.63,4.72,4.55,4.61,4375165,35456720.00
2013-02-28,4.62,4.95,4.60,4.89,8612333,72067864.00
2013-03-01,4.89,5.01,4.82,4.95,9104602,77915200.00
2013-03-04,4.95,5.09,4.85,4.95,9597340,82339392.00
2013-03-05,4.89,5.49,4.89,5.41,15187316,137473504.00
2013-03-06,5.37,5.48,5.34,5.45,9271233,85942928.00
2013-03-07,5.48,5.48,5.17,5.31,8985098,81838720.00
2013-03-08,5.28,5.39,5.26,5.31,4663429,42616216.00
2013-03-11,5.20,5.33,5.13,5.33,4078110,36864556.00
2013-03-12,5.31,5.86,5.31,5.60,18124422,173787600.00
2013-03-13,5.59,5.86,5.44,5.63,15414404,148820448.00
2013-03-14,5.63,5.99,5.48,5.89,17145549,168711792.00
2013-03-15,5.84,6.56,5.80,6.41,27350717,290575200.00
2013-03-18,6.32,6.80,6.26,6.69,26188583,288729088.00
2013-03-19,6.60,6.89,5.94,5.95,30239069,322268320.00
2013-03-20,5.86,5.99,5.71,5.97,24693942,245593952.00
2013-03-21,5.88,6.19,5.84,6.08,21407808,217804384.00
2013-03-22,6.01,6.73,5.97,6.55,25836002,278163424.00
2013-03-25,6.49,6.53,6.29,6.38,16103917,173293616.00
2013-03-26,6.36,6.73,6.33,6.35,15677504,170523792.00
2013-03-27,6.29,6.29,5.74,5.89,21371636,216362832.00
2013-03-28,5.81,6.05,5.65,5.91,13363049,133618712.00
2013-03-29,5.92,5.99,5.49,5.54,12549695,121764480.00
2013-04-01,5.47,5.72,5.45,5.66,7354258,70475520.00
2013-04-02,5.66,5.73,5.33,5.39,8464477,79651200.00
2013-04-03,5.40,5.45,5.19,5.24,8547662,77671952.00
2013-04-08,5.19,5.42,5.09,5.39,6915472,62812228.00
2013-04-09,5.40,5.66,5.39,5.59,8195686,77951360.00
2013-04-10,5.53,5.63,5.46,5.54,4507731,42714800.00
2013-04-11,5.53,5.66,5.47,5.60,5935166,56488172.00
2013-04-12,5.77,5.95,5.42,5.44,16455309,159814496.00
2013-04-15,5.29,5.39,5.17,5.27,5328766,48315384.00
2013-04-16,5.23,5.41,5.21,5.37,3719917,34145288.00
2013-04-17,5.36,5.42,5.29,5.41,3083441,28384254.00
2013-04-18,5.38,5.63,5.33,5.54,5863617,55548448.00
2013-04-19,5.55,5.79,5.55,5.73,7440609,72378848.00
2013-04-22,5.69,6.01,5.64,5.99,9000036,89869088.00
2013-04-23,5.98,6.15,5.75,5.81,9830031,97972848.00
2013-04-24,5.77,6.16,5.77,6.03,11518353,117211664.00
2013-04-25,5.99,6.08,5.76,5.77,8839811,88923424.00
2013-04-26,5.83,5.91,5.62,5.63,6440669,62957004.00
2013-05-02,5.69,5.79,5.63,5.79,3284146,31978176.00
2013-05-03,5.79,6.11,5.76,6.05,7086032,71948688.00
2013-05-06,6.03,6.19,6.00,6.16,7377219,76218488.00
2013-05-07,6.11,6.17,5.97,6.07,6345920,64927444.00
2013-05-08,6.09,6.16,6.05,6.13,5123345,52888560.00
2013-05-09,6.13,6.13,5.82,5.92,7564744,76131360.00
2013-05-10,5.85,5.99,5.84,5.95,3725702,37468904.00
2013-05-13,5.98,5.99,5.82,5.89,4135178,41282720.00
2013-05-14,5.88,6.22,5.84,6.21,9925025,101641440.00
2013-05-15,6.21,6.26,6.06,6.19,6757538,70302656.00
2013-05-16,6.15,6.35,6.05,6.33,9347387,97994592.00
2013-05-17,6.35,6.37,6.22,6.31,7982098,84551024.00
2013-05-20,6.35,6.43,6.27,6.37,7914444,84721360.00
2013-05-21,6.45,6.45,6.23,6.25,8856787,93905336.00
2013-05-22,6.27,6.39,6.17,6.19,6958367,73591432.00
2013-05-23,6.23,6.29,6.09,6.14,5894077,61653696.00
2013-05-24,6.11,6.22,6.11,6.21,3975650,41380812.00
2013-05-27,6.23,6.47,6.19,6.44,9300973,99964368.00
2013-05-28,6.49,6.53,6.30,6.43,5530776,59385384.00
2013-05-29,6.41,6.47,6.34,6.37,4895089,52614756.00
2013-05-30,6.39,6.50,6.35,6.41,4821708,52003908.00
2013-05-31,6.41,6.63,6.35,6.56,9345832,102277688.00
2013-06-03,6.55,6.63,6.41,6.42,5623924,61287296.00
2013-06-04,6.42,6.46,5.99,6.18,7038737,73497592.00
2013-06-05,6.23,6.25,6.11,6.18,3330721,34637692.00
2013-06-06,6.15,6.17,5.91,5.93,4054976,41231004.00
2013-06-07,5.93,6.03,5.83,5.97,3150944,31813572.00
2013-06-13,5.86,5.98,5.66,5.77,3942125,38666388.00
2013-06-14,5.75,5.91,5.75,5.81,2786520,27568362.00
2013-06-17,5.74,5.98,5.63,5.71,2623104,17116186.00
2013-06-18,5.74,5.76,5.47,5.54,3815338,23669080.00
2013-06-19,5.54,5.54,5.26,5.42,4253497,25594784.00
2013-06-20,5.38,5.46,5.22,5.28,3439256,20616712.00
2013-06-21,5.21,5.32,5.10,5.19,3497824,20541452.00
2013-06-24,5.20,5.22,4.61,4.61,5564721,30703774.00
2013-06-25,4.61,4.72,4.09,4.56,11367223,56667436.00
2013-06-26,4.53,4.72,4.37,4.71,6991804,36220112.00
2013-06-27,4.82,5.25,4.81,4.87,14966445,85312792.00
2013-06-28,4.76,4.95,4.71,4.77,5011704,27378504.00
2013-07-01,4.77,5.25,4.68,5.15,12017866,68231536.00
2013-07-02,5.12,5.28,5.05,5.19,9989703,58185600.00
2013-07-03,5.18,5.18,4.98,5.09,4297895,24568204.00
2013-07-04,5.04,5.27,5.03,5.15,7585223,44104336.00
2013-07-05,5.15,5.38,5.11,5.18,8827468,52363716.00
2013-07-08,5.10,5.20,4.93,4.95,4441989,25344516.00
2013-07-09,4.99,5.06,4.83,4.90,4194066,23395248.00
2013-07-10,4.92,5.14,4.84,5.11,4834183,27202536.00
2013-07-11,5.12,5.30,5.04,5.24,6976853,40691264.00
2013-07-12,5.23,5.27,4.96,5.00,6230092,35894744.00
2013-07-15,5.02,5.21,4.95,5.16,6037453,34798764.00
2013-07-16,5.15,5.22,5.06,5.20,6338212,36578048.00
2013-07-17,5.17,5.18,4.99,5.03,4188143,23974724.00
2013-07-18,4.98,5.03,4.86,4.86,5026497,27952860.00
2013-07-19,4.84,4.91,4.56,4.62,5449169,29285552.00
2013-07-22,4.61,4.80,4.42,4.69,3383908,17728420.00
2013-07-23,4.70,4.92,4.64,4.83,5778432,31386348.00
2013-07-24,4.83,4.92,4.75,4.85,4352384,23831546.00
2013-07-25,4.81,4.88,4.68,4.69,3762459,20340764.00
2013-07-26,4.69,4.74,4.54,4.62,3193642,16798528.00
2013-07-29,4.54,5.15,4.52,4.97,14864963,83413800.00
2013-07-30,4.96,5.16,4.83,5.10,11075952,63074272.00
2013-07-31,5.09,5.24,5.01,5.08,7462966,43074368.00
2013-08-01,5.06,5.32,5.02,5.24,10234575,60123304.00
2013-08-02,5.28,5.34,5.17,5.19,6417332,37804104.00
2013-08-05,5.15,5.48,5.13,5.33,12043613,72182360.00
2013-08-06,5.31,5.39,5.26,5.34,6468343,38567132.00
2013-08-07,5.30,5.36,5.18,5.23,5263939,31052724.00
2013-08-08,5.23,5.56,5.23,5.44,11172675,68032112.00
2013-08-09,5.46,5.82,5.39,5.67,18630919,117124736.00
2013-08-12,5.67,5.90,5.56,5.84,10944426,69831200.00
2013-08-13,5.79,5.89,5.61,5.83,12207107,78086920.00
2013-08-14,5.86,5.86,5.60,5.62,10490082,66803600.00
2013-08-15,5.62,5.94,5.62,5.63,8332638,53199472.00
2013-08-16,5.60,5.81,5.35,5.35,8322625,51493204.00
2013-08-19,5.33,5.48,5.32,5.47,4473522,27077268.00
2013-08-20,5.46,5.57,5.37,5.42,4895067,29812712.00
2013-08-21,5.39,5.51,5.37,5.50,2954651,17944036.00
2013-08-22,5.53,5.53,5.41,5.44,3421374,20874242.00
2013-08-23,5.48,5.54,5.29,5.41,3687492,22396050.00
2013-08-26,5.41,5.54,5.35,5.54,3786440,23138260.00
2013-08-27,5.55,5.62,5.49,5.61,5124657,31764282.00
2013-08-28,5.56,5.72,5.47,5.56,5820934,36323960.00
2013-08-29,5.59,5.64,5.48,5.50,4082714,25252710.00
2013-08-30,5.53,5.55,5.36,5.39,5396618,32804798.00
2013-09-02,5.42,5.50,5.35,5.45,2635722,16022602.00
2013-09-03,5.45,5.64,5.43,5.62,5627784,34954424.00
2013-09-04,5.67,5.70,5.56,5.57,3475291,21669628.00
2013-09-05,5.56,5.57,5.41,5.47,3427999,20972304.00
2013-09-06,5.47,5.49,5.36,5.44,3878372,23545420.00
2013-09-09,5.44,5.54,5.40,5.49,5917240,36266172.00
2013-09-10,5.51,5.61,5.45,5.59,7061138,43569800.00
2013-09-11,5.60,5.69,5.55,5.66,10472805,65462100.00
2013-09-12,5.66,5.71,5.57,5.70,7999411,50332012.00
2013-09-13,5.68,6.04,5.65,5.92,17603746,114535480.00
2013-09-16,5.92,6.08,5.84,5.86,14206748,93860264.00
2013-09-17,5.85,5.99,5.60,5.62,8455754,54294024.00
2013-09-18,5.62,5.75,5.51,5.70,9435755,59080704.00
2013-09-23,5.68,5.87,5.67,5.83,6894822,44314576.00
2013-09-24,5.85,5.95,5.65,5.90,12953977,84128776.00
2013-09-25,5.88,5.96,5.78,5.91,13790154,89836120.00
2013-09-26,5.91,6.12,5.85,5.95,19711764,131136992.00
2013-09-27,5.94,6.04,5.71,6.00,15102243,98360440.00
2013-09-30,6.01,6.10,5.93,5.99,10601159,70525584.00
2013-10-08,5.93,6.05,5.91,5.99,10433266,68822616.00
2013-10-09,5.98,5.99,5.84,5.85,9649146,63113764.00
2013-10-10,5.81,5.84,5.61,5.65,10445428,66440460.00
2013-10-11,5.64,5.74,5.64,5.71,6689629,42393256.00
2013-10-14,5.71,5.92,5.69,5.91,8261832,53432640.00
2013-10-15,5.93,5.96,5.80,5.83,5180827,33619112.00
2013-10-16,5.87,5.93,5.69,5.71,7466712,48228896.00
2013-10-17,5.74,5.88,5.71,5.84,6393253,41170232.00
2013-10-18,5.82,5.82,5.59,5.60,10154569,64014368.00
2013-10-21,5.63,5.73,5.55,5.71,5976948,37656760.00
2013-10-22,5.71,5.81,5.66,5.69,6451311,41009272.00
2013-10-23,5.73,5.76,5.42,5.44,7319404,45266700.00
2013-10-24,5.44,5.51,5.40,5.46,3920620,23896212.00
2013-10-25,5.47,5.51,5.19,5.28,5023965,30038106.00
2013-10-28,5.26,5.33,5.16,5.21,2609993,15350997.00
2013-10-29,5.21,5.26,4.81,4.95,6113672,34459836.00
2013-10-30,4.96,5.17,4.90,5.11,5130115,29147436.00
2013-10-31,5.10,5.14,5.03,5.11,3544791,20310232.00
2013-11-01,5.10,5.14,5.02,5.10,2434643,13917405.00
2013-11-04,5.11,5.20,5.10,5.13,2155409,12451970.00
2013-11-05,5.15,5.20,5.03,5.19,2611077,15054831.00
2013-11-06,5.17,5.40,5.11,5.20,6114876,36045000.00
2013-11-07,5.20,5.22,5.08,5.10,3144561,18122220.00
2013-11-08,5.09,5.13,4.92,4.92,3261572,18373288.00
2013-11-11,4.91,4.96,4.76,4.84,3887526,21230624.00
2013-11-12,4.84,4.91,4.81,4.85,3798364,20912564.00
2013-11-13,4.85,4.89,4.74,4.75,3049083,16680211.00
2013-11-14,4.80,4.90,4.73,4.88,2525188,13824283.00
2013-11-15,4.88,5.14,4.86,5.12,7257189,40939244.00
2013-11-18,5.10,5.23,5.08,5.19,8730122,50989016.00
2013-11-19,5.36,5.76,5.31,5.57,24922932,155276368.00
2013-11-20,5.54,5.67,5.47,5.60,12129962,75505672.00
2013-11-21,5.55,5.56,5.41,5.49,8114621,49753992.00
2013-11-22,5.46,5.54,5.38,5.46,5045488,30713122.00
2013-11-25,5.46,5.51,5.34,5.38,4202990,25580000.00
2013-11-26,5.36,5.40,5.26,5.34,5379048,32050184.00
2013-11-27,5.35,5.43,5.32,5.41,4416095,26587792.00
2013-11-28,5.43,5.53,5.40,5.44,5434877,33296126.00
2013-11-29,5.50,5.50,5.42,5.44,3545802,21615640.00
2013-12-02,5.34,5.39,5.07,5.11,6551074,38550328.00
2013-12-03,5.11,5.27,5.11,5.24,3165535,18488216.00
2013-12-04,5.26,5.47,5.20,5.42,5978053,36067908.00
2013-12-05,5.42,5.54,5.42,5.46,5638453,34547028.00
2013-12-06,5.46,5.50,5.39,5.42,2958936,17986724.00
2013-12-09,5.44,5.61,5.44,5.54,4970732,30598614.00
2013-12-10,5.53,5.57,5.48,5.50,3617856,22269068.00
2013-12-11,5.50,5.54,5.35,5.43,4557659,27563588.00
2013-12-12,5.39,5.46,5.39,5.41,2458813,14907074.00
2013-12-13,5.38,5.44,5.32,5.37,3704753,22301058.00
2013-12-16,5.40,5.40,5.18,5.19,3500497,20710780.00
2013-12-17,5.20,5.26,5.17,5.21,2211591,12931030.00
2013-12-18,5.22,5.24,5.14,5.17,1581718,9234765.00
2013-12-19,5.22,5.22,5.05,5.08,2591048,14952274.00
2013-12-20,5.13,5.13,4.91,5.00,3062143,17258996.00
2013-12-23,4.97,5.02,4.86,4.97,1525703,8536775.00
2013-12-24,4.99,5.10,4.94,5.04,1647297,9349163.00
2013-12-25,5.05,5.09,4.96,5.06,2671119,15150494.00
2013-12-26,5.07,5.07,4.81,4.83,2999959,16666302.00
2013-12-27,4.83,4.97,4.83,4.94,2301520,12792505.00
2013-12-30,4.99,5.10,4.96,4.99,3201436,18114218.00
2013-12-31,5.01,5.04,4.91,5.01,1835070,10320200.00
2014-01-02,5.00,5.08,4.96,5.02,1851020,10479809.00
2014-01-03,5.04,5.05,4.88,4.93,1942138,10847084.00
2014-01-06,4.91,4.91,4.72,4.75,2612594,14183277.00
2014-01-07,4.72,4.80,4.70,4.80,2134907,11534383.00
2014-01-08,4.80,4.84,4.71,4.72,2211316,11924511.00
2014-01-09,4.70,4.78,4.68,4.69,1832569,9827399.00
2014-01-10,4.69,4.72,4.60,4.60,1793010,9496409.00
2014-01-13,4.61,4.82,4.59,4.76,3923884,21121044.00
2014-01-14,4.76,4.84,4.73,4.83,1802684,9790623.00
2014-01-15,4.85,4.86,4.72,4.80,1396523,7557808.00
2014-01-16,4.80,4.86,4.77,4.81,1814289,9900142.00
2014-01-17,4.78,4.83,4.73,4.74,1463398,7936383.00
2014-01-20,4.74,4.77,4.69,4.71,1216642,6531325.00
2014-01-21,4.73,4.82,4.71,4.80,1911168,10368246.00
2014-01-22,4.81,4.94,4.76,4.94,2732360,15144037.00
2014-01-23,4.91,4.95,4.83,4.84,3378675,18633868.00
2014-01-24,4.84,4.96,4.84,4.95,3041333,16876130.00
2014-01-27,4.93,4.94,4.86,4.87,2550520,14107693.00
2014-01-28,4.88,4.91,4.81,4.84,2239555,12262657.00
2014-01-29,4.86,4.88,4.81,4.85,1739062,9535995.00
2014-01-30,4.82,4.85,4.72,4.77,2298033,12455019.00
2014-02-07,4.73,4.83,4.72,4.82,2527181,13713828.00
2014-02-10,4.86,5.03,4.85,4.98,5495121,30765932.00
2014-02-11,4.99,5.03,4.93,5.00,3901940,21976908.00
2014-02-12,4.98,5.06,4.97,5.05,4375938,24744784.00
2014-02-13,5.05,5.12,4.97,5.00,5627964,32073672.00
2014-02-14,4.99,5.08,4.97,5.07,3934894,22283544.00
2014-02-17,5.07,5.22,5.05,5.16,7125558,41059500.00
2014-02-18,5.17,5.20,5.06,5.10,4454066,25606896.00
2014-02-19,5.12,5.26,5.08,5.25,7330848,42821716.00
2014-02-20,5.25,5.29,5.08,5.13,5142323,29997164.00
2014-02-21,5.11,5.14,4.96,5.09,4393391,24992268.00
2014-02-24,5.04,5.04,4.92,4.97,2795536,15686912.00
2014-02-25,4.99,5.08,4.88,4.91,3920368,22039374.00
2014-02-26,4.92,4.97,4.88,4.94,2948410,16394598.00
2014-02-27,4.95,5.01,4.87,4.88,3213264,17936824.00
2014-02-28,4.88,4.96,4.83,4.95,2338997,12941728.00
2014-03-03,4.93,5.04,4.93,5.03,2674646,15094549.00
2014-03-04,5.01,5.07,4.97,5.07,3009918,17073752.00
2014-03-05,5.06,5.14,5.02,5.09,3876054,22185178.00
2014-03-06,5.08,5.09,4.98,5.06,2373938,13475353.00
2014-03-07,5.04,5.08,4.92,4.93,3448293,19411912.00
2014-03-10,4.90,4.97,4.73,4.75,3142061,17256072.00
2014-03-11,4.74,4.82,4.71,4.76,2296546,12397238.00
2014-03-12,4.79,4.80,4.62,4.74,3793383,20323516.00
2014-03-13,4.76,4.79,4.68,4.77,2742583,14792157.00
2014-03-14,4.77,4.79,4.72,4.76,1605160,8655096.00
2014-03-17,4.75,4.83,4.75,4.82,2508944,13629845.00
2014-03-18,4.83,4.90,4.76,4.89,3893542,21329716.00
2014-03-19,4.89,5.02,4.83,5.01,4606903,25698780.00
2014-03-20,4.98,5.04,4.89,4.89,3702385,20765292.00
2014-03-21,4.87,5.06,4.80,5.01,5873357,32668298.00
2014-03-24,5.06,5.51,5.06,5.28,17130074,101210752.00
2014-03-25,5.29,5.35,5.22,5.32,9172922,54393392.00
2014-03-26,5.40,5.56,5.21,5.23,11075448,66338468.00
2014-03-27,5.25,5.40,5.19,5.20,10280048,61143024.00
2014-03-28,5.21,5.30,5.11,5.13,6705256,39228528.00
2014-03-31,5.16,5.22,5.06,5.21,4754019,27563542.00
2014-04-01,5.20,5.29,5.17,5.28,4446773,26138576.00
2014-04-02,5.30,5.31,5.22,5.25,4066410,24025404.00
2014-04-03,5.24,5.35,5.24,5.28,4312243,25625996.00
2014-04-04,5.27,5.31,5.21,5.29,3867582,22799536.00
2014-04-08,5.27,5.35,5.23,5.34,5747698,34164960.00
2014-04-09,5.34,5.38,5.26,5.33,4731127,28243656.00
2014-04-10,5.34,5.46,5.32,5.36,6198039,37378728.00
2014-04-11,5.39,5.46,5.35,5.45,5708313,34583536.00
2014-04-14,5.51,5.53,5.42,5.45,4362771,26592184.00
2014-04-15,5.44,5.47,5.37,5.41,4455231,26933868.00
2014-04-16,5.42,5.46,5.37,5.44,3636707,22002406.00
2014-04-17,5.44,5.57,5.41,5.51,6738076,41448644.00
2014-04-18,5.48,5.56,5.41,5.49,5145236,31413584.00
2014-04-21,5.46,5.56,5.41,5.45,4917097,30206992.00
2014-04-22,5.39,5.39,5.11,5.15,10495916,61571948.00
2014-04-23,5.15,5.22,5.12,5.14,3328217,19332890.00
2014-04-24,5.12,5.20,5.10,5.10,3004800,17390804.00
2014-04-25,5.10,5.14,4.94,4.96,4608321,26135920.00
2014-04-28,4.97,5.11,4.92,4.96,4948871,27921512.00
2014-04-29,4.96,5.03,4.93,5.01,2608139,14647034.00
2014-04-30,5.02,5.09,4.98,5.03,2300008,13065132.00
2014-05-05,5.02,5.08,5.01,5.06,2842503,16134373.00
2014-05-06,5.06,5.10,5.03,5.09,2602814,14863456.00
2014-05-07,5.06,5.07,5.00,5.01,1874409,10620664.00
2014-05-08,5.00,5.12,5.00,5.05,3040945,17313764.00
2014-05-09,5.11,5.11,4.96,5.02,1627524,8935268.00
2014-05-12,5.08,5.15,5.03,5.13,3076934,17063740.00
2014-05-13,5.14,5.16,5.09,5.14,1494963,8335173.00
2014-05-14,5.15,5.15,5.11,5.14,1339779,7467794.00
2014-05-15,5.14,5.16,5.04,5.04,2066579,11464684.00
2014-05-16,5.04,5.10,5.01,5.02,1662162,9116550.00
2014-05-19,5.03,5.03,4.87,4.90,4279949,22923808.00
2014-05-20,4.94,5.00,4.89,4.89,1667600,8969585.00
2014-05-21,4.89,4.97,4.88,4.96,1894377,10189637.00
2014-05-22,4.96,5.01,4.92,4.92,2353246,12719174.00
2014-05-23,4.91,4.96,4.90,4.96,1155858,6213481.00
2014-05-26,5.00,5.01,4.96,5.00,1769866,9609022.00
2014-05-27,5.02,5.02,4.96,4.97,1700661,9220662.00
2014-05-28,4.98,5.02,4.93,5.02,2018754,10931569.00
2014-05-29,5.01,5.04,4.93,4.94,1748000,9469092.00
2014-05-30,4.92,4.96,4.89,4.93,1177762,6321475.00
2014-06-03,4.92,4.96,4.92,4.95,1672919,8997682.00
2014-06-04,4.95,4.96,4.85,4.88,2265981,12051600.00
2014-06-05,4.86,4.91,4.86,4.89,2323452,12349507.00
2014-06-06,4.90,4.90,4.83,4.87,1882246,9950999.00
2014-06-09,4.88,4.88,4.83,4.86,1593335,8440478.00
2014-06-10,4.86,4.90,4.84,4.89,2159800,11476293.00
2014-06-11,4.89,4.95,4.86,4.94,3234536,17282186.00
2014-06-12,4.91,4.95,4.89,4.90,1718001,9199744.00
2014-06-13,4.88,4.97,4.88,4.96,2093995,11270000.00
2014-06-16,4.95,4.97,4.91,4.95,2289119,12337473.00
2014-06-17,4.95,5.00,4.92,4.97,2564315,13838321.00
2014-06-18,4.98,5.09,4.95,5.03,4754534,25962828.00
2014-06-19,5.03,5.08,4.87,4.92,4097904,22323806.00
2014-06-20,4.93,4.97,4.91,4.96,1411341,7587947.00
2014-06-23,4.94,5.09,4.94,5.06,3664151,20111100.00
2014-06-24,5.06,5.07,5.01,5.05,2375195,13022172.00
2014-06-25,5.05,5.10,4.99,5.04,2139456,11700107.00
2014-06-26,5.04,5.09,5.03,5.08,2450368,13485434.00
2014-06-27,5.06,5.10,5.04,5.06,2625997,14461595.00
2014-06-30,5.07,5.10,5.05,5.06,2195476,12112494.00
2014-07-01,5.07,5.09,5.04,5.06,2368035,13011689.00
2014-07-02,5.06,5.09,5.03,5.09,2794346,15377347.00
2014-07-03,5.08,5.31,5.04,5.24,8384928,47240872.00
2014-07-04,5.20,5.31,5.18,5.27,4028081,22865850.00
2014-07-07,5.25,5.33,5.21,5.25,3467802,19716684.00
2014-07-08,5.20,5.32,5.18,5.32,6485001,37020264.00
2014-07-09,5.33,5.33,5.21,5.27,4596464,26273144.00
2014-07-10,5.27,5.47,5.22,5.40,13787201,80283160.00
2014-07-11,5.36,5.51,5.23,5.24,15846671,91490096.00
2014-07-14,5.27,5.35,5.16,5.29,6132888,34860640.00
2014-07-15,5.25,5.37,5.22,5.29,4369722,24982424.00
2014-07-16,5.28,5.38,5.27,5.34,4885746,28225056.00
2014-07-17,5.34,5.82,5.34,5.73,28660780,174006208.00
2014-07-18,5.71,5.89,5.64,5.67,14022802,86654112.00
2014-07-21,5.82,6.28,5.81,6.28,22379683,148891472.00
2014-07-22,6.48,6.77,6.19,6.49,39245142,271080256.00
2014-07-23,6.38,6.76,6.30,6.50,25765903,179125520.00
2014-07-24,6.40,6.74,6.32,6.49,20054103,140372848.00
2014-07-25,6.44,6.54,6.25,6.45,15691240,107121120.00
2014-07-28,6.45,6.76,6.43,6.74,23208792,163612960.00
2014-07-29,6.81,7.01,6.69,6.87,20894994,153423648.00
2014-07-30,6.86,6.93,6.69,6.83,10492785,76117144.00
2014-07-31,6.85,6.85,6.69,6.76,8709110,62604124.00
2014-08-01,6.85,7.48,6.82,7.26,24963880,191949632.00
2014-08-04,7.14,7.61,7.13,7.44,16581146,129275520.00
2014-08-05,7.39,7.53,7.28,7.45,8492829,66781144.00
2014-08-06,7.37,8.04,7.37,7.84,15513589,126750544.00
2014-08-07,7.86,8.01,7.58,7.66,13557470,111162576.00
2014-08-08,7.59,7.74,7.33,7.42,16807485,132789456.00
2014-08-11,7.46,7.74,7.41,7.72,10947030,88393144.00
2014-08-12,7.70,7.71,7.39,7.49,11974793,95174320.00
2014-08-13,7.46,7.46,7.15,7.33,16957792,130699416.00
2014-08-14,7.32,7.52,7.27,7.33,12255214,96186520.00
2014-08-15,7.36,7.53,7.24,7.39,10030404,78679888.00
2014-08-18,7.39,7.56,7.39,7.47,9478257,75004880.00
2014-08-19,7.48,7.57,7.41,7.52,6994129,55530808.00
2014-08-20,7.51,7.56,7.41,7.50,6550462,51817552.00
2014-08-21,7.54,8.29,7.47,8.16,24752072,205759904.00
2014-08-22,8.06,8.26,7.89,7.91,14010269,118259472.00
2014-08-25,7.94,8.44,7.75,8.15,14800656,126197720.00
2014-08-26,8.11,8.51,8.07,8.16,17749197,154908176.00
2014-08-27,8.24,8.41,7.81,7.85,12512255,105426304.00
2014-08-28,7.88,7.93,7.65,7.85,7475687,61406528.00
2014-08-29,7.83,7.86,7.66,7.81,6653606,54366652.00
2014-09-01,7.81,8.22,7.67,8.03,7188976,60664232.00
2014-09-02,8.04,8.15,7.93,8.05,6713100,56729904.00
2014-09-03,8.05,8.21,7.88,7.96,9321400,78581336.00
2014-09-04,7.94,7.98,7.74,7.84,12405792,102352136.00
2014-09-05,7.84,7.93,7.66,7.91,12924321,106675464.00
2014-09-09,7.90,8.01,7.79,7.97,10329645,86222200.00
2014-09-10,7.94,8.03,7.89,7.92,7479122,62836544.00
2014-09-11,7.90,7.99,7.67,7.70,11455370,94610520.00
2014-09-12,7.73,7.84,7.66,7.71,8124517,66439248.00
2014-09-15,7.72,7.73,7.41,7.71,21036319,168233760.00
2014-09-16,7.66,7.70,7.35,7.37,10848083,86578216.00
2014-09-17,7.39,7.51,7.32,7.46,6757126,53041424.00
2014-09-18,7.48,7.62,7.46,7.49,4657606,37116568.00
2014-09-19,7.54,7.65,7.46,7.62,6729129,53766968.00
2014-09-22,7.60,7.65,7.34,7.35,7976156,63157552.00
2014-09-23,7.41,7.42,7.25,7.38,7024210,54638312.00
2014-09-24,7.38,7.53,7.33,7.50,6316643,49897600.00
2014-09-25,7.51,7.54,7.38,7.41,8748858,69048336.00
2014-09-26,7.45,7.45,7.25,7.32,9155464,71139512.00
2014-09-29,7.33,7.53,7.31,7.50,14392546,112968008.00
2014-09-30,7.47,7.54,7.45,7.46,8847060,70130888.00
2014-10-08,7.49,7.82,7.46,7.81,16844250,136230080.00
2014-10-09,7.81,7.89,7.65,7.81,14785196,121532824.00
2014-10-10,7.79,8.01,7.69,7.86,15161875,126314688.00
2014-10-13,7.82,7.83,7.64,7.79,6870768,56124584.00
2014-10-14,7.82,7.84,7.59,7.64,9150628,74392416.00
2014-10-15,7.61,7.66,7.40,7.48,12252720,97004112.00
2014-10-16,7.44,7.52,7.40,7.42,8202581,64954620.00
2014-10-17,7.44,7.46,7.11,7.22,10148018,77987560.00
2014-10-20,7.41,7.97,7.36,7.88,22235419,181019440.00
2014-10-21,7.89,7.89,7.64,7.70,12065597,98744416.00
2014-10-22,7.70,7.80,7.61,7.69,7868138,64188892.00
2014-10-23,7.68,8.06,7.56,7.98,21220944,176424368.00
2014-10-24,8.06,8.49,7.95,8.06,39724589,344571904.00
2014-10-27,8.05,8.05,7.62,7.94,19105327,157783888.00
2014-10-28,7.91,8.23,7.81,8.21,21060733,178039984.00
2014-10-29,8.14,8.44,8.07,8.18,22260688,192885312.00
2014-10-30,8.19,8.32,7.98,8.04,14288096,122769120.00
2014-10-31,8.11,8.33,7.78,8.26,26136567,223966336.00
2014-11-03,8.24,8.34,8.12,8.22,13033779,113146880.00
2014-11-04,8.17,8.25,7.91,7.96,12308935,104581976.00
2014-11-05,7.93,8.06,7.85,7.95,8163607,68465104.00
2014-11-06,7.91,8.01,7.79,7.90,8822483,73460776.00
2014-11-07,7.95,7.96,7.74,7.78,8737003,72543704.00
2014-11-10,7.79,7.97,7.79,7.94,5230634,43639056.00
2014-11-11,7.94,7.98,7.44,7.55,11382111,92275248.00
2014-11-12,7.53,7.96,7.45,7.96,10762799,88506984.00
2014-11-13,7.92,8.38,7.84,8.15,22456181,193475424.00
2014-11-14,8.07,8.29,8.03,8.06,6784513,58018096.00
2014-11-17,8.09,8.30,8.03,8.11,6820143,58638672.00
2014-11-18,8.18,8.36,8.05,8.32,14603505,126346928.00
2014-11-19,8.35,8.35,8.04,8.26,13771861,118876736.00
2014-11-20,8.18,8.23,8.06,8.09,6781441,58190724.00
2014-11-21,8.16,8.94,8.05,8.79,34808270,316262016.00
2014-11-24,8.82,9.13,8.66,8.90,22571107,210279408.00
2014-11-25,8.84,9.45,8.77,9.29,21696428,209199808.00
2014-11-26,9.23,9.45,8.86,9.11,19143952,182419408.00
2014-11-27,9.16,9.66,9.06,9.39,21062199,206892096.00
2014-11-28,9.35,9.91,9.19,9.81,25266370,251362304.00
2014-12-01,9.80,10.49,9.65,9.88,33348893,345968256.00
2014-12-02,9.78,10.09,9.67,9.94,20151126,208538656.00
2014-12-03,10.03,10.13,9.24,9.45,40017338,399212640.00
2014-12-04,9.32,9.41,9.09,9.30,22400113,216773232.00
2014-12-05,9.27,9.27,8.57,8.84,27526158,258021792.00
2014-12-08,8.81,9.24,8.76,9.13,16957063,161976992.00
2014-12-09,9.14,9.22,8.71,8.92,18888350,177150512.00
2014-12-10,8.91,9.22,8.84,9.17,10754333,102405472.00
2014-12-11,9.11,9.51,9.07,9.50,13674598,134314016.00
2014-12-12,9.57,9.74,9.42,9.56,12480209,125133120.00
2014-12-15,9.47,9.63,9.33,9.56,9829213,97469472.00
2014-12-16,9.51,9.67,9.41,9.49,7595735,75557072.00
2014-12-17,9.41,9.46,8.85,9.00,13765973,131536072.00
2014-12-18,8.98,9.00,8.72,8.79,8946486,83479792.00
2014-12-19,8.76,8.89,8.57,8.88,8991415,82159072.00
2014-12-22,8.88,8.88,8.36,8.53,10701756,96054896.00
2014-12-23,8.53,8.80,8.46,8.50,5421219,49191716.00
2014-12-24,8.55,8.67,8.54,8.65,3375895,30562902.00
2014-12-25,8.73,8.74,8.57,8.70,3970031,36161916.00
2014-12-26,8.76,8.77,8.59,8.66,5287325,48049440.00
2014-12-29,8.64,8.65,8.37,8.40,7668187,68390920.00
2014-12-30,8.40,8.41,7.99,8.06,7027122,60368368.00
2014-12-31,8.06,8.15,7.91,8.11,5716172,48444292.00
2015-01-05,8.08,8.61,8.08,8.56,8825550,78177288.00
2015-01-06,8.49,8.74,8.42,8.72,7133775,64599328.00
2015-01-07,8.73,8.75,8.56,8.67,4943664,44858960.00
2015-01-08,8.67,8.69,8.46,8.55,5320505,47870668.00
2015-01-09,8.53,8.60,8.38,8.39,3305189,29512968.00
2015-01-12,8.40,8.44,8.01,8.16,4419897,38030864.00
2015-01-13,8.13,8.26,8.06,8.18,2951332,25398184.00
2015-01-14,8.18,8.31,8.16,8.25,2904420,25253290.00
2015-01-15,8.25,8.56,8.17,8.54,5471692,48273060.00
2015-01-16,8.55,8.69,8.46,8.57,5046563,45578428.00
2015-01-19,8.36,8.53,8.15,8.23,6482758,57164176.00
2015-01-20,8.36,8.54,8.32,8.51,4577840,40724712.00
2015-01-21,8.54,8.86,8.54,8.84,9207307,84784528.00
2015-01-22,8.84,9.09,8.66,9.06,8956194,84172640.00
2015-01-23,9.05,9.06,8.84,8.88,6426283,60205760.00
2015-01-26,8.87,9.26,8.79,9.24,9526281,90790904.00
2015-01-27,9.25,9.64,9.25,9.58,19789799,196904848.00
2015-01-28,9.77,9.81,9.43,9.48,10636883,106595936.00
2015-01-29,9.36,9.39,9.08,9.14,9016324,86900232.00
2015-01-30,9.06,9.24,8.97,9.12,6984024,66394784.00
2015-02-02,9.06,9.13,8.78,9.06,4969412,46859080.00
2015-02-03,9.11,9.26,8.94,9.15,7109675,67781776.00
2015-02-04,9.19,9.82,9.19,9.61,28411515,284088064.00
2015-02-13,10.26,10.62,9.82,10.19,64156763,701811776.00
2015-02-16,10.19,10.71,10.08,10.37,43408166,470200576.00
2015-02-17,10.28,10.78,10.17,10.67,29167615,318582880.00
2015-02-25,10.82,11.52,10.81,11.07,28869955,333949376.00
2015-02-26,11.08,11.16,10.74,10.93,15990582,181453136.00
2015-02-27,10.89,11.01,10.72,10.88,13317064,149976032.00
2015-03-02,10.88,11.05,10.73,10.96,15129762,171435728.00
2015-03-03,10.87,11.40,10.78,11.01,18926601,218477536.00
2015-03-04,10.98,11.15,10.86,10.99,11383442,130001064.00
2015-03-05,11.00,11.21,10.94,11.16,13258051,152983664.00
2015-03-06,11.39,11.46,10.46,10.48,25501678,286447744.00
2015-03-09,10.36,10.62,10.09,10.56,12104927,130753848.00
2015-03-10,10.55,10.73,10.38,10.62,12242628,134414048.00
2015-03-11,10.60,10.62,10.24,10.35,15344286,166437232.00
2015-03-12,10.35,10.54,10.25,10.45,11266006,122071712.00
2015-03-13,10.53,10.54,10.36,10.52,7257256,79076032.00
2015-03-16,10.50,11.02,10.46,10.95,14063468,158195040.00
2015-03-17,11.05,11.17,10.90,11.15,16898136,193918912.00
2015-03-18,11.16,11.46,10.91,11.12,24503757,282038912.00
2015-03-19,11.18,12.28,11.11,12.24,42474235,514857792.00
2015-03-20,12.07,12.12,11.84,11.93,23938420,296270176.00
2015-03-23,11.94,12.31,11.88,12.04,21925805,274978240.00
2015-03-24,12.16,12.21,11.37,11.75,26633799,324350592.00
2015-03-25,11.79,11.88,11.51,11.77,18785520,227192848.00
2015-03-26,11.68,12.00,11.57,11.78,13807688,169267776.00
2015-03-27,12.06,12.56,11.87,12.25,22498266,287052032.00
2015-03-30,12.36,12.82,12.07,12.73,20655262,265835648.00
2015-03-31,12.64,12.80,12.36,12.40,15833582,205257504.00
2015-04-01,12.40,12.56,12.33,12.46,13686497,176146848.00
2015-04-02,12.52,12.84,12.36,12.81,19273803,250850176.00
2015-04-03,12.80,13.21,12.57,13.14,21255320,285976032.00
2015-04-07,13.13,13.22,12.99,13.14,16132991,218521008.00
2015-04-08,13.25,14.16,13.25,13.59,22207177,314024736.00
2015-04-09,13.76,13.83,12.75,13.09,15980466,216617184.00
2015-04-10,13.09,14.36,13.05,14.12,26763486,383230912.00
2015-04-13,14.36,15.56,14.07,15.36,24060609,369004672.00
2015-04-14,15.45,16.24,15.04,15.10,26136023,417417696.00
2015-04-15,14.96,14.96,13.98,14.52,20629145,309873280.00
2015-04-16,14.16,15.16,14.14,15.14,15471418,235907488.00
2015-04-17,15.54,15.64,14.74,14.78,21260585,330194464.00
2015-04-20,14.56,14.56,13.98,14.03,23721068,348560000.00
2015-04-21,14.06,14.59,14.02,14.48,13786106,203585952.00
2015-04-22,14.69,14.82,14.46,14.78,17207567,259452400.00
2015-04-23,14.99,14.99,14.44,14.53,17384731,262103616.00
2015-04-24,14.33,14.50,13.96,14.15,14487584,211748112.00
2015-04-27,14.18,14.66,14.17,14.49,13989784,208410016.00
2015-04-28,14.51,14.51,13.84,13.98,12433738,180994736.00
2015-04-29,13.87,14.29,13.81,13.97,9557320,138553776.00
2015-04-30,14.16,14.57,14.08,14.23,14116977,207911376.00
2015-05-04,14.23,14.73,14.18,14.70,17799051,266473440.00
2015-05-05,14.71,14.90,13.82,13.83,16073998,238901712.00
2015-05-06,13.68,14.06,12.86,12.91,14685816,206183920.00
2015-05-07,12.92,13.06,12.41,12.60,10049026,131622104.00
2015-05-08,12.77,13.34,12.66,13.31,11121041,149500704.00
2015-05-11,13.56,13.76,13.14,13.71,10844771,151069136.00
2015-05-12,13.74,13.81,13.31,13.63,14417013,202127072.00
2015-05-13,13.63,13.63,13.25,13.42,15062963,209021824.00
2015-05-14,13.42,13.47,13.06,13.40,14502107,198658448.00
2015-05-15,13.50,13.74,13.19,13.52,12110874,166433088.00
2015-05-18,13.42,13.62,13.22,13.32,11268007,154045312.00
2015-05-19,13.34,14.17,13.34,14.04,16000578,222992480.00
2015-05-20,14.00,14.35,13.86,14.07,18175634,260510208.00
2015-05-21,14.05,14.57,13.97,14.53,15634025,227858960.00
2015-05-22,14.70,15.82,14.35,15.69,31671545,478609568.00
2015-05-25,15.44,16.41,15.30,16.19,33511158,544393344.00
2015-05-26,16.17,16.81,15.85,16.31,33379903,553245888.00
2015-05-27,16.50,17.73,16.23,17.42,37119942,633794624.00
2015-05-28,17.36,17.44,15.66,15.66,32489931,547648576.00
2015-05-29,15.66,16.05,14.56,15.72,23430853,366330528.00
2015-06-01,15.77,16.44,15.60,16.33,23238650,379058368.00
2015-06-02,16.37,17.05,16.12,16.94,26623589,447180704.00
2015-06-03,17.02,17.07,16.18,16.46,18941779,318548608.00
2015-06-04,16.55,16.97,15.77,16.95,22720543,382481856.00
2015-06-05,17.24,18.63,16.89,18.59,48152867,867567936.00
2015-06-08,18.47,19.32,18.29,18.31,43586968,831611392.00
2015-06-09,18.12,18.97,17.89,18.47,24778935,466095616.00
2015-06-10,18.27,18.65,17.80,18.40,17341920,321249856.00
2015-06-11,18.41,20.19,18.41,19.85,28282611,554509888.00
2015-06-12,19.47,19.85,19.06,19.48,23196934,456038304.00
2015-06-15,19.52,19.70,18.33,18.38,21953446,417648000.00
2015-06-16,17.93,18.03,16.84,16.89,21084411,370944640.00
2015-06-17,17.00,17.63,15.82,17.36,15943425,271952896.00
2015-06-18,17.32,17.92,16.42,16.88,12359410,217800416.00
2015-06-19,16.29,17.02,16.13,16.15,11327255,190171568.00
2015-06-23,16.02,16.55,14.53,15.78,11804274,186713872.00
2015-06-24,16.14,16.42,15.77,16.28,10566344,173370112.00
2015-06-25,16.26,16.87,14.77,15.53,11464828,189756960.00
2015-06-26,15.04,15.27,13.95,13.95,11553826,169479568.00
2015-06-29,14.17,14.37,12.53,12.53,16792952,225719120.00
2015-06-30,12.55,13.47,11.25,13.33,16325268,203658736.00
2015-07-01,13.03,13.90,12.13,12.18,12596506,169880896.00
2015-07-02,12.44,12.46,10.94,10.96,17447876,205081152.00
2015-07-03,10.47,11.18,9.84,9.84,21413925,224236768.00
2015-07-06,10.85,10.85,8.84,9.65,28168034,285761792.00
2015-07-07,9.71,10.45,8.66,8.66,31988511,307928224.00
2015-07-08,7.77,8.42,7.77,7.81,44508926,359158688.00
2015-07-09,7.80,8.61,7.79,8.61,24670084,213951056.00
2015-07-10,9.49,9.49,9.15,9.49,7667583,74270232.00
2015-07-13,10.46,10.46,10.22,10.46,16848281,179944384.00
2015-07-14,11.27,11.53,10.97,11.53,31732043,370908384.00
2015-07-15,11.27,11.62,10.35,10.37,29667791,329481664.00
2015-07-16,9.97,11.43,9.82,11.24,24007881,268731584.00
2015-07-17,11.39,12.39,11.17,12.39,25476085,312208256.00
2015-07-20,12.67,13.37,12.39,12.87,24869689,326965696.00
2015-07-21,12.58,13.42,12.28,12.95,16620642,219892688.00
2015-07-22,12.89,13.16,12.56,12.95,19354719,252610448.00
2015-07-23,12.86,13.37,12.52,13.28,18799419,249695520.00
2015-07-24,13.24,13.67,12.57,12.93,18622135,251611296.00
2015-07-27,12.61,13.12,11.61,11.61,15113506,190581664.00
2015-07-28,10.85,11.89,10.62,11.19,13333809,152730912.00
2015-07-29,11.46,12.32,11.01,12.26,10278503,120927056.00
2015-07-30,12.25,12.97,11.77,12.16,15167864,192923120.00
2015-07-31,12.07,12.57,11.77,12.17,9164188,114317472.00
2015-08-03,11.94,12.15,11.07,11.84,10254465,122092936.00
2015-08-04,11.85,12.96,11.77,12.81,11417793,144604288.00
2015-08-05,12.77,12.99,12.38,12.57,7899079,102406888.00
2015-08-06,12.28,12.64,12.18,12.40,6013158,76275448.00
2015-08-07,12.56,13.00,12.49,12.97,12597007,164053904.00
2015-08-10,13.20,13.63,12.87,13.54,12457980,168880272.00
2015-08-11,13.35,14.65,13.18,14.01,18957423,266468592.00
2015-08-12,13.90,14.58,13.64,13.68,15273692,221229648.00
2015-08-13,13.47,14.14,13.27,14.00,11947591,167187680.00
2015-08-14,14.14,14.37,13.77,13.89,8166355,116493552.00
2015-08-17,13.62,13.81,13.07,13.79,11859445,162833504.00
2015-08-18,13.76,13.77,12.39,12.39,12891597,170392656.00
2015-08-19,12.13,12.71,11.48,12.58,10715314,132964784.00
2015-08-20,12.42,13.07,12.27,12.47,7719301,99503704.00
2015-08-21,12.26,12.71,11.58,11.86,10347088,127998928.00
2015-08-24,11.02,11.14,10.65,10.65,7856553,86832776.00
2015-08-25,9.56,10.29,9.56,9.56,14448015,143693360.00
2015-08-26,9.75,10.42,9.08,9.66,13060733,130739944.00
2015-08-27,9.76,10.42,9.58,10.38,7594359,77706128.00
2015-08-28,10.59,11.33,10.47,11.27,10062466,110713136.00
2015-08-31,11.17,11.17,10.57,10.82,7713778,84944760.00
2015-09-01,10.64,10.77,9.72,9.72,8295875,85050728.00
2015-09-02,8.87,10.05,8.87,9.30,10878841,103786816.00
2015-09-07,9.40,9.84,9.40,9.48,5881062,58203872.00
2015-09-08,9.53,10.30,9.42,10.28,6986924,70121144.00
2015-09-09,10.40,10.82,10.23,10.64,8160485,87965376.00
2015-09-10,10.37,10.52,10.05,10.11,6101563,64609528.00
2015-09-11,10.17,10.38,10.00,10.35,4230526,44234568.00
2015-09-14,10.41,10.49,9.29,9.30,5938003,58899896.00
2015-09-15,9.18,9.57,8.52,8.72,7228182,67348384.00
2015-09-16,8.77,9.62,8.75,9.47,7658913,72136976.00
2015-09-17,9.46,9.70,9.26,9.30,6695198,65077748.00
2015-09-18,9.38,9.62,9.15,9.57,5145433,49414664.00
2015-09-21,9.47,10.16,9.41,10.11,7263914,73318584.00
2015-09-22,10.07,10.40,9.90,10.08,6158281,63603464.00
2015-09-23,9.92,10.07,9.67,9.69,4673848,47075768.00
2015-09-24,9.81,10.08,9.70,9.97,5427982,54986744.00
2015-09-25,9.91,10.04,9.49,9.62,3796083,38017176.00
2015-09-28,9.48,9.99,9.48,9.85,4400820,44096424.00
2015-09-29,9.68,9.79,9.48,9.56,3999259,39560708.00
2015-09-30,9.65,9.93,9.64,9.74,2902648,29056958.00
2015-10-08,10.17,10.32,9.95,10.17,5746687,59665316.00
2015-10-09,10.12,10.33,10.10,10.27,6166548,64662360.00
2015-10-12,10.31,11.08,10.28,10.84,10725726,117822280.00
2015-10-13,10.76,11.45,10.72,11.33,9081471,104081144.00
2015-10-14,11.33,11.35,10.87,10.98,4455908,50583040.00
2015-10-15,10.97,11.70,10.97,11.66,6500373,76018840.00
2015-10-16,11.65,11.73,11.37,11.66,9445707,111243832.00
2015-10-19,11.60,11.74,11.37,11.52,6852709,80737448.00
2015-10-20,11.53,12.45,11.53,12.41,12389210,152188128.00
2015-10-21,12.07,12.67,11.27,11.45,17796555,219222816.00
2015-10-22,11.49,11.86,11.37,11.80,6632895,78765536.00
2015-10-23,11.87,12.20,11.65,12.00,9574528,116689480.00
2015-10-26,12.26,12.40,11.95,12.34,11937744,147413424.00
2015-10-27,12.17,12.55,11.68,12.35,9001829,111693336.00
2015-10-28,12.20,12.62,11.89,11.90,8178011,102206504.00
2015-10-29,12.04,12.33,11.89,12.26,5870021,72426008.00
2015-10-30,12.20,12.70,12.08,12.39,9000268,114507936.00
2015-11-02,12.17,12.52,12.05,12.16,5346130,67066796.00
2015-11-03,12.45,12.74,12.19,12.29,10175668,129160520.00
2015-11-04,12.22,12.90,12.18,12.81,12082742,155304288.00
2015-11-05,12.74,12.86,12.50,12.68,10270041,132633528.00
2015-11-06,12.66,13.10,12.66,12.95,8462268,111475136.00
2015-11-09,12.93,13.11,12.57,12.92,10987276,143404000.00
2015-11-10,12.87,13.05,12.55,12.74,13793422,178871920.00
2015-11-11,12.58,13.03,12.58,12.95,9249716,121323320.00
2015-11-12,12.96,13.00,12.48,12.56,14428284,185482240.00
2015-11-13,12.43,12.47,12.05,12.09,12061004,150308336.00
2015-11-16,11.84,12.17,11.82,12.16,7840207,95659000.00
2015-11-17,12.77,13.40,12.67,13.40,44412551,599468864.00
2015-11-18,13.12,13.37,12.62,12.66,30661184,406638496.00
2015-11-19,12.78,12.94,12.45,12.93,16623724,214236240.00
2015-11-20,12.95,13.42,12.85,13.26,20720803,277485792.00
2015-11-23,13.26,13.45,12.82,12.86,15972165,212739200.00
2015-11-24,12.79,12.90,12.51,12.79,11703674,150705616.00
2015-11-25,12.75,12.94,12.62,12.84,9294339,121448056.00
2015-11-26,12.94,13.20,12.84,12.88,11493770,152140992.00
2015-11-27,12.73,12.76,11.77,11.82,11626864,146317552.00
2015-11-30,11.92,11.99,11.25,11.87,8757940,104115656.00
2015-12-01,11.92,12.20,11.74,12.11,5854717,71697256.00
2015-12-02,12.13,12.13,11.51,12.07,6136828,74264648.00
2015-12-03,12.07,12.24,12.03,12.18,5728929,70745448.00
2015-12-04,12.12,12.26,11.86,12.01,5529180,67973240.00
2015-12-07,11.99,12.19,11.93,12.14,4193005,51699652.00
2015-12-08,12.13,12.15,11.73,11.74,5887959,71434144.00
2015-12-09,11.72,11.85,11.67,11.77,3870808,46458840.00
2015-12-10,11.76,11.91,11.65,11.67,3858449,46303176.00
2015-12-11,11.67,11.68,11.45,11.52,4146894,48796628.00
2015-12-14,11.39,11.98,11.39,11.95,5164039,61812696.00
2015-12-15,11.89,12.30,11.87,12.12,5448191,66932432.00
2015-12-16,12.10,12.39,12.07,12.16,6156914,76628856.00
2015-12-17,12.17,12.36,12.16,12.35,7408825,92800160.00
2015-12-18,12.39,12.62,12.17,12.32,7163393,90351408.00
2015-12-21,12.33,12.69,12.18,12.49,14427916,182883328.00
2015-12-22,12.50,12.69,12.42,12.67,8296432,106015760.00
2015-12-23,12.62,12.94,12.47,12.52,11107512,142869792.00
2015-12-24,12.52,12.73,12.17,12.36,7072284,89407344.00
2015-12-25,12.37,12.71,12.32,12.67,5715440,72852816.00
2015-12-28,12.69,12.76,12.29,12.29,7849400,100213504.00
2015-12-29,12.27,12.49,12.22,12.48,3862198,48648808.00
2015-12-30,12.57,13.42,12.49,13.40,21568097,288233568.00
2015-12-31,13.12,13.26,12.82,12.89,12999106,171920560.00
2016-01-04,12.82,12.92,11.70,11.72,6728645,84325240.00
2016-01-05,11.23,12.13,11.23,11.72,8712472,103848448.00
2016-01-06,11.74,12.04,11.55,11.96,5189604,62674904.00
2016-01-07,11.75,11.94,10.74,10.79,1586000,18529548.00
2016-01-08,11.27,11.56,10.57,11.22,8825477,101098696.00
2016-01-11,11.02,11.31,10.70,10.74,7127050,80678696.00
2016-01-12,10.67,10.92,10.25,10.74,5144192,55789816.00
2016-01-13,10.68,10.86,10.37,10.38,3286014,35718856.00
2016-01-14,10.05,10.74,9.87,10.67,5520537,58230368.00
2016-01-15,10.56,10.65,9.88,10.07,4958499,52021784.00
2016-01-18,9.78,10.29,9.77,10.03,3800447,39164864.00
2016-01-19,10.01,10.50,10.01,10.43,4064984,42721380.00
2016-01-20,10.34,10.54,10.03,10.13,5337313,56032188.00
2016-01-21,10.01,10.23,9.72,9.73,5897190,60181204.00
2016-01-22,9.87,9.92,9.47,9.78,5088429,50492208.00
2016-01-25,9.86,9.96,9.59,9.78,4896671,49233584.00
2016-01-26,9.73,9.73,8.78,8.78,7410357,69946936.00
2016-01-27,8.85,8.90,8.22,8.70,7522790,66376696.00
2016-01-28,8.57,8.88,8.32,8.37,5355035,47507608.00
2016-01-29,8.32,8.91,8.32,8.78,5650650,50346592.00
2016-02-01,8.69,8.85,8.63,8.70,3178771,28433216.00
2016-02-02,8.73,9.03,8.71,9.01,4851611,44443840.00
2016-02-03,8.89,9.67,8.86,9.21,6665935,62526136.00
2016-02-04,9.21,9.41,9.17,9.35,4856238,46355920.00
2016-02-05,9.40,9.70,9.31,9.48,6058615,59227376.00
2016-02-15,9.18,9.37,9.03,9.26,6133571,57636176.00
2016-02-16,9.31,9.89,9.22,9.88,8136174,80008432.00
2016-02-17,9.74,10.13,9.74,10.08,10494710,106726272.00
2016-02-18,10.05,10.52,9.97,10.22,8279308,86680584.00
2016-02-19,10.21,10.37,10.06,10.27,5669840,59476076.00
2016-02-22,10.48,10.65,10.27,10.44,7387726,79107008.00
2016-02-23,10.53,11.51,10.53,11.50,25653351,291725760.00
2016-02-24,11.72,12.67,11.72,12.67,36678954,466725440.00
2016-02-25,12.92,13.53,11.81,12.06,37288367,477781600.00
2016-02-26,12.77,13.29,12.42,12.63,48008709,640521984.00
2016-02-29,12.07,12.85,11.34,12.44,43861323,535325152.00
2016-03-01,12.18,13.71,11.88,13.71,36792088,487297344.00
2016-03-02,13.86,14.36,13.41,13.98,34662624,488080928.00
2016-03-03,13.77,14.60,13.43,13.96,37480432,530653376.00
2016-03-04,13.62,14.27,12.65,12.92,38507504,525147616.00
2016-03-07,13.17,14.12,13.00,13.67,29494193,404180096.00
2016-03-08,13.54,14.27,12.84,13.68,26649367,370573056.00
2016-03-09,13.11,13.22,12.29,12.59,19823558,257198208.00
2016-03-10,12.47,13.03,12.47,12.62,14494870,188900288.00
2016-03-11,12.61,13.17,12.32,12.79,17742633,232492240.00
2016-03-14,13.27,14.09,13.02,14.09,23128535,321977376.00
2016-03-15,14.15,15.06,13.97,14.59,33795503,497810880.00
2016-03-16,14.48,14.83,13.80,14.37,22608798,328088256.00
2016-03-17,14.35,14.64,13.92,14.36,26761558,388705568.00
2016-03-18,14.61,15.22,14.39,14.66,29705082,446239904.00
2016-03-21,14.88,15.35,14.38,15.16,30164644,455781376.00
2016-03-22,14.82,15.15,14.47,14.63,21776505,325665120.00
2016-03-23,14.57,14.63,14.23,14.58,14676291,215634016.00
2016-03-24,14.34,14.76,13.85,13.96,14512248,211668832.00
2016-03-25,13.87,14.42,13.77,14.40,15777706,227035568.00
2016-03-28,14.70,14.87,14.07,14.35,19461759,286543040.00
2016-03-29,14.11,14.34,13.62,13.65,14120404,198945824.00
2016-03-30,13.78,14.22,13.76,14.21,10220307,145577408.00
2016-03-31,14.25,14.55,13.88,14.16,12950640,187273744.00
2016-04-01,14.08,14.29,13.56,13.77,11927217,167685840.00
2016-04-05,13.94,15.06,13.88,14.80,20245830,297011360.00
2016-04-06,14.72,14.73,14.28,14.58,11387967,167897680.00
2016-04-07,14.67,14.69,14.11,14.29,10552457,154288656.00
2016-04-08,14.10,14.41,13.72,13.78,9683774,138273344.00
2016-04-11,13.82,15.02,13.82,14.87,18625300,275396288.00
2016-04-12,14.77,14.87,14.27,14.45,12083379,177588800.00
2016-04-13,14.50,15.92,14.50,15.92,27960295,442960896.00
2016-04-14,16.32,16.35,15.39,15.75,20255618,323033504.00
2016-04-15,15.68,15.75,15.27,15.54,14174591,222901216.00
2016-04-18,15.61,15.73,15.18,15.53,12152183,190462096.00
2016-04-19,15.61,15.76,15.10,15.35,9792399,153262400.00
2016-04-20,15.35,15.46,13.79,13.79,27953523,404548768.00
2016-04-21,13.37,13.64,12.99,13.15,20454820,276180128.00
2016-04-22,12.94,13.27,12.68,13.16,14105618,185990192.00
2016-04-25,13.38,13.38,12.72,12.94,9966460,131780280.00
2016-04-26,12.90,13.18,12.68,13.14,12169678,159361824.00
2016-04-27,13.04,13.21,12.79,12.88,11418415,150907968.00
2016-04-28,12.94,12.95,12.17,12.58,12601893,161302560.00
2016-04-29,12.45,12.73,12.40,12.44,8418830,107588488.00
2016-05-03,12.53,13.13,12.53,13.05,11742773,154515392.00
2016-05-04,13.06,13.14,12.84,12.96,10899391,143744560.00
2016-05-05,12.88,12.99,12.65,12.89,9624681,125422464.00
2016-05-06,12.91,12.98,11.93,11.99,13206647,167985440.00
2016-05-09,11.93,11.93,11.12,11.16,11754077,135945456.00
2016-05-10,11.12,11.55,11.12,11.36,9482554,110503728.00
2016-05-11,11.49,11.57,11.23,11.33,6331254,73596544.00
2016-05-12,11.27,12.17,10.88,12.00,14205955,167908992.00
2016-05-13,11.87,12.26,11.80,12.18,13601336,167483472.00
2016-05-16,11.98,12.50,11.77,12.27,9096395,112833728.00
2016-05-17,12.27,12.54,12.17,12.22,7838323,98659464.00
2016-05-18,12.04,12.18,11.42,11.59,9300200,110913832.00
2016-05-19,11.52,11.88,11.44,11.56,5768555,67463880.00
2016-05-20,11.40,11.71,11.26,11.64,4842533,55829264.00
2016-05-23,11.65,12.08,11.62,12.05,7794276,93124776.00
2016-05-24,12.01,12.20,11.68,11.73,5437067,64572352.00
2016-05-25,11.89,11.94,11.55,11.58,4854922,56869920.00
2016-05-26,11.56,11.72,11.13,11.56,8452153,95751304.00
2016-05-27,11.52,11.87,11.31,11.79,9482509,110528000.00
2016-05-30,11.56,11.75,11.35,11.63,6410242,74266416.00
2016-05-31,11.70,12.18,11.69,12.17,9356273,112224512.00
2016-06-01,12.11,12.53,12.05,12.20,9622932,118322432.00
2016-06-02,12.33,13.15,12.30,12.93,17509596,224734608.00
2016-06-03,13.01,13.01,12.70,12.83,9882198,126801816.00
2016-06-06,12.89,13.04,12.65,12.78,7676713,98547216.00
2016-06-07,12.70,12.88,12.65,12.74,4567142,58235560.00
2016-06-08,12.75,12.78,12.30,12.48,7424584,92755496.00
2016-06-13,12.26,12.32,11.50,11.57,8216143,98817536.00
2016-06-14,11.61,11.77,11.41,11.61,6355195,73641584.00
2016-06-15,11.49,12.05,11.37,11.91,7268937,86249160.00
2016-06-16,11.84,12.01,11.78,11.86,5321489,63207752.00
2016-06-17,11.99,12.18,11.82,11.87,6079073,72889904.00
2016-06-20,12.00,12.02,11.70,11.93,5488620,65486592.00
2016-06-21,12.00,12.33,11.94,11.97,6878039,83554256.00
2016-06-22,11.98,12.16,11.83,12.13,4693197,56397136.00
2016-06-23,12.14,12.25,11.91,12.10,6136161,74160792.00
2016-06-24,12.02,12.15,11.41,11.83,6237705,74176240.00
2016-06-27,11.62,12.06,11.61,12.01,4276637,51098036.00
2016-06-28,11.95,12.20,11.94,12.20,5414523,65472344.00
2016-06-29,12.30,12.33,12.12,12.17,5225663,63616748.00
2016-06-30,12.19,12.21,12.03,12.12,3496755,42359548.00
2016-07-01,12.13,12.24,12.09,12.23,5464990,66575168.00
2016-07-04,12.27,13.45,12.23,13.45,26441128,344579968.00
2016-07-05,13.55,13.65,13.15,13.26,17832988,237103296.00
2016-07-06,13.35,13.49,13.04,13.21,12962425,171595712.00
2016-07-07,13.14,13.41,13.00,13.29,11409206,150920608.00
2016-07-08,13.24,13.39,13.01,13.28,10794162,142460000.00
2016-07-11,13.28,13.89,13.19,13.21,17317416,234792624.00
2016-07-12,13.24,13.37,12.78,13.35,12902496,169518176.00
2016-07-13,13.34,13.74,13.34,13.68,14477832,196516672.00
2016-07-14,13.75,13.75,13.40,13.49,7263266,98112520.00
2016-07-15,13.56,13.78,13.42,13.51,5777084,78473632.00
2016-07-18,13.58,13.58,13.20,13.29,4590096,61070048.00
2016-07-19,13.26,13.37,13.03,13.19,4997969,65750996.00
2016-07-20,13.21,13.27,13.11,13.21,3991717,52705016.00
2016-07-21,13.20,13.37,13.13,13.22,5911256,78235712.00
2016-07-22,13.26,13.26,12.98,13.07,4814965,62944692.00
2016-07-25,13.08,13.15,12.86,12.99,4119292,53595008.00
2016-07-26,12.95,13.39,12.92,13.34,5823702,76975632.00
2016-07-27,13.35,13.41,12.46,12.85,8281678,107495648.00
2016-07-28,12.80,13.26,12.62,13.19,8249453,106485328.00
2016-07-29,13.11,14.05,13.11,13.71,21609511,296707104.00
2016-08-01,13.56,13.94,13.27,13.41,14909657,202144672.00
2016-08-02,13.30,13.38,12.89,13.27,11337888,148262112.00
2016-08-03,13.22,13.26,13.00,13.10,7811265,102495968.00
2016-08-04,13.09,13.16,12.92,13.14,7742335,100944912.00
2016-08-05,13.09,13.14,12.79,12.84,6868427,89219056.00
2016-08-08,12.86,13.02,12.66,12.99,5174054,66529964.00
2016-08-09,12.97,13.07,12.87,12.99,7734948,100315744.00
2016-08-10,13.09,13.14,12.73,12.80,10223934,132506952.00
2016-08-11,12.80,12.83,12.42,12.51,10403991,131237688.00
2016-08-12,12.53,12.58,12.33,12.53,8136457,101312208.00
2016-08-15,12.55,12.78,12.39,12.75,16909293,213375008.00
2016-08-16,12.72,12.84,12.68,12.74,11195656,142653088.00
2016-08-17,12.74,12.80,12.56,12.70,10049058,127592824.00
2016-08-18,12.71,12.84,12.65,12.75,10255504,130562160.00
2016-08-19,12.70,12.75,12.58,12.65,5480788,69275920.00
2016-08-22,12.68,12.78,12.65,12.66,6892926,87567432.00
2016-08-23,12.64,12.82,12.63,12.71,6685229,84970456.00
2016-08-24,12.72,12.78,12.63,12.66,4328499,54952628.00
2016-08-25,12.66,12.67,12.28,12.39,8044449,99743496.00
2016-08-26,12.43,12.53,12.42,12.43,4223961,52701916.00
2016-08-29,12.43,12.52,12.39,12.42,3992475,49715608.00
2016-08-30,12.46,12.57,12.45,12.50,3254548,40723128.00
2016-08-31,12.56,12.57,12.37,12.55,3691062,46049684.00
2016-09-01,12.53,12.59,12.40,12.42,2863645,35730788.00
2016-09-02,12.49,12.49,12.24,12.25,5438294,67002668.00
2016-09-05,12.39,12.49,12.31,12.38,6305701,78102672.00
2016-09-06,12.37,12.48,12.16,12.46,7502978,92289264.00
2016-09-07,12.46,12.56,12.40,12.44,7833800,97856368.00
2016-09-08,12.44,12.47,12.38,12.46,5125040,63647272.00
2016-09-09,12.47,12.58,12.43,12.47,5629677,70419048.00
2016-09-12,12.57,13.18,12.57,12.76,30640714,393383200.00
2016-09-13,12.88,12.92,12.61,12.86,18787700,240248672.00
2016-09-14,12.77,12.80,12.34,12.35,13416860,168202304.00
2016-09-19,12.37,12.46,12.20,12.35,9833483,121353576.00
2016-09-20,12.33,12.40,12.23,12.33,6019466,73996320.00
2016-09-21,12.38,12.46,12.24,12.44,7710189,95113320.00
2016-09-22,12.43,12.50,12.35,12.38,7354111,91315192.00
2016-09-23,12.40,12.49,12.36,12.36,7470450,92843632.00
2016-09-26,12.32,12.38,11.87,11.89,8652669,104659712.00
2016-09-27,11.88,11.98,11.66,11.86,6580343,77628152.00
2016-09-28,11.90,11.94,11.80,11.87,3211823,38098680.00
2016-09-29,11.89,12.02,11.86,11.90,3593812,42909356.00
2016-09-30,11.88,11.97,11.81,11.92,2887847,34349236.00
2016-10-10,12.00,12.22,12.00,12.21,6263897,76037704.00
2016-10-11,12.26,12.26,12.13,12.19,5002705,60918264.00
2016-10-12,12.09,12.33,12.09,12.29,5763177,70461712.00
2016-10-13,12.27,12.36,12.24,12.25,5662178,69600368.00
2016-10-14,12.22,12.45,12.20,12.41,6680658,82345256.00
2016-10-17,12.45,12.49,12.22,12.23,5374013,66535336.00
2016-10-18,12.23,12.41,12.21,12.38,4981925,61340448.00
2016-10-19,12.38,12.45,12.33,12.38,4967275,61445320.00
2016-10-20,12.37,12.43,12.33,12.36,5639120,69830064.00
2016-10-21,12.35,12.43,12.12,12.19,8066497,98684208.00
2016-10-24,12.19,12.38,12.19,12.29,6353061,78113536.00
2016-10-25,12.34,12.48,12.30,12.41,7802715,96861920.00
2016-10-26,12.40,12.44,12.26,12.30,4561486,56213056.00
2016-10-27,12.32,12.36,12.22,12.31,4317264,52988024.00
2016-10-28,12.31,12.38,12.25,12.30,3740932,46048904.00
2016-10-31,12.26,12.26,12.02,12.22,6282924,76222976.00
2016-11-01,12.22,12.32,12.13,12.31,6283480,77069600.00
2016-11-02,12.30,12.41,12.22,12.31,8224087,101601288.00
2016-11-03,12.33,12.42,12.28,12.37,5817360,71920016.00
2016-11-04,12.37,12.41,12.25,12.29,4683173,57794912.00
2016-11-07,12.26,12.33,12.19,12.22,3993014,48975084.00
2016-11-08,12.28,12.33,12.19,12.32,7833436,95992952.00
2016-11-09,12.32,12.35,12.03,12.10,6655442,81044592.00
2016-11-10,12.21,12.33,12.19,12.30,5858440,71852480.00
2016-11-11,12.30,12.37,12.26,12.36,6500829,80087072.00
2016-11-14,12.39,12.56,12.39,12.53,11015360,137469072.00
2016-11-15,12.57,12.64,12.47,12.50,9366162,117467336.00
2016-11-16,12.50,12.65,12.50,12.50,8813400,110722328.00
2016-11-17,12.52,12.52,12.39,12.45,4602308,57235392.00
2016-11-18,12.46,12.52,12.38,12.42,4390335,54586696.00
2016-11-21,12.38,12.46,12.32,12.41,5495835,68079040.00
2016-11-22,12.43,12.57,12.40,12.56,8673288,108467128.00
2016-11-23,12.58,12.65,12.41,12.48,7653061,95933792.00
2016-11-24,12.43,12.98,12.40,12.74,24869621,316530816.00
2016-11-25,12.62,12.71,12.42,12.69,11802838,148481936.00
2016-11-28,12.67,12.93,12.64,12.82,9777400,125060688.00
数据来源:通达信
