601166 兴业银行 日线 前复权
      日期	    开盘	    最高	    最低	    收盘	    成交量	    成交额
2011-10-10,6.00,6.03,5.81,5.83,30005346,367200224.00
2011-10-11,6.10,6.16,5.86,5.93,57814416,718362240.00
2011-10-12,5.91,6.33,5.87,6.25,68960812,873415360.00
2011-10-13,6.22,6.30,6.20,6.27,43055822,550050496.00
2011-10-14,6.25,6.29,6.13,6.24,26163813,332914240.00
2011-10-17,6.23,6.41,6.23,6.31,33982784,438180736.00
2011-10-18,6.24,6.27,6.09,6.11,33021411,417963360.00
2011-10-19,6.15,6.23,6.11,6.13,28498306,359971680.00
2011-10-20,6.09,6.11,5.85,5.95,40974944,505404000.00
2011-10-21,5.93,6.17,5.93,6.08,47211765,591098432.00
2011-10-24,6.10,6.45,6.03,6.35,65667216,842746304.00
2011-10-25,6.37,6.56,6.33,6.48,82729675,1082100608.00
2011-10-26,6.43,6.66,6.41,6.50,86314938,1142911616.00
2011-10-27,6.53,6.60,6.49,6.57,40975408,541965504.00
2011-10-28,6.71,6.83,6.67,6.74,79161725,1069000640.00
2011-10-31,6.70,6.75,6.57,6.60,48594521,648841024.00
2011-11-01,6.53,6.75,6.51,6.60,44831936,598935104.00
2011-11-02,6.46,6.78,6.43,6.77,69018716,915920768.00
2011-11-03,6.77,6.77,6.61,6.65,95381797,1281572864.00
2011-11-04,6.73,6.75,6.61,6.67,49418644,662953984.00
2011-11-07,6.60,6.63,6.45,6.49,66257068,872363904.00
2011-11-08,6.51,6.57,6.46,6.50,37989217,499579040.00
2011-11-09,6.53,6.60,6.47,6.59,38269955,505264864.00
2011-11-10,6.50,6.53,6.37,6.38,70219154,917324480.00
2011-11-11,6.43,6.45,6.34,6.36,27284631,354568576.00
2011-11-14,6.47,6.55,6.40,6.52,54647516,718718720.00
2011-11-15,6.51,6.51,6.42,6.45,30470670,398699456.00
2011-11-16,6.45,6.46,6.09,6.17,70414692,899125696.00
2011-11-17,6.18,6.21,6.13,6.15,26172703,331234496.00
2011-11-18,6.08,6.19,6.06,6.09,31554265,395981344.00
2011-11-21,6.09,6.10,5.97,6.10,28906064,359796160.00
2011-11-22,6.03,6.15,6.01,6.13,25216771,316315456.00
2011-11-23,6.12,6.13,5.98,6.04,34124251,425734400.00
2011-11-24,5.96,6.15,5.95,6.07,29780915,372553472.00
2011-11-25,6.07,6.07,5.96,5.99,26221676,325318592.00
2011-11-28,6.03,6.04,5.95,5.99,22431694,277864288.00
2011-11-29,6.05,6.10,5.99,6.09,27445099,342321984.00
2011-11-30,6.03,6.06,5.83,5.86,38121085,467949792.00
2011-12-01,6.11,6.27,6.09,6.11,95950367,1215902848.00
2011-12-02,6.08,6.17,6.03,6.13,34765348,436330240.00
2011-12-05,6.13,6.30,6.07,6.15,48988141,621999488.00
2011-12-06,6.13,6.21,6.10,6.11,32735664,413834784.00
2011-12-07,6.13,6.21,6.05,6.16,28835993,363290272.00
2011-12-08,6.15,6.20,6.07,6.17,27060094,341406208.00
2011-12-09,6.11,6.21,6.05,6.09,30827027,387111072.00
2011-12-12,6.08,6.11,6.04,6.06,16437774,205813936.00
2011-12-13,6.04,6.09,5.87,5.89,41112486,508989152.00
2011-12-14,5.90,5.95,5.85,5.91,21251563,260642400.00
2011-12-15,5.87,5.92,5.75,5.77,43033753,521442720.00
2011-12-16,5.77,5.95,5.73,5.93,41420639,503438624.00
2011-12-19,5.87,5.97,5.79,5.96,44275459,539475200.00
2011-12-20,5.93,6.15,5.93,6.03,52173056,652274240.00
2011-12-21,6.11,6.17,5.97,5.99,35924554,450784736.00
2011-12-22,5.95,6.11,5.92,6.10,50972584,633101184.00
2011-12-23,6.08,6.14,6.01,6.08,32733468,409898272.00
2011-12-26,6.03,6.11,5.99,5.99,22843506,284657696.00
2011-12-27,5.97,6.07,5.94,5.96,31195086,386606944.00
2011-12-28,5.96,5.98,5.84,5.93,32877974,403608384.00
2011-12-29,5.92,6.01,5.88,5.96,26425639,326300288.00
2011-12-30,6.01,6.09,5.99,6.08,41362973,515305664.00
2012-01-04,6.17,6.19,6.05,6.07,40528547,510576576.00
2012-01-05,6.07,6.35,6.07,6.21,91364291,1166513152.00
2012-01-06,6.18,6.28,6.13,6.26,50166029,638925504.00
2012-01-09,6.25,6.50,6.22,6.43,89679316,1164720640.00
2012-01-10,6.44,6.55,6.40,6.50,80289622,1052076288.00
2012-01-11,6.51,6.52,6.39,6.41,65305524,852010752.00
2012-01-12,6.50,6.69,6.50,6.60,94476382,1259441536.00
2012-01-13,6.61,6.67,6.51,6.59,57388567,762642048.00
2012-01-16,6.54,6.78,6.52,6.61,52900037,710374848.00
2012-01-17,6.64,6.83,6.47,6.80,94865630,1276200832.00
2012-01-18,6.82,6.83,6.65,6.69,47632220,641927744.00
2012-01-19,6.73,6.92,6.71,6.92,83951958,1146262912.00
2012-01-20,6.93,7.15,6.87,7.10,79116465,1100644352.00
2012-01-30,7.10,7.10,6.94,6.95,59952828,835855616.00
2012-01-31,6.96,7.03,6.89,6.97,29655404,409706464.00
2012-02-01,6.94,7.02,6.77,6.77,38790933,531671840.00
2012-02-02,6.80,7.18,6.75,7.17,81882452,1138729856.00
2012-02-03,7.14,7.33,7.10,7.19,74336648,1056510784.00
2012-02-06,7.20,7.31,7.09,7.18,49953305,708252032.00
2012-02-07,7.11,7.13,7.04,7.08,47809058,670600704.00
2012-02-08,7.11,7.38,7.09,7.35,70191503,1002734144.00
2012-02-09,7.35,7.44,7.30,7.35,51921551,750352256.00
2012-02-10,7.32,7.42,7.17,7.23,47773355,685576512.00
2012-02-13,7.13,7.24,7.03,7.15,52164850,735327296.00
2012-02-14,7.09,7.16,7.06,7.12,36047102,506154624.00
2012-02-15,7.09,7.23,7.01,7.13,65343550,920194624.00
2012-02-16,7.13,7.21,7.03,7.11,44286099,623521152.00
2012-02-17,7.19,7.22,7.05,7.15,33292960,470428928.00
2012-02-20,7.33,7.33,7.07,7.09,63675273,903146304.00
2012-02-21,7.10,7.16,7.03,7.13,31832494,446860000.00
2012-02-22,7.13,7.19,7.03,7.15,68784274,966387968.00
2012-02-23,7.13,7.19,7.10,7.15,49942380,704285632.00
2012-02-24,7.16,7.32,7.13,7.31,85624957,1218914560.00
2012-02-27,7.35,7.37,7.25,7.27,99420332,1427614848.00
2012-03-06,7.07,7.17,6.87,6.99,138121447,1927344512.00
2012-03-07,6.89,7.03,6.88,6.89,49992208,692048192.00
2012-03-08,6.91,7.02,6.91,6.98,40306030,558132928.00
2012-03-09,7.01,7.03,6.89,6.95,52411272,723746304.00
2012-03-12,6.93,6.94,6.75,6.81,71380271,973223680.00
2012-03-13,6.81,6.99,6.81,6.96,50300195,693873792.00
2012-03-14,7.05,7.10,6.77,6.81,78672714,1090587008.00
2012-03-15,6.81,6.95,6.80,6.81,42052763,576063808.00
2012-03-16,6.81,6.88,6.75,6.87,36895827,502932064.00
2012-03-19,6.82,6.87,6.74,6.83,34155477,464924000.00
2012-03-20,6.82,6.82,6.69,6.69,33025400,446032000.00
2012-03-21,6.77,6.79,6.67,6.70,32819612,442911968.00
2012-03-22,6.73,6.91,6.67,6.81,35168666,478130048.00
2012-03-23,6.79,6.87,6.76,6.79,34138684,464493568.00
2012-03-26,6.82,6.92,6.77,6.89,33540999,459025088.00
2012-03-27,6.92,6.93,6.82,6.89,22995577,315227328.00
2012-03-28,6.87,6.89,6.59,6.65,39291430,532534976.00
2012-03-29,6.57,6.63,6.47,6.48,49130736,649343168.00
2012-03-30,6.52,6.63,6.51,6.61,28867304,382610048.00
2012-04-05,6.59,6.62,6.44,6.58,55913928,739041408.00
2012-04-06,6.58,6.60,6.48,6.56,56238193,743031232.00
2012-04-10,6.46,6.55,6.37,6.54,47846122,625332544.00
2012-04-11,6.45,6.57,6.43,6.51,29239550,384859232.00
2012-04-12,6.51,6.73,6.47,6.72,57477754,765251968.00
2012-04-13,6.71,6.76,6.63,6.68,38269937,513798016.00
2012-04-16,6.63,6.66,6.57,6.59,25108638,334034336.00
2012-04-17,6.59,6.62,6.50,6.51,26372854,348420896.00
2012-04-18,6.53,6.72,6.52,6.69,35313467,471901760.00
2012-04-19,6.67,6.83,6.64,6.78,58824039,794091520.00
2012-04-20,6.79,7.05,6.78,7.02,74220530,1026620736.00
2012-04-23,7.01,7.15,6.91,7.01,57990186,808735104.00
2012-04-24,6.97,7.44,6.97,7.15,125912865,1794553856.00
2012-04-25,7.10,7.28,7.09,7.24,69661175,990005376.00
2012-04-26,7.40,7.45,7.15,7.23,87479022,1252957056.00
2012-04-27,7.24,7.35,7.24,7.27,47696854,683421568.00
2012-05-02,7.42,7.52,7.36,7.41,102204331,1488341504.00
2012-05-03,7.41,7.45,7.29,7.33,64621446,932458048.00
2012-05-04,7.32,7.51,7.29,7.49,73713015,1070734272.00
2012-05-07,7.47,7.53,7.42,7.51,66059136,941408064.00
2012-05-08,7.50,7.55,7.43,7.55,55618333,793743872.00
2012-05-09,7.47,7.51,7.30,7.31,55035751,775953600.00
2012-05-10,7.32,7.39,7.23,7.28,39725342,555412992.00
2012-05-11,7.29,7.36,7.22,7.25,36085249,503574848.00
2012-05-14,7.32,7.33,7.16,7.17,51269032,713098368.00
2012-05-15,7.12,7.14,7.02,7.11,40764899,556678720.00
2012-05-16,7.11,7.11,6.91,6.91,46029165,621613312.00
2012-05-17,6.95,7.09,6.91,7.04,38431639,520402304.00
2012-05-18,6.97,6.99,6.88,6.93,36846165,493926496.00
2012-05-21,6.94,7.03,6.91,6.97,26813155,361497440.00
2012-05-22,7.01,7.12,6.98,7.09,32601361,444126784.00
2012-05-23,7.08,7.10,6.93,6.97,32296740,436953888.00
2012-05-24,6.97,7.00,6.82,6.85,46660111,624519552.00
2012-05-25,6.87,6.93,6.80,6.84,28401486,378368416.00
2012-05-28,6.81,6.92,6.80,6.91,38924038,518718752.00
2012-05-29,6.88,7.07,6.83,7.06,64706070,870003392.00
2012-05-30,7.01,7.05,6.86,6.95,65543342,879209216.00
2012-05-31,6.87,6.92,6.85,6.87,34624107,462310848.00
2012-06-01,6.89,6.95,6.83,6.89,42348923,565430272.00
2012-06-04,6.81,6.81,6.67,6.69,52211280,686608704.00
2012-06-05,6.70,6.74,6.63,6.71,32226294,420764352.00
2012-06-06,6.72,6.79,6.68,6.76,32458993,426093120.00
2012-06-07,6.81,6.83,6.66,6.69,28659993,376720576.00
2012-06-08,6.64,6.65,6.37,6.39,92348974,1172880896.00
2012-06-11,6.40,6.44,6.31,6.37,47924893,603949248.00
2012-06-12,6.31,6.50,6.17,6.33,89052253,1113213056.00
2012-06-13,6.37,6.45,6.24,6.39,53617740,673090304.00
2012-06-14,6.34,6.39,6.25,6.27,37795674,473851488.00
2012-06-15,6.31,6.68,6.30,6.61,110094569,1408330880.00
2012-06-18,6.59,6.63,6.54,6.59,40032295,516427456.00
2012-06-19,6.57,6.67,6.50,6.59,47694722,614351680.00
2012-06-20,6.60,6.71,6.57,6.63,36722008,477131296.00
2012-06-21,6.59,6.63,6.47,6.49,26401433,338387136.00
2012-06-25,6.47,6.59,6.43,6.51,40772707,523719200.00
2012-06-26,6.49,6.59,6.45,6.52,27079872,347200032.00
2012-06-27,6.51,6.57,6.45,6.48,20999997,268460608.00
2012-06-28,6.49,6.52,6.39,6.41,20242953,258016832.00
2012-06-29,6.39,6.68,6.39,6.63,39400406,508689920.00
2012-07-02,6.66,6.67,6.56,6.63,25516444,330262976.00
2012-07-03,6.62,6.75,6.60,6.69,32754712,427878112.00
2012-07-04,6.71,6.84,6.66,6.74,30968353,407155488.00
2012-07-05,6.69,6.73,6.56,6.65,34470410,447407136.00
2012-07-06,6.48,6.61,6.44,6.58,51941078,666522624.00
2012-07-09,6.53,6.57,6.28,6.29,44707094,565177600.00
2012-07-10,6.29,6.38,6.24,6.27,27884052,347915712.00
2012-07-11,6.27,6.33,6.25,6.29,25228727,314819040.00
2012-07-12,6.31,6.31,6.07,6.25,87724023,1075819264.00
2012-07-13,6.20,6.35,6.19,6.25,35437935,440184768.00
2012-07-16,6.26,6.27,6.13,6.15,30274296,372149696.00
2012-07-17,6.16,6.22,6.16,6.19,23964095,294945344.00
2012-07-18,6.19,6.19,6.05,6.15,33000369,402920192.00
2012-07-19,6.15,6.21,6.10,6.19,41030945,503927968.00
2012-07-20,6.15,6.15,6.07,6.10,36609307,445908576.00
2012-07-23,6.06,6.06,5.88,5.95,36711268,439656544.00
2012-07-24,5.91,6.01,5.88,5.94,26785000,319888384.00
2012-07-25,5.93,6.03,5.91,5.94,20847133,249856656.00
2012-07-26,5.95,6.01,5.91,5.91,19812950,237405536.00
2012-07-27,5.95,6.19,5.95,6.10,68048965,829684544.00
2012-07-30,6.14,6.31,6.11,6.21,54175593,670854528.00
2012-07-31,6.22,6.36,6.21,6.30,43019367,536925504.00
2012-08-01,6.31,6.35,6.24,6.29,33955565,422312672.00
2012-08-02,6.28,6.37,6.23,6.31,35982219,449195456.00
2012-08-03,6.31,6.33,6.25,6.32,21868721,272340160.00
2012-08-06,6.32,6.35,6.26,6.33,34020669,424973344.00
2012-08-07,6.31,6.33,6.27,6.31,21011235,262199184.00
2012-08-08,6.31,6.43,6.30,6.41,32264491,406990688.00
2012-08-09,6.41,6.46,6.35,6.45,24427646,308722528.00
2012-08-10,6.55,6.61,6.45,6.46,55246493,710238208.00
2012-08-13,6.46,6.53,6.43,6.43,39493540,503386848.00
2012-08-14,6.42,6.51,6.39,6.51,28690295,365002944.00
2012-08-15,6.51,6.51,6.33,6.33,30657970,386600736.00
2012-08-16,6.32,6.35,6.25,6.28,24519001,305337280.00
2012-08-17,6.28,6.38,6.26,6.35,21434343,268448672.00
2012-08-20,6.31,6.35,6.23,6.30,19716963,245214144.00
2012-08-21,6.30,6.34,6.24,6.29,25347214,315906624.00
2012-08-22,6.28,6.30,6.13,6.19,39891355,490531936.00
2012-08-23,6.18,6.23,6.11,6.18,31974220,393076096.00
2012-08-24,6.16,6.18,6.11,6.13,28580908,349640736.00
2012-08-27,6.12,6.12,6.00,6.01,30994838,375110496.00
2012-08-28,6.01,6.21,6.01,6.17,29393552,358383776.00
2012-08-29,6.13,6.20,6.09,6.15,18402056,225392096.00
2012-08-30,6.07,6.25,6.07,6.24,28902520,356757856.00
2012-08-31,6.23,6.29,6.18,6.19,16229812,200906224.00
2012-09-03,6.19,6.21,6.15,6.17,34231484,420789536.00
2012-09-04,6.19,6.19,6.01,6.06,37663306,457878496.00
2012-09-05,6.04,6.05,5.87,5.94,48702522,579991872.00
2012-09-06,5.94,6.00,5.88,5.98,38804295,463161600.00
2012-09-07,6.03,6.35,5.99,6.21,92037051,1133919232.00
2012-09-10,6.19,6.23,6.12,6.15,47037722,577369408.00
2012-09-11,6.13,6.14,6.05,6.11,32624417,397011744.00
2012-09-12,6.15,6.20,6.05,6.13,25650100,313435168.00
2012-09-13,6.13,6.13,6.05,6.07,20168530,245388400.00
2012-09-14,6.10,6.18,6.06,6.14,41111141,502327840.00
2012-09-17,6.11,6.12,5.97,6.00,32524777,393943104.00
2012-09-18,5.98,6.00,5.91,5.95,25396387,303867040.00
2012-09-19,5.93,5.99,5.91,5.96,23631881,282131456.00
2012-09-20,5.92,5.95,5.82,5.84,34559078,410030880.00
2012-09-21,5.83,5.87,5.79,5.81,25872651,304537792.00
2012-09-24,5.79,5.85,5.71,5.79,28415521,331828992.00
2012-09-25,5.79,5.83,5.74,5.75,15528786,181455504.00
2012-09-26,5.75,5.80,5.71,5.75,17832574,207850960.00
2012-09-27,5.75,6.08,5.75,5.91,39791284,473981984.00
2012-09-28,5.89,6.01,5.86,5.99,38397517,457807936.00
2012-10-08,5.99,6.03,5.89,5.93,19819964,237083360.00
2012-10-09,5.97,6.12,5.95,6.06,36782794,445888128.00
2012-10-10,6.05,6.07,6.01,6.05,20690415,250104592.00
2012-10-11,6.03,6.09,5.99,6.05,26102691,315911360.00
2012-10-12,6.07,6.20,6.07,6.12,44323552,542935808.00
2012-10-15,6.13,6.15,6.04,6.10,17687367,215350112.00
2012-10-16,6.11,6.21,6.10,6.17,33680545,413881440.00
2012-10-17,6.19,6.25,6.16,6.21,27213504,335747456.00
2012-10-18,6.23,6.31,6.21,6.29,36196949,450285856.00
2012-10-19,6.28,6.31,6.25,6.27,20237070,251765344.00
2012-10-22,6.24,6.41,6.22,6.37,32233875,403364672.00
2012-10-23,6.35,6.39,6.23,6.24,27632830,344748544.00
2012-10-24,6.21,6.29,6.19,6.23,19193287,238274224.00
2012-10-25,6.25,6.29,6.18,6.19,16604923,205481600.00
2012-10-26,6.21,6.23,6.07,6.11,29298296,357883968.00
2012-10-29,6.07,6.18,6.03,6.11,22872149,278154208.00
2012-10-30,6.11,6.16,6.01,6.14,25378325,308775616.00
2012-10-31,6.21,6.29,6.17,6.25,53080816,657828992.00
2012-11-01,6.27,6.50,6.25,6.41,63292957,800233088.00
2012-11-02,6.43,6.49,6.39,6.47,36838455,467312544.00
2012-11-05,6.47,6.57,6.46,6.52,59736117,765479488.00
2012-11-06,6.53,6.53,6.37,6.45,44384966,562176064.00
2012-11-07,6.45,6.50,6.41,6.44,28457300,361452832.00
2012-11-08,6.38,6.43,6.31,6.32,28342746,356745344.00
2012-11-09,6.33,6.39,6.30,6.37,21126177,265238048.00
2012-11-12,6.41,6.57,6.39,6.51,60076519,766810240.00
2012-11-13,6.50,6.51,6.32,6.33,33701609,425001216.00
2012-11-14,6.35,6.41,6.33,6.39,20583598,259008832.00
2012-11-15,6.35,6.37,6.27,6.28,20853271,260813536.00
2012-11-16,6.27,6.30,6.17,6.20,24894513,307553344.00
2012-11-19,6.20,6.25,6.16,6.23,29521191,363759744.00
2012-11-20,6.27,6.31,6.15,6.18,29525402,364952640.00
2012-11-21,6.16,6.31,6.13,6.31,31847204,394083520.00
2012-11-22,6.26,6.29,6.21,6.25,20426358,253270320.00
2012-11-23,6.29,6.41,6.26,6.35,34348069,431756800.00
2012-11-26,6.35,6.37,6.30,6.35,24316030,304852576.00
2012-11-27,6.31,6.45,6.31,6.37,42544828,537079488.00
2012-11-28,6.35,6.46,6.33,6.37,38509985,486210688.00
2012-11-29,6.37,6.45,6.34,6.35,27299901,344214624.00
2012-11-30,6.29,6.43,6.25,6.42,39047367,490453216.00
2012-12-03,6.41,6.43,6.28,6.29,53977022,677015296.00
2012-12-04,6.25,6.47,6.25,6.45,48761273,612943232.00
2012-12-05,6.48,7.00,6.48,6.97,190074830,2527162624.00
2012-12-06,6.92,7.21,6.92,7.05,125209353,1709429504.00
2012-12-07,7.09,7.38,7.04,7.37,173243266,2413262848.00
2012-12-10,7.43,7.49,7.34,7.43,146303204,2072786304.00
2012-12-11,7.38,7.47,7.32,7.34,63178690,891578496.00
2012-12-12,7.38,7.54,7.33,7.42,71919948,1019705856.00
2012-12-13,7.37,7.43,7.25,7.27,56706711,797227648.00
2012-12-14,7.26,8.19,7.26,8.11,170600782,2504201984.00
2012-12-17,8.29,8.33,8.08,8.18,125736745,1930287232.00
2012-12-18,8.16,8.43,8.09,8.20,113038006,1745852800.00
2012-12-19,8.18,8.36,8.12,8.21,73247335,1125955456.00
2012-12-20,8.11,8.19,7.95,8.14,93277746,1414730240.00
2012-12-21,8.15,8.24,7.99,8.14,73989234,1122825728.00
2012-12-24,8.11,8.50,8.10,8.28,81032476,1257335296.00
2012-12-25,8.23,8.93,8.19,8.89,124936133,2001189632.00
2012-12-26,8.84,8.91,8.75,8.85,77624007,1262112256.00
2012-12-27,8.89,8.97,8.64,8.69,84449409,1364738304.00
2012-12-28,8.69,8.97,8.67,8.88,77648681,1265665664.00
2012-12-31,8.91,9.21,8.91,9.11,87142724,1449758464.00
2013-01-04,9.32,9.50,9.01,9.17,118790532,2006566016.00
2013-01-07,9.17,9.71,9.01,9.55,122506485,2112016768.00
2013-01-08,9.55,9.61,9.18,9.33,106055941,1805135104.00
2013-01-09,9.28,9.36,9.05,9.17,88960832,1498709632.00
2013-01-10,9.29,9.36,9.07,9.13,90211074,1518584320.00
2013-01-11,9.18,9.21,8.72,8.83,114170383,1879810432.00
2013-01-14,8.81,9.59,8.81,9.49,148221179,2509223680.00
2013-01-15,9.51,9.65,9.45,9.51,79347796,1376045696.00
2013-01-16,9.51,9.55,9.11,9.30,100445686,1704523392.00
2013-01-17,9.23,9.41,9.06,9.34,94651000,1595496832.00
2013-01-18,9.38,9.70,9.24,9.52,112496066,1937351424.00
2013-01-21,9.59,10.11,9.45,10.01,134810006,2392954112.00
2013-01-22,9.95,10.41,9.83,10.03,123958294,2258965760.00
2013-01-23,9.95,10.24,9.92,10.21,61294806,1113150080.00
2013-01-24,10.21,10.81,10.03,10.24,146212501,2739725312.00
2013-01-25,10.25,10.41,10.01,10.20,68433140,1252506752.00
2013-01-28,10.43,11.17,10.38,11.13,157971308,3040898048.00
2013-01-29,11.17,11.45,10.93,11.36,132316325,2620975104.00
2013-01-30,11.29,11.38,11.09,11.25,113941129,2265638912.00
2013-01-31,11.25,11.41,11.08,11.26,72755913,1440695680.00
2013-02-01,11.27,11.81,11.11,11.75,113874551,2315697152.00
2013-02-04,11.90,12.30,11.59,11.74,120252399,2514083584.00
2013-02-05,11.53,11.75,11.27,11.53,95056004,1927748224.00
2013-02-06,11.53,11.91,11.41,11.73,79303575,1629690496.00
2013-02-07,11.66,11.67,10.85,11.18,167489013,3319824896.00
2013-02-08,11.10,11.23,10.71,11.05,109392195,2135251328.00
2013-02-18,11.13,11.37,10.95,11.11,81899621,1628060672.00
2013-02-19,11.09,11.28,10.93,11.02,59455422,1167947392.00
2013-02-20,11.05,11.05,10.33,10.73,110382973,2091698304.00
2013-02-21,10.51,10.51,9.78,10.00,180058850,3277494272.00
2013-02-22,9.98,10.10,9.65,9.73,90576077,1619710592.00
2013-02-25,9.81,10.17,9.81,10.01,78469673,1419353856.00
2013-02-26,9.91,10.70,9.87,10.16,167368473,3112250112.00
2013-02-27,10.19,10.77,10.19,10.59,116197193,2191095808.00
2013-02-28,10.83,11.25,10.59,11.23,176403602,3426628608.00
2013-03-01,11.28,11.51,10.99,11.42,167518280,3349220864.00
2013-03-04,11.00,11.01,10.07,10.21,207091532,3894780160.00
2013-03-05,10.21,11.43,10.21,11.42,176221671,3400344320.00
2013-03-06,11.53,11.80,11.33,11.69,140656085,2873901056.00
2013-03-07,11.51,11.67,11.00,11.27,141132221,2834575872.00
2013-03-08,11.29,11.46,11.05,11.12,93210438,1850956160.00
2013-03-11,11.12,11.12,10.52,10.71,77582893,1489587968.00
2013-03-12,10.71,10.83,10.18,10.35,101649576,1897958528.00
2013-03-13,10.34,10.57,10.25,10.33,77121556,1432794624.00
2013-03-14,10.33,10.55,10.13,10.34,61343062,1140901376.00
2013-03-15,10.35,11.19,10.24,10.45,172709470,3291284480.00
2013-03-18,10.45,10.78,10.28,10.31,108577281,2042337536.00
2013-03-19,10.34,10.65,10.22,10.57,91608115,1714017152.00
2013-03-20,10.59,11.39,10.59,11.37,193662216,3812480768.00
2013-03-21,11.39,11.57,11.25,11.36,107572724,2165312000.00
2013-03-22,11.35,11.68,11.32,11.47,69860425,1416917376.00
2013-03-25,11.58,11.75,11.27,11.35,72206022,1460861824.00
2013-03-26,11.21,11.26,10.90,11.03,96212515,1883530752.00
2013-03-27,11.06,11.37,10.97,11.22,77895938,1543550592.00
2013-03-28,9.91,10.22,9.89,9.89,365744991,6575040512.00
2013-03-29,9.71,9.77,9.35,9.51,198039999,3421679360.00
2013-04-01,9.47,9.65,9.44,9.45,79009896,1369439232.00
2013-04-02,9.51,9.61,9.09,9.21,110497168,1881364480.00
2013-04-03,9.27,9.51,9.26,9.41,99152211,1695990272.00
2013-04-08,9.18,9.49,9.10,9.49,79410437,1348364160.00
2013-04-09,9.51,9.81,9.45,9.56,74993570,1309935488.00
2013-04-10,9.57,9.62,9.35,9.49,55599933,958306752.00
2013-04-11,9.61,9.78,9.61,9.75,99347924,1749516160.00
2013-04-12,9.68,9.95,9.66,9.77,78594588,1397916416.00
2013-04-15,9.71,9.84,9.51,9.70,45511857,798083456.00
2013-04-16,9.61,9.63,9.12,9.51,116775149,1993546752.00
2013-04-17,9.38,9.45,9.16,9.31,68945194,1170325248.00
2013-04-18,8.99,9.53,8.85,9.45,103824667,1742879488.00
2013-04-19,9.45,10.25,9.43,10.11,148872193,2661323008.00
2013-04-22,10.05,10.38,10.05,10.36,98478381,1808010752.00
2013-04-23,10.65,10.65,10.09,10.13,147011204,2717467392.00
2013-04-24,10.17,10.63,9.85,10.38,135222796,2489790720.00
2013-04-25,10.30,10.39,9.98,10.13,78849251,1441000448.00
2013-04-26,10.25,10.41,10.04,10.09,71264377,1309559936.00
2013-05-02,9.97,10.13,9.87,10.12,54075922,976367168.00
2013-05-03,10.18,10.71,10.16,10.39,104656628,1961306368.00
2013-05-06,10.47,10.67,10.34,10.49,65602534,1234432896.00
2013-05-07,10.42,10.44,10.17,10.31,67798394,1251681792.00
2013-05-08,10.41,10.57,10.16,10.26,86846921,1611382528.00
2013-05-09,10.26,10.29,9.99,10.13,67250939,1225504256.00
2013-05-10,10.10,10.23,10.02,10.15,59999418,1092392704.00
2013-05-13,10.15,10.21,9.92,9.95,81302905,1466307328.00
2013-05-14,9.95,10.00,9.79,9.91,66992617,1198724480.00
2013-05-15,9.95,10.02,9.81,9.89,52897176,946749120.00
2013-05-16,9.89,10.15,9.48,10.05,149950056,2660964096.00
2013-05-17,9.98,10.09,9.79,9.99,110888202,1996266496.00
2013-05-20,10.03,10.53,10.03,10.36,120764674,2236171264.00
2013-05-21,10.31,10.42,10.15,10.29,63483384,1170566144.00
2013-05-22,10.29,10.50,10.25,10.47,70853000,1316019200.00
2013-05-23,10.38,10.51,10.18,10.21,70431000,1307737984.00
2013-05-24,10.22,10.41,10.16,10.27,51315244,947820096.00
2013-05-27,10.25,10.33,10.15,10.18,57200831,1049283328.00
2013-05-28,10.17,10.56,10.11,10.47,99408093,1841293184.00
2013-05-29,10.51,10.69,10.45,10.47,98728280,1861276032.00
2013-05-30,10.39,10.53,10.33,10.43,59357631,1109455872.00
2013-05-31,10.47,10.57,10.31,10.34,57716289,1078967040.00
2013-06-03,10.37,10.41,10.19,10.25,45671791,844382080.00
2013-06-04,10.26,10.36,10.19,10.22,46205669,850127168.00
2013-06-05,10.20,10.23,9.78,9.90,91285928,1641966464.00
2013-06-06,9.80,9.80,9.51,9.54,93373144,1628875776.00
2013-06-07,9.54,9.62,9.27,9.34,75305387,1291115136.00
2013-06-13,9.16,9.16,8.89,8.95,98643734,1623141760.00
2013-06-14,8.98,9.02,8.91,8.97,66040679,1088019584.00
2013-06-17,9.03,9.06,8.81,8.87,54573835,895033408.00
2013-06-18,8.94,9.14,8.94,9.07,62582027,1040059520.00
2013-06-19,8.98,8.98,8.75,8.79,84271176,1370388864.00
2013-06-20,8.71,8.72,8.31,8.39,108146569,1712602496.00
2013-06-21,8.21,8.40,8.05,8.27,92962454,1431851904.00
2013-06-24,8.19,8.19,7.24,7.24,230190891,3266633984.00
2013-06-25,7.02,7.30,6.52,7.27,200476604,2687083008.00
2013-06-26,7.40,7.42,7.11,7.25,123876577,1721986944.00
2013-06-27,7.31,7.49,7.28,7.40,101519584,1431323264.00
2013-06-28,7.37,7.91,7.31,7.83,104153563,1518553216.00
2013-07-01,7.77,7.89,7.51,7.72,62833322,917622784.00
2013-07-02,7.72,7.76,7.33,7.50,90398571,1286888448.00
2013-07-03,7.46,7.54,7.23,7.38,81409644,734214016.00
2013-07-04,7.32,7.71,7.12,7.49,113315066,1032661632.00
2013-07-05,7.55,7.81,7.54,7.66,80791531,753318080.00
2013-07-08,7.49,7.71,7.39,7.45,76304356,700922496.00
2013-07-09,7.51,7.59,7.46,7.49,58974854,540583168.00
2013-07-10,7.53,7.84,7.52,7.81,81554354,760009600.00
2013-07-11,8.16,8.76,8.08,8.76,365933009,3729231104.00
2013-07-12,8.76,8.83,8.37,8.43,226272539,2328675584.00
2013-07-15,8.47,8.87,8.38,8.62,127122012,1305059456.00
2013-07-16,8.54,8.68,8.40,8.63,89531995,908633088.00
2013-07-17,8.56,8.66,8.40,8.46,83856549,853004032.00
2013-07-18,8.44,8.48,8.01,8.05,138495694,1360224256.00
2013-07-19,8.03,8.12,7.71,7.73,114368920,1093518208.00
2013-07-22,7.54,7.75,7.44,7.66,118050617,1089241984.00
2013-07-23,7.74,8.24,7.61,8.00,125970386,1212601472.00
2013-07-24,7.86,7.94,7.61,7.75,108360590,1017064512.00
2013-07-25,7.81,7.91,7.67,7.74,69381581,654650304.00
2013-07-26,7.68,7.77,7.61,7.70,48087401,449149984.00
2013-07-29,7.54,7.55,7.30,7.49,112495227,1018038144.00
2013-07-30,7.46,7.79,7.43,7.53,83916558,775021632.00
2013-07-31,7.62,7.81,7.41,7.42,74869122,687814656.00
2013-08-01,7.49,7.67,7.43,7.63,80188098,738608704.00
2013-08-02,7.73,7.79,7.56,7.59,77234214,720646336.00
2013-08-05,7.61,7.75,7.54,7.74,65820663,611346304.00
2013-08-06,7.67,7.79,7.57,7.70,72886031,678524864.00
2013-08-07,7.68,7.86,7.68,7.69,72324530,679786304.00
2013-08-08,7.67,7.76,7.58,7.63,65582381,609810112.00
2013-08-09,7.72,7.76,7.54,7.66,75252040,699637376.00
2013-08-12,7.72,8.34,7.70,8.24,226460032,2201153536.00
2013-08-13,8.28,8.74,8.26,8.68,269349228,2720636672.00
2013-08-14,8.69,8.92,8.53,8.59,184000748,1910221952.00
2013-08-15,8.52,8.67,8.38,8.42,98406426,1000467392.00
2013-08-16,8.34,9.43,8.27,8.57,305088621,3182198272.00
2013-08-19,8.38,9.01,8.38,8.92,186120711,1929573120.00
2013-08-20,8.83,9.41,8.81,9.10,217908312,2350768896.00
2013-08-21,9.16,9.25,8.70,8.95,138236346,1462161920.00
2013-08-22,8.91,9.25,8.84,8.96,100567107,1077080704.00
2013-08-23,9.04,9.12,8.52,8.75,124619025,1301077248.00
2013-08-26,8.77,9.10,8.71,9.03,110434993,1170556544.00
2013-08-27,9.02,9.20,8.90,9.07,83306247,890913984.00
2013-08-28,8.93,9.08,8.85,8.96,96943417,1027286144.00
2013-08-29,9.11,9.26,8.93,9.00,76618051,819818432.00
2013-08-30,9.00,9.14,8.84,8.98,78530443,834517952.00
2013-09-02,9.06,9.18,8.93,9.08,87166812,934257280.00
2013-09-03,9.18,9.61,9.10,9.60,195601620,2164413440.00
2013-09-04,9.61,9.89,9.59,9.61,143085127,1628939520.00
2013-09-05,9.59,9.68,9.51,9.56,56588149,635285632.00
2013-09-06,9.52,9.90,9.48,9.77,90693217,1028437952.00
2013-09-09,9.92,10.91,9.92,10.91,354041504,4340513792.00
2013-09-10,10.96,11.00,10.46,10.77,285523895,3526052608.00
2013-09-11,10.78,11.09,10.59,10.67,190722179,2380798720.00
2013-09-12,10.58,11.62,10.41,11.05,313811339,3970493440.00
2013-09-13,10.95,11.08,10.51,10.65,150163988,1867780480.00
2013-09-16,10.81,10.92,10.33,10.54,179110319,2185192448.00
2013-09-17,10.54,10.73,10.21,10.23,131484404,1589240960.00
2013-09-18,10.22,10.44,10.06,10.17,106251308,1260960896.00
2013-09-23,10.26,10.36,9.96,10.23,118013916,1392454400.00
2013-09-24,10.21,10.22,9.62,9.81,159768222,1828857856.00
2013-09-25,9.79,10.00,9.63,9.67,88081010,1005846272.00
2013-09-26,9.66,9.67,9.37,9.49,122429663,1356306816.00
2013-09-27,9.48,9.60,9.40,9.55,65696033,732310976.00
2013-09-30,9.65,9.74,9.48,9.53,57467500,644110208.00
2013-10-08,9.49,9.71,9.18,9.61,92326386,1028576512.00
2013-10-09,9.62,10.25,9.56,9.94,111808439,1293466496.00
2013-10-10,10.01,10.04,9.52,9.57,91944201,1045991488.00
2013-10-11,9.69,10.10,9.64,9.97,115427449,1331328128.00
2013-10-14,9.97,9.97,9.73,9.80,65295674,747643712.00
2013-10-15,9.81,9.83,9.51,9.57,71989054,809238912.00
2013-10-16,9.56,9.56,9.33,9.46,87065320,963238720.00
2013-10-17,9.58,9.63,9.38,9.43,50598070,561111680.00
2013-10-18,9.44,9.70,9.41,9.53,50290475,564285504.00
2013-10-21,9.54,9.74,9.39,9.70,69750635,782908032.00
2013-10-22,9.66,9.67,9.51,9.56,51036454,571825728.00
2013-10-23,9.63,10.16,9.57,9.76,141875621,1635822080.00
2013-10-24,9.74,10.01,9.54,9.72,100812997,1154692736.00
2013-10-25,9.74,10.15,9.74,10.01,140558413,1635218688.00
2013-10-28,10.07,10.10,9.78,9.90,71948915,831462080.00
2013-10-29,10.01,10.68,9.98,10.45,252597994,3029804800.00
2013-10-30,10.36,10.53,10.19,10.51,162551238,1956649600.00
2013-10-31,10.36,10.47,10.03,10.12,120137507,1422903424.00
2013-11-01,10.13,10.33,9.97,10.28,83146837,982663872.00
2013-11-04,10.34,10.44,10.05,10.08,70342016,833465600.00
2013-11-05,9.98,9.98,9.58,9.85,123332079,1406552704.00
2013-11-06,9.62,9.69,9.45,9.55,129508625,1451688704.00
2013-11-07,9.56,9.67,9.50,9.57,68775708,770260416.00
2013-11-08,9.49,9.60,9.40,9.45,66449080,739652032.00
2013-11-11,9.46,9.53,9.39,9.43,59553268,661222144.00
2013-11-12,9.50,9.69,9.44,9.65,83894696,943957824.00
2013-11-13,9.50,9.54,9.26,9.27,95889433,1056766976.00
2013-11-14,9.23,9.33,8.87,9.00,118360832,1263529856.00
2013-11-15,9.02,9.39,9.02,9.27,98237197,1071104320.00
2013-11-18,9.29,9.81,9.16,9.79,175149019,1951342592.00
2013-11-19,9.79,9.81,9.52,9.57,103669464,1168347776.00
2013-11-20,9.70,9.75,9.44,9.53,101820015,1138509312.00
2013-11-21,9.44,9.45,9.13,9.37,129132933,1408267136.00
2013-11-22,9.37,9.40,9.13,9.17,107306308,1164864768.00
2013-11-25,9.13,9.31,9.00,9.09,71328629,768156992.00
2013-11-26,9.11,9.20,9.02,9.08,52240225,560338624.00
2013-11-27,9.01,9.26,8.98,9.12,92206622,991527872.00
2013-11-28,9.15,9.36,9.11,9.20,103222823,1123517568.00
2013-11-29,9.31,9.34,9.04,9.06,114516422,1235865216.00
2013-12-02,9.11,9.33,8.98,9.21,156705499,1695150976.00
2013-12-03,9.14,9.22,9.02,9.15,105269717,1130746368.00
2013-12-04,9.17,9.39,9.08,9.32,165835068,1810831488.00
2013-12-05,9.31,9.35,9.19,9.23,81400830,886375040.00
2013-12-06,9.22,9.22,9.08,9.15,63600963,685480704.00
2013-12-09,9.16,9.21,9.03,9.07,78630407,843783296.00
2013-12-10,9.12,9.15,9.05,9.09,47614183,511051264.00
2013-12-11,9.05,9.06,8.79,8.82,100706746,1060826240.00
2013-12-12,8.76,8.85,8.74,8.76,54228316,565519360.00
2013-12-13,8.67,8.81,8.65,8.75,53512427,554470656.00
2013-12-16,8.75,8.83,8.62,8.66,71509329,740493824.00
2013-12-17,8.70,8.70,8.56,8.57,59008648,605712768.00
2013-12-18,8.58,8.74,8.57,8.67,45110772,464398464.00
2013-12-19,8.72,8.76,8.46,8.48,71859366,734662784.00
2013-12-20,8.49,8.52,8.08,8.15,106760068,1061688384.00
2013-12-23,8.18,8.28,8.09,8.14,63521466,624223936.00
2013-12-24,8.19,8.30,8.06,8.15,60661627,596751104.00
2013-12-25,8.17,8.25,8.09,8.18,58485195,572759168.00
2013-12-26,8.18,8.18,8.00,8.03,51406745,499555072.00
2013-12-27,8.06,8.34,8.04,8.29,73207656,720076480.00
2013-12-30,8.35,8.39,8.22,8.24,65897603,653019328.00
2013-12-31,8.24,8.61,8.21,8.50,96270099,971231232.00
2014-01-02,8.44,8.45,8.29,8.34,72789232,726735296.00
2014-01-03,8.28,8.30,8.07,8.09,77898480,761067904.00
2014-01-06,8.12,8.15,7.89,8.02,88880972,856262592.00
2014-01-07,7.97,8.07,7.89,7.98,43191298,415153216.00
2014-01-08,8.00,8.13,7.96,8.05,52183116,504730560.00
2014-01-09,8.05,8.24,8.01,8.09,63526501,620524992.00
2014-01-10,8.09,8.18,8.00,8.11,51809991,504198272.00
2014-01-13,8.12,8.16,8.05,8.08,42658276,415166624.00
2014-01-14,8.07,8.18,8.04,8.12,46028968,447747680.00
2014-01-15,8.12,8.13,7.94,7.99,47500673,458767040.00
2014-01-16,8.01,8.01,7.86,7.87,89681205,856869568.00
2014-01-17,7.85,7.86,7.66,7.67,63774251,598016128.00
2014-01-20,7.64,7.72,7.49,7.57,54767092,506024576.00
2014-01-21,7.58,7.73,7.58,7.65,39795626,370236384.00
2014-01-22,7.68,7.99,7.65,7.92,75891856,720136064.00
2014-01-23,7.90,7.91,7.74,7.77,55814379,526755744.00
2014-01-24,7.73,7.84,7.68,7.75,70026283,658676864.00
2014-01-27,7.68,7.72,7.56,7.58,69871638,648081088.00
2014-01-28,7.62,7.79,7.60,7.78,52755732,492895520.00
2014-01-29,7.81,7.92,7.76,7.86,59249276,562421632.00
2014-01-30,7.83,7.83,7.69,7.71,43287412,407086144.00
2014-02-07,7.68,7.71,7.61,7.71,42620973,395806784.00
2014-02-10,7.75,7.89,7.74,7.84,64325232,609886784.00
2014-02-11,7.84,8.30,7.77,8.13,148629178,1447173504.00
2014-02-12,8.10,8.27,8.06,8.08,84295648,823377088.00
2014-02-13,8.03,8.48,8.01,8.32,179768070,1783235328.00
2014-02-14,8.27,8.32,8.17,8.24,74267411,732588480.00
2014-02-17,8.29,8.34,8.04,8.14,110363537,1076784896.00
2014-02-18,8.11,8.12,7.82,7.85,107602764,1030333888.00
2014-02-19,7.84,8.19,7.81,8.13,160991915,1554641664.00
2014-02-20,8.08,8.24,7.89,7.91,116384466,1127998208.00
2014-02-21,7.91,7.95,7.76,7.83,76178785,722487104.00
2014-02-24,7.73,7.74,7.45,7.48,144446598,1322797056.00
2014-02-25,7.49,7.58,7.32,7.36,92604981,842851072.00
2014-02-26,7.36,7.50,7.33,7.44,69679793,629633984.00
2014-02-27,7.48,7.60,7.35,7.53,99810859,911521920.00
2014-02-28,7.48,7.54,7.38,7.48,63035311,573885696.00
2014-03-03,7.47,7.47,7.39,7.43,60057157,544307456.00
2014-03-04,7.40,7.56,7.35,7.52,74130358,671502400.00
2014-03-05,7.50,7.54,7.39,7.41,46201040,419937280.00
2014-03-06,7.39,7.53,7.35,7.47,72154129,655246464.00
2014-03-07,7.44,7.54,7.38,7.39,76364712,694886016.00
2014-03-10,7.34,7.34,6.97,7.01,130034053,1144560000.00
2014-03-11,7.02,7.14,6.96,7.01,68571395,594880640.00
2014-03-12,7.01,7.30,6.99,7.23,97332031,855289792.00
2014-03-13,7.32,7.50,7.26,7.32,99381667,895298368.00
2014-03-14,7.27,7.34,7.17,7.29,65629097,582444096.00
2014-03-17,7.41,7.44,7.28,7.34,45101037,404523040.00
2014-03-18,7.36,7.37,7.24,7.26,42484191,379704128.00
2014-03-19,7.22,7.23,7.08,7.19,55908169,490414720.00
2014-03-20,7.18,7.44,7.15,7.25,100697587,903533120.00
2014-03-21,7.24,7.94,7.21,7.84,247149398,2295523072.00
2014-03-24,7.89,8.10,7.77,7.94,190922357,1831916288.00
2014-03-25,7.92,7.98,7.70,7.75,120525915,1140180480.00
2014-03-26,7.77,7.84,7.68,7.73,51386068,482223232.00
2014-03-27,7.72,8.03,7.66,7.83,117855728,1118390016.00
2014-03-28,7.80,8.07,7.77,7.94,115018810,1102764544.00
2014-03-31,7.96,8.02,7.74,7.88,85561572,813201600.00
2014-04-01,7.70,7.81,7.64,7.74,111118616,1037965696.00
2014-04-02,7.74,7.93,7.70,7.85,83313596,788107200.00
2014-04-03,7.91,7.94,7.68,7.74,80428477,761104640.00
2014-04-04,7.67,7.95,7.66,7.94,89127260,845676544.00
2014-04-08,8.02,8.86,8.02,8.71,436417241,4430930432.00
2014-04-09,8.66,8.72,8.56,8.65,174643811,1794205696.00
2014-04-10,8.66,8.90,8.49,8.68,219530087,2261431552.00
2014-04-11,8.60,8.85,8.53,8.77,169345888,1755166336.00
2014-04-14,8.74,8.80,8.56,8.65,87386790,899101952.00
2014-04-15,8.59,8.61,8.33,8.34,143295181,1440213248.00
2014-04-16,8.30,8.48,8.25,8.39,91479459,914532032.00
2014-04-17,8.51,8.55,8.34,8.38,80813066,813849280.00
2014-04-18,8.31,8.45,8.22,8.44,71340498,713040192.00
2014-04-21,8.38,8.57,8.26,8.26,89519331,902960704.00
2014-04-22,8.25,8.62,8.22,8.59,136756345,1379237632.00
2014-04-23,8.54,8.82,8.50,8.62,156705694,1617679872.00
2014-04-24,8.64,8.80,8.57,8.58,77904758,803201536.00
2014-04-25,8.60,8.81,8.53,8.58,84649824,871377792.00
2014-04-28,8.56,8.64,8.29,8.33,100447943,1005642496.00
2014-04-29,8.39,8.55,8.37,8.49,76059148,767889408.00
2014-04-30,8.51,8.63,8.48,8.53,62112310,633638656.00
2014-05-05,8.51,8.52,8.27,8.38,82299238,823073984.00
2014-05-06,8.36,8.45,8.29,8.32,46358334,463431456.00
2014-05-07,8.32,8.33,8.16,8.17,66763711,659808320.00
2014-05-08,8.17,8.38,8.14,8.19,63086253,623527104.00
2014-05-09,8.22,8.28,8.18,8.23,47527838,469113760.00
2014-05-12,8.31,8.45,8.22,8.38,88635043,886139328.00
2014-05-13,8.38,8.40,8.30,8.34,42630970,425968480.00
2014-05-14,8.37,8.46,8.31,8.37,42604278,427414048.00
2014-05-15,8.36,8.42,8.32,8.33,47056329,471269920.00
2014-05-16,8.32,8.42,8.30,8.33,53629652,536205120.00
2014-05-19,8.27,8.27,7.99,8.05,108901642,1057564288.00
2014-05-20,8.10,8.13,7.97,8.03,46415071,449324736.00
2014-05-21,8.01,8.16,7.94,8.14,43261381,419811936.00
2014-05-22,8.11,8.33,8.08,8.15,61185638,603106752.00
2014-05-23,8.15,8.24,8.12,8.24,40657918,399423808.00
2014-05-26,8.33,8.34,8.18,8.25,39424155,390745152.00
2014-05-27,8.24,8.26,8.14,8.18,36066411,355256512.00
2014-05-28,8.16,8.32,8.14,8.30,51831751,511631616.00
2014-05-29,8.29,8.39,8.22,8.22,50497289,502929536.00
2014-05-30,8.24,8.26,8.17,8.19,44148763,434585984.00
2014-06-03,8.20,8.30,8.15,8.16,41737071,411059936.00
2014-06-04,8.17,8.19,8.03,8.08,44376303,430812000.00
2014-06-05,8.07,8.22,8.05,8.21,30709189,300181088.00
2014-06-06,8.22,8.22,8.04,8.09,41183192,401390144.00
2014-06-09,8.06,8.28,8.02,8.15,51377721,504388448.00
2014-06-10,8.20,8.31,8.18,8.30,64114154,634474496.00
2014-06-11,8.26,8.31,8.21,8.26,42929038,424671232.00
2014-06-12,8.27,8.32,8.24,8.24,53441079,530086784.00
2014-06-13,8.38,8.57,8.28,8.47,153630203,1548020608.00
2014-06-16,8.45,8.70,8.42,8.63,166084293,1695806592.00
2014-06-17,8.58,8.59,8.44,8.48,70997056,720208512.00
2014-06-18,8.48,8.49,8.37,8.40,49897339,501937824.00
2014-06-19,8.42,8.45,8.19,8.23,64090028,637828416.00
2014-06-20,8.23,8.34,8.21,8.33,42764100,424187968.00
2014-06-23,8.33,8.36,8.24,8.26,45831442,455301056.00
2014-06-24,8.28,8.34,8.23,8.29,39205135,389658432.00
2014-06-25,8.30,8.30,8.18,8.22,46465442,458029760.00
2014-06-26,8.23,8.31,8.23,8.29,31118619,308659008.00
2014-06-27,8.29,8.33,8.27,8.30,36957770,367120896.00
2014-06-30,8.33,8.44,8.29,8.39,43663378,437384160.00
2014-07-01,8.45,8.47,8.34,8.37,29642506,296949504.00
2014-07-02,8.37,8.44,8.34,8.42,30401068,304882592.00
2014-07-03,8.42,8.44,8.36,8.41,49805005,500240832.00
2014-07-04,8.40,8.42,8.35,8.38,37162201,372292288.00
2014-07-07,8.37,8.42,8.33,8.39,34660992,347033696.00
2014-07-08,8.37,8.38,8.28,8.34,47264188,470702784.00
2014-07-09,8.32,8.33,8.15,8.18,69143159,682160704.00
2014-07-10,8.18,8.21,8.13,8.16,42992425,421209056.00
2014-07-11,8.15,8.23,8.15,8.19,41389974,407309888.00
2014-07-14,8.22,8.23,8.16,8.21,58002326,570220736.00
2014-07-15,8.21,8.33,8.19,8.29,69888437,692407168.00
2014-07-16,8.26,8.30,8.23,8.27,73518033,727893312.00
2014-07-17,8.27,8.28,8.19,8.23,48496880,478533216.00
2014-07-18,8.25,8.38,8.25,8.33,87789264,835307392.00
2014-07-21,8.34,8.36,8.27,8.30,40228811,381305632.00
2014-07-22,8.28,8.61,8.26,8.49,129920565,1255050240.00
2014-07-23,8.51,8.64,8.48,8.53,81650491,796145280.00
2014-07-24,8.57,9.16,8.57,9.06,286461616,2896746752.00
2014-07-25,9.09,9.22,8.99,9.15,136834642,1407350784.00
2014-07-28,9.20,9.82,9.20,9.73,288438329,3107927040.00
2014-07-29,9.79,9.89,9.67,9.77,179011284,1961139072.00
2014-07-30,9.89,10.04,9.67,9.74,149717075,1649030400.00
2014-07-31,9.71,9.90,9.63,9.89,105598019,1153926144.00
2014-08-01,9.87,10.05,9.73,9.74,155797386,1725677312.00
2014-08-04,9.77,10.00,9.66,9.92,175787341,1933035392.00
2014-08-05,9.93,9.98,9.63,9.69,160637489,1755365632.00
2014-08-06,9.63,9.63,9.32,9.48,183858211,1954400000.00
2014-08-07,9.47,9.53,9.34,9.36,93196475,987337472.00
2014-08-08,9.35,9.46,9.32,9.38,85283067,901059072.00
2014-08-11,9.43,9.57,9.42,9.53,106769751,1142143616.00
2014-08-12,9.50,9.51,9.32,9.42,111180600,1174188544.00
2014-08-13,9.40,9.49,9.30,9.40,102006012,1075530240.00
2014-08-14,9.40,9.42,9.30,9.31,86563713,911691648.00
2014-08-15,9.30,9.36,9.18,9.34,121244432,1269002752.00
2014-08-18,9.34,9.42,9.28,9.34,91177801,959636544.00
2014-08-19,9.36,9.37,9.27,9.34,105220043,1104544640.00
2014-08-20,9.32,9.33,9.23,9.23,71690274,749057792.00
2014-08-21,9.24,9.26,9.05,9.13,91505317,944212544.00
2014-08-22,9.12,9.24,9.10,9.18,71209843,737915456.00
2014-08-25,9.18,9.20,9.03,9.06,63281788,649438144.00
2014-08-26,9.06,9.13,9.03,9.08,63313959,649449280.00
2014-08-27,9.08,9.14,9.02,9.09,55740945,571519872.00
2014-08-28,9.07,9.10,8.98,8.98,58756631,600462272.00
2014-08-29,9.03,9.14,9.00,9.14,50089703,513977184.00
2014-09-01,9.13,9.14,9.06,9.13,85601299,879702528.00
2014-09-02,9.16,9.30,9.08,9.28,131512797,1364128512.00
2014-09-03,9.34,9.45,9.29,9.37,116054500,1225652224.00
2014-09-04,9.39,9.46,9.31,9.41,91825815,969490752.00
2014-09-05,9.44,9.50,9.37,9.44,105601950,1120375168.00
2014-09-09,9.44,9.46,9.29,9.31,97158520,1022496000.00
2014-09-10,9.28,9.28,9.16,9.19,97669634,1014198912.00
2014-09-11,9.18,9.36,9.14,9.18,124389848,1293883264.00
2014-09-12,9.16,9.19,9.10,9.19,96793626,998255040.00
2014-09-15,9.14,9.14,9.07,9.13,86667057,891526528.00
2014-09-16,9.13,9.21,9.04,9.05,157469464,1621606656.00
2014-09-17,9.09,9.13,9.03,9.07,91644368,939232192.00
2014-09-18,9.07,9.21,9.01,9.11,132536267,1364670208.00
2014-09-19,9.11,9.22,9.10,9.16,149013792,1543490944.00
2014-09-22,9.14,9.14,8.89,8.91,127652767,1297851904.00
2014-09-23,8.91,8.98,8.89,8.94,62945681,636574528.00
2014-09-24,8.93,9.17,8.88,9.15,146917006,1501252736.00
2014-09-25,9.16,9.19,9.02,9.07,103903135,1070116992.00
2014-09-26,9.02,9.07,8.98,9.02,62060272,633152832.00
2014-09-29,9.07,9.11,9.03,9.06,84306165,864021184.00
2014-09-30,9.08,9.09,9.00,9.04,78255973,799546944.00
2014-10-08,9.09,9.17,9.02,9.16,108498309,1115448832.00
2014-10-09,9.17,9.21,9.10,9.15,94404457,975326528.00
2014-10-10,9.11,9.13,9.04,9.09,81946017,840536192.00
2014-10-13,9.04,9.07,8.91,8.97,85581202,869181504.00
2014-10-14,8.96,9.05,8.92,8.96,66737895,677666624.00
2014-10-15,8.95,9.03,8.90,8.99,69530589,706102208.00
2014-10-16,8.94,9.17,8.91,8.99,139710354,1430423936.00
2014-10-17,8.99,9.04,8.93,8.96,82546837,838310720.00
2014-10-20,9.01,9.11,8.95,9.06,86402346,881255168.00
2014-10-21,9.04,9.07,8.93,8.95,80028990,814205888.00
2014-10-22,8.96,9.11,8.95,8.99,94089838,960357440.00
2014-10-23,9.00,9.15,9.00,9.05,144009264,1479233664.00
2014-10-24,9.07,9.14,9.03,9.06,79633241,817262272.00
2014-10-27,8.97,9.00,8.81,8.83,104498109,1051699904.00
2014-10-28,8.88,8.97,8.84,8.97,73970668,745633088.00
2014-10-29,8.99,9.16,8.95,9.10,146500079,1500670208.00
2014-10-30,9.11,9.31,9.04,9.27,214601413,2223069696.00
2014-10-31,9.31,9.97,9.31,9.68,447859906,4829410304.00
2014-11-03,9.85,9.91,9.54,9.58,207461770,2249511168.00
2014-11-04,9.63,9.64,9.43,9.47,143671053,1532091520.00
2014-11-05,9.44,9.50,9.27,9.31,198023830,2083775872.00
2014-11-06,9.36,9.38,9.22,9.30,139605578,1462111360.00
2014-11-07,9.30,9.72,9.25,9.41,316085859,3364186624.00
2014-11-10,9.61,9.73,9.45,9.64,257378313,2769456640.00
2014-11-11,9.66,10.17,9.66,9.86,576247987,6389123584.00
2014-11-12,9.71,9.85,9.65,9.84,201705403,2204953856.00
2014-11-13,9.90,10.05,9.71,9.76,242835186,2678714624.00
2014-11-14,9.71,9.80,9.55,9.68,184986856,2002280192.00
2014-11-17,9.77,9.80,9.51,9.52,164310195,1778397184.00
2014-11-18,9.52,9.52,9.32,9.37,154817503,1637200384.00
2014-11-19,9.35,9.41,9.29,9.34,91650228,964287424.00
2014-11-20,9.34,9.42,9.29,9.37,100026038,1054196288.00
2014-11-21,9.35,9.54,9.27,9.52,170928164,1809775616.00
2014-11-24,9.36,9.70,9.17,9.53,407059176,4319984128.00
2014-11-25,9.50,9.68,9.47,9.65,252907657,2718600448.00
2014-11-26,9.70,9.98,9.64,9.86,385568999,4232333312.00
2014-11-27,9.91,10.12,9.83,10.00,396644527,4424940032.00
2014-11-28,10.03,11.02,9.95,10.96,837004467,9792449536.00
2014-12-01,11.03,11.45,10.72,10.74,660717841,8032628224.00
2014-12-02,10.64,11.72,10.57,11.41,668287116,8204710912.00
2014-12-03,11.44,11.82,11.04,11.20,727334139,9187549184.00
2014-12-04,11.25,12.19,11.10,12.11,726388013,9324282880.00
2014-12-05,12.25,12.87,11.69,12.42,922080376,12404157440.00
2014-12-08,12.22,12.97,12.02,12.74,698200933,9584290816.00
2014-12-09,12.56,13.09,11.47,11.62,772245349,10595530752.00
2014-12-10,11.87,12.32,11.18,12.14,566505030,7330250752.00
2014-12-11,11.88,12.61,11.72,12.07,455299282,6099904000.00
2014-12-12,12.02,12.36,11.82,11.93,351460449,4655982080.00
2014-12-15,11.82,11.82,11.40,11.66,294409624,3752158208.00
2014-12-16,11.62,12.21,11.58,12.19,369016062,4841012736.00
2014-12-17,12.29,13.39,12.12,13.10,814727604,11362135040.00
2014-12-18,13.21,13.42,12.78,13.09,564942318,8100940800.00
2014-12-19,13.09,13.42,12.73,13.31,435238418,6235831296.00
2014-12-22,13.39,14.40,13.39,13.81,657529468,9928352768.00
2014-12-23,13.61,14.02,13.13,13.17,400909950,5896056320.00
2014-12-24,13.17,13.28,12.29,12.60,418551288,5810787840.00
2014-12-25,12.83,13.45,12.62,13.31,443368559,6320759296.00
2014-12-26,13.45,13.93,13.32,13.87,520194475,7715836928.00
2014-12-29,14.92,15.38,14.03,14.37,822935049,13197895680.00
2014-12-30,14.49,15.12,14.37,15.08,696047285,11133888512.00
2014-12-31,15.12,15.43,14.72,15.32,510708325,8355868160.00
2015-01-05,15.65,15.90,15.14,15.69,528403814,8847190016.00
2015-01-06,15.42,16.31,15.31,15.81,479260997,8130182656.00
2015-01-07,15.60,15.85,15.02,15.43,379315754,6294276096.00
2015-01-08,15.43,15.48,14.66,14.73,324858295,5218959360.00
2015-01-09,14.67,16.00,14.45,15.00,496950497,8145768960.00
2015-01-12,14.98,15.29,14.47,14.85,310327141,4977831936.00
2015-01-13,14.77,14.97,14.57,14.71,203126729,3229481216.00
2015-01-14,14.77,15.22,14.76,14.99,263964812,4268179456.00
2015-01-15,14.98,15.70,14.82,15.67,311691167,5119479808.00
2015-01-16,15.42,15.92,15.33,15.61,508128794,8558651904.00
2015-01-19,14.02,14.61,13.93,13.93,417799819,6439026176.00
2015-01-20,13.83,14.11,13.32,13.69,443613505,6606519808.00
2015-01-21,13.78,14.53,13.66,14.43,389344000,5943740928.00
2015-01-22,14.38,14.42,14.05,14.24,241513643,3727422976.00
2015-01-23,14.33,14.67,14.18,14.27,264996420,4128864768.00
2015-01-26,14.23,14.40,13.92,14.10,235953637,3594619648.00
2015-01-27,14.14,14.19,13.47,13.72,296580953,4431866368.00
2015-01-28,13.59,13.84,13.42,13.59,220425358,3251768320.00
2015-01-29,13.34,13.48,13.17,13.26,234858102,3400315136.00
2015-01-30,13.41,13.54,13.14,13.29,200223848,2911409152.00
2015-02-02,12.92,13.10,12.85,12.86,187119218,2645502976.00
2015-02-03,13.07,13.27,12.81,13.22,212059905,3011732992.00
2015-02-04,13.24,13.38,12.92,12.93,177766330,2551662336.00
2015-02-05,13.68,13.68,12.93,12.95,379612800,5524626432.00
2015-02-06,12.85,13.07,12.75,12.87,200138841,2825415424.00
2015-02-09,12.87,13.13,12.59,12.94,228843813,3212522752.00
2015-02-10,12.93,13.26,12.86,13.19,199006556,2843564800.00
2015-02-11,13.10,13.31,13.05,13.13,153988723,2204282880.00
2015-02-12,12.87,12.99,12.66,12.87,355296335,4970081280.00
2015-02-13,12.95,13.16,12.85,12.94,326660522,4629041152.00
2015-02-16,12.98,12.99,12.80,12.89,220291358,3092596480.00
2015-02-17,12.90,13.04,12.90,12.93,196241693,2774583296.00
2015-02-25,12.96,12.97,12.73,12.78,188111064,2635908608.00
2015-02-26,12.76,13.11,12.68,13.09,243724567,3440838400.00
2015-02-27,13.08,13.25,13.03,13.06,220534990,3154798592.00
2015-03-02,13.13,13.18,12.95,13.09,267754778,3804422656.00
2015-03-03,13.05,13.05,12.70,12.71,262881709,3686378496.00
2015-03-04,12.72,12.79,12.58,12.63,185037123,2557832960.00
2015-03-05,12.59,12.60,12.20,12.28,271145020,3667168768.00
2015-03-06,12.28,12.44,12.28,12.35,144379200,1956779392.00
2015-03-09,12.38,13.70,12.20,13.53,825676935,11820402688.00
2015-03-10,13.33,13.38,13.03,13.07,542043018,7793615872.00
2015-03-11,13.17,13.68,13.17,13.39,505577822,7409068032.00
2015-03-12,14.32,14.85,14.02,14.79,1357222169,21407023104.00
2015-03-13,14.78,16.03,14.67,15.31,1043204331,17202737152.00
2015-03-16,15.42,15.91,15.03,15.88,655065793,10963715072.00
2015-03-17,15.92,16.12,15.50,15.87,536223185,9077621760.00
2015-03-18,15.91,15.97,15.62,15.94,459722922,7804528128.00
2015-03-19,16.10,16.43,15.84,15.97,514910477,8897887232.00
2015-03-20,15.97,16.33,15.43,15.87,582164616,9896084480.00
2015-03-23,16.02,16.70,16.02,16.45,580508526,10160348160.00
2015-03-24,16.32,16.44,15.86,16.12,421602671,7310855680.00
2015-03-25,15.96,16.31,15.46,15.54,432691636,7363719168.00
2015-03-26,15.41,16.18,15.08,15.85,418324937,7084348416.00
2015-03-27,15.82,16.10,15.48,15.82,335500441,5702163968.00
2015-03-30,16.33,17.52,16.12,17.32,636651985,11493986304.00
2015-03-31,17.76,18.30,16.85,17.18,504674806,9453716480.00
2015-04-01,17.02,17.58,16.83,17.21,312604525,5738064896.00
2015-04-02,17.28,17.29,16.55,16.94,391094020,7067408896.00
2015-04-03,16.92,17.50,16.82,17.47,387794367,7140867584.00
2015-04-07,18.00,18.97,17.91,18.61,528003286,10370100224.00
2015-04-08,18.57,19.32,18.36,19.29,499378506,9951654912.00
2015-04-09,19.25,20.11,18.44,18.65,493283114,10021728256.00
2015-04-10,18.65,19.38,18.56,19.21,368250369,7402638848.00
2015-04-13,19.97,20.24,19.30,19.51,404516469,8485709824.00
2015-04-14,19.41,19.45,18.82,18.99,297974667,6044706816.00
2015-04-15,18.82,19.32,18.51,18.87,355187213,7166526464.00
2015-04-16,18.68,19.38,18.52,19.36,345838284,6960153600.00
2015-04-17,19.82,20.12,19.34,19.38,405475925,8437645824.00
2015-04-20,19.72,19.82,18.07,18.28,604540532,12198171648.00
2015-04-21,18.20,18.63,17.99,18.57,368978265,7197688320.00
2015-04-22,18.70,19.57,18.42,19.52,483232693,9761509376.00
2015-04-23,19.60,19.72,18.82,18.97,436127348,8839030784.00
2015-04-24,18.62,18.67,17.71,18.16,597700341,11582932992.00
2015-04-27,18.37,18.60,18.15,18.45,408751670,7987253760.00
2015-04-28,18.57,19.78,18.48,18.75,708692160,14309977088.00
2015-04-29,18.53,18.82,18.30,18.58,283794367,5606765568.00
2015-04-30,18.59,18.86,18.19,18.23,310290683,6094665728.00
2015-05-04,18.13,18.13,17.73,17.94,263733626,5031704576.00
2015-05-05,17.95,17.95,16.79,16.91,433880777,8056945152.00
2015-05-06,17.07,17.52,16.62,16.89,403993512,7372563456.00
2015-05-07,16.92,17.06,16.71,16.90,225147937,4076939776.00
2015-05-08,17.18,17.22,16.62,16.94,271962352,4912780288.00
2015-05-11,16.94,17.56,16.62,17.51,451658940,8207298048.00
2015-05-12,17.52,17.77,17.16,17.62,352509455,6571748864.00
2015-05-13,17.72,17.74,17.00,17.19,317125451,5900944384.00
2015-05-14,16.92,17.15,16.75,16.87,560439515,10143954944.00
2015-05-15,16.87,17.06,16.47,16.72,367050494,6588357120.00
2015-05-18,16.74,16.92,16.54,16.57,278313499,4980179968.00
2015-05-19,16.54,17.57,16.48,17.39,562454721,10335518720.00
2015-05-20,17.39,17.78,17.17,17.42,494746557,9217405952.00
2015-05-21,17.47,17.59,17.27,17.46,316305025,5883688960.00
2015-05-22,17.65,18.47,17.57,18.36,573875760,11078125568.00
2015-05-25,18.62,19.18,18.62,18.98,510073736,10222963712.00
2015-05-26,19.08,19.18,18.62,18.90,431107808,8611324928.00
2015-05-27,19.09,19.13,18.44,18.57,425269765,8250581504.00
2015-05-28,18.50,18.70,17.28,17.43,517836357,9712736256.00
2015-05-29,17.55,17.74,16.78,17.38,429614891,7718717952.00
2015-06-01,17.39,18.33,17.19,18.10,445470441,8182157824.00
2015-06-02,18.18,18.19,17.69,17.96,348678846,6466827776.00
2015-06-03,17.91,18.13,17.55,17.95,443390305,8136066048.00
2015-06-04,18.19,19.28,17.96,18.91,780796826,15064231936.00
2015-06-05,19.39,19.57,18.29,18.69,567450399,11057355776.00
2015-06-08,18.80,20.15,18.60,20.07,914563013,18389358592.00
2015-06-09,19.79,20.21,19.26,19.51,683389636,13867392000.00
2015-06-10,19.32,19.65,19.09,19.31,421811788,8420945408.00
2015-06-11,19.32,19.59,18.91,19.09,366522947,7232106496.00
2015-06-12,19.26,20.15,18.77,19.43,646405500,12927446016.00
2015-06-15,19.34,19.34,18.40,18.51,512620384,9985489920.00
2015-06-16,18.34,18.77,18.05,18.18,377070922,7172512256.00
2015-06-17,18.57,18.76,18.07,18.29,368816240,6997925376.00
2015-06-18,18.09,18.09,17.37,17.40,402083254,7352950272.00
2015-06-19,17.19,17.38,16.29,16.61,460591261,8081039872.00
2015-06-23,16.61,17.19,16.09,17.12,383988360,6666914816.00
2015-06-24,17.16,17.29,16.65,17.21,380782913,6702576128.00
2015-06-25,17.84,17.84,16.69,16.83,500795039,9026168832.00
2015-06-26,16.41,17.04,15.19,15.72,559716375,9392325632.00
2015-06-29,16.03,16.24,14.59,15.54,591766984,9630254080.00
2015-06-30,15.67,16.65,15.41,16.64,606091255,10123138048.00
2015-07-01,16.34,16.54,15.90,15.99,374377953,6339900928.00
2015-07-02,16.14,16.37,15.33,15.84,500338020,8281983488.00
2015-07-03,15.89,15.95,14.75,15.14,469796469,7547556352.00
2015-07-06,16.39,16.39,15.57,16.34,834133788,13904933888.00
2015-07-07,15.99,16.86,15.28,16.59,1026111404,17342998528.00
2015-07-08,14.90,16.38,14.87,14.92,1181838308,18917588992.00
2015-07-09,14.92,16.47,14.19,16.47,1130488390,18428565504.00
2015-07-10,16.39,17.95,16.19,17.07,716928600,12814490624.00
2015-07-13,16.86,17.54,16.50,16.97,538519322,9477019648.00
2015-07-14,16.84,16.98,16.19,16.56,410589872,7070650368.00
2015-07-15,16.43,16.81,16.19,16.68,424030339,7251939840.00
2015-07-16,16.61,16.64,16.30,16.46,216797367,3703685120.00
2015-07-17,16.61,16.86,16.43,16.70,276379312,4768031744.00
2015-07-20,16.64,16.65,16.40,16.46,249615288,4271567616.00
2015-07-21,16.39,16.56,16.10,16.12,247709085,4168969216.00
2015-07-22,16.01,16.10,15.89,15.90,195391357,3238408192.00
2015-07-23,15.90,16.30,15.84,16.21,207561827,3480344320.00
2015-07-24,16.23,16.34,15.95,15.96,177036456,2968664320.00
2015-07-27,15.84,15.86,14.61,14.65,378434034,6028352000.00
2015-07-28,14.34,15.06,14.34,14.84,300719063,4621078016.00
2015-07-29,14.82,15.02,14.71,15.00,178388654,2754992640.00
2015-07-30,15.00,15.13,14.66,14.69,153838245,2391916800.00
2015-07-31,14.65,14.96,14.54,14.93,197853122,3046267904.00
2015-08-03,14.83,15.42,14.72,15.35,234771314,3698748416.00
2015-08-04,15.25,15.51,15.14,15.44,117091923,1869143936.00
2015-08-05,15.42,15.51,15.11,15.12,108657365,1725883520.00
2015-08-06,14.98,15.35,14.96,15.17,103040801,1629658496.00
2015-08-07,15.27,15.44,15.16,15.27,105738369,1685162496.00
2015-08-10,15.28,15.79,15.06,15.68,205793970,3297830144.00
2015-08-11,15.63,15.63,15.30,15.35,178364251,2861680128.00
2015-08-12,15.15,15.26,15.04,15.05,140226920,2210900736.00
2015-08-13,15.09,15.18,14.89,15.05,109840181,1715133696.00
2015-08-14,15.09,15.15,15.00,15.05,104679233,1640404608.00
2015-08-17,14.96,14.97,14.72,14.83,124365515,1917564288.00
2015-08-18,14.87,15.05,14.35,14.43,186460516,2862089216.00
2015-08-19,14.38,14.51,14.17,14.48,188660745,2817548032.00
2015-08-20,14.53,14.53,14.08,14.10,136882621,2042643200.00
2015-08-21,14.03,14.13,13.63,13.66,178199523,2588139008.00
2015-08-24,13.29,13.29,12.23,12.35,479461417,6322833408.00
2015-08-25,12.06,12.50,11.29,11.59,364235463,4611750912.00
2015-08-26,11.88,12.81,11.65,12.32,361260126,4657678848.00
2015-08-27,12.54,13.44,12.28,13.36,269785227,3601983232.00
2015-08-28,13.50,13.64,13.16,13.51,256555753,3606407424.00
2015-08-31,13.39,14.02,12.90,13.97,326049750,4567660032.00
2015-09-01,13.67,14.28,13.40,14.24,402867708,5867758080.00
2015-09-02,13.89,14.25,13.79,14.11,432500743,6327296512.00
2015-09-07,13.94,14.00,13.15,13.24,221432367,3151371008.00
2015-09-08,13.24,13.75,13.15,13.65,142879272,2010921984.00
2015-09-09,13.65,13.92,13.60,13.78,126144310,1811138048.00
2015-09-10,13.66,13.98,13.63,13.91,124923709,1805231232.00
2015-09-11,13.82,14.14,13.81,13.98,100362142,1465728000.00
2015-09-14,13.98,14.26,13.45,14.23,272588929,3968049152.00
2015-09-15,14.01,14.15,13.82,14.06,159329819,2331797760.00
2015-09-16,13.99,14.65,13.79,14.30,111685573,1644612224.00
2015-09-17,14.24,14.33,14.01,14.02,76974131,1141536128.00
2015-09-18,14.05,14.16,13.85,13.90,66762984,974543360.00
2015-09-21,13.82,13.86,13.63,13.77,88778045,1273015040.00
2015-09-22,13.78,14.06,13.72,13.91,82755886,1200076672.00
2015-09-23,13.78,13.81,13.58,13.62,70922415,1013756032.00
2015-09-24,13.68,13.71,13.56,13.63,70178560,999297536.00
2015-09-25,13.59,13.75,13.45,13.70,96841649,1376270976.00
2015-09-28,13.65,13.74,13.59,13.74,40592436,580162880.00
2015-09-29,13.61,13.68,13.49,13.58,54833371,778198592.00
2015-09-30,13.64,14.09,13.61,13.95,96909264,1405526656.00
2015-10-08,14.36,14.45,14.17,14.20,115613874,1727700736.00
2015-10-09,14.31,14.49,14.21,14.36,69819736,1048041088.00
2015-10-12,14.42,14.74,14.36,14.60,200507722,3037620736.00
2015-10-13,14.50,14.60,14.41,14.47,74163031,1119985408.00
2015-10-14,14.40,14.52,14.33,14.43,71702681,1077255168.00
2015-10-15,14.39,14.63,14.34,14.58,73613924,1113703808.00
2015-10-16,14.64,14.76,14.54,14.60,115075651,1755069568.00
2015-10-19,14.65,14.72,14.48,14.52,101703914,1546587392.00
2015-10-20,14.51,14.58,14.40,14.53,79458416,1199089792.00
2015-10-21,14.50,14.86,14.18,14.62,249528139,3780855296.00
2015-10-22,14.47,14.53,14.38,14.41,114301104,1719539200.00
2015-10-23,14.48,14.54,14.41,14.49,87881235,1325229184.00
2015-10-26,14.59,14.72,14.51,14.54,126576797,1926695040.00
2015-10-27,14.50,14.58,14.39,14.53,78215386,1180658560.00
2015-10-28,14.56,14.64,14.46,14.48,99747831,1513893120.00
2015-10-29,14.45,14.56,14.42,14.46,61146033,922468544.00
2015-10-30,14.49,14.81,14.49,14.66,141991105,2168882944.00
2015-11-02,14.59,14.66,14.48,14.50,79009325,1200257280.00
2015-11-03,14.49,14.59,14.41,14.45,60653929,917874624.00
2015-11-04,14.51,15.13,14.46,15.04,207445489,3196849664.00
2015-11-05,14.93,15.98,14.89,15.49,391005810,6343006720.00
2015-11-06,15.42,15.69,15.28,15.61,193398537,3116097792.00
2015-11-09,15.75,16.65,15.75,16.19,360557552,6114313728.00
2015-11-10,16.04,16.35,15.89,16.05,160438968,2680161792.00
2015-11-11,16.05,16.07,15.61,15.80,149808394,2460995072.00
2015-11-12,15.87,15.93,15.53,15.60,100233721,1635166464.00
2015-11-13,15.49,15.61,15.38,15.41,93687510,1505784320.00
2015-11-16,15.19,15.44,15.19,15.39,64993159,1034861376.00
2015-11-17,15.49,15.83,15.41,15.45,141433150,2295655680.00
2015-11-18,15.54,15.85,15.33,15.53,112197605,1816028288.00
2015-11-19,15.55,15.74,15.49,15.71,74562612,1210211328.00
2015-11-20,15.78,16.02,15.64,15.82,111204464,1832464384.00
2015-11-23,15.82,16.02,15.69,15.80,95643800,1574518656.00
2015-11-24,15.70,15.77,15.34,15.52,123260362,1984430080.00
2015-11-25,15.46,15.62,15.30,15.56,99936817,1604826752.00
2015-11-26,15.59,15.74,15.46,15.47,78496725,1273455104.00
2015-11-27,15.40,15.43,14.79,14.88,125489098,1974236288.00
2015-11-30,14.87,15.17,14.78,15.04,105057886,1636696320.00
2015-12-01,15.10,15.17,14.83,15.09,80528032,1256129408.00
2015-12-02,15.06,16.27,15.02,16.12,245955388,4028326144.00
2015-12-03,16.00,16.24,15.80,15.98,212367008,3527712768.00
2015-12-04,15.81,15.87,15.43,15.46,121050235,1962110080.00
2015-12-07,15.54,15.59,15.41,15.54,64895249,1045606272.00
2015-12-08,15.49,15.71,15.29,15.52,104599943,1684486528.00
2015-12-09,15.52,15.73,15.50,15.59,96799954,1572079232.00
2015-12-10,15.53,15.76,15.47,15.48,91151255,1476971520.00
2015-12-11,15.42,15.48,15.29,15.34,95478205,1526883072.00
2015-12-14,15.24,15.70,15.19,15.63,106531374,1714349952.00
2015-12-15,15.64,15.69,15.41,15.47,72284477,1164983680.00
2015-12-16,15.52,15.54,15.42,15.49,59741161,959995840.00
2015-12-17,15.51,15.69,15.46,15.57,101074374,1636952192.00
2015-12-18,15.53,16.27,15.51,15.78,171044046,2823074304.00
2015-12-21,15.69,16.53,15.66,16.25,210730450,3537125888.00
2015-12-22,16.25,16.74,16.21,16.57,224835598,3844108288.00
2015-12-23,16.60,17.02,16.43,16.62,211671187,3662505472.00
2015-12-24,16.69,16.77,16.41,16.66,126962106,2184029952.00
2015-12-25,16.66,16.92,16.61,16.83,80822731,1406290560.00
2015-12-28,16.86,16.94,16.32,16.35,172373681,2972790784.00
2015-12-29,16.32,16.84,16.32,16.68,102061043,1753984640.00
2015-12-30,16.62,16.72,16.50,16.63,97355406,1675060608.00
2015-12-31,16.58,16.65,16.29,16.46,96048517,1644999040.00
2016-01-04,16.44,16.45,15.79,15.82,102469315,1707581056.00
2016-01-05,15.77,16.16,15.61,16.05,151714526,2519801600.00
2016-01-06,15.99,16.15,15.82,16.14,83844397,1392251392.00
2016-01-07,15.82,15.95,15.62,15.72,33858643,555041280.00
2016-01-08,15.73,16.05,15.51,15.83,155277650,2548034560.00
2016-01-11,15.65,15.66,15.19,15.19,143061835,2292510208.00
2016-01-12,15.24,15.40,15.14,15.18,112399047,1783306752.00
2016-01-13,15.34,15.55,15.07,15.09,74561741,1189933568.00
2016-01-14,14.79,15.19,14.64,15.07,92859000,1447139456.00
2016-01-15,14.98,15.16,14.69,14.82,76246163,1184181760.00
2016-01-18,14.60,14.96,14.59,14.69,52529630,808773888.00
2016-01-19,14.79,14.93,14.64,14.89,54565880,841517248.00
2016-01-20,14.84,14.88,14.49,14.53,84745424,1292429440.00
2016-01-21,14.42,14.76,14.34,14.35,68488742,1035878080.00
2016-01-22,14.49,14.53,14.26,14.41,51537992,772417664.00
2016-01-25,14.44,14.45,14.35,14.42,31737392,476118240.00
2016-01-26,14.34,14.42,13.73,13.84,90427357,1326481152.00
2016-01-27,13.80,14.02,13.64,13.88,89376115,1288422272.00
2016-01-28,13.86,13.91,13.56,13.65,53892113,771116736.00
2016-01-29,13.64,13.97,13.58,13.85,72825414,1048629248.00
2016-02-01,13.84,13.96,13.57,13.69,52482235,750125632.00
2016-02-02,13.66,13.90,13.66,13.83,35906795,518096672.00
2016-02-03,13.71,13.74,13.57,13.66,44692191,637504320.00
2016-02-04,13.74,13.82,13.67,13.77,48824500,700227200.00
2016-02-05,13.77,13.89,13.74,13.81,44311362,639044480.00
2016-02-15,13.45,13.76,13.45,13.65,45426423,645207168.00
2016-02-16,13.73,14.03,13.70,13.94,55866540,812086400.00
2016-02-17,13.99,14.10,13.84,13.97,49965624,728328192.00
2016-02-18,14.04,14.16,13.87,13.91,47927723,701040000.00
2016-02-19,13.90,13.96,13.78,13.82,30046956,434924960.00
2016-02-22,13.94,14.15,13.86,14.13,67736972,990930496.00
2016-02-23,14.10,14.10,13.84,13.91,60985006,887253184.00
2016-02-24,13.87,13.99,13.84,13.96,36290805,526394624.00
2016-02-25,13.93,13.95,13.47,13.49,89474179,1281923712.00
2016-02-26,13.59,13.69,13.52,13.63,38131234,542001920.00
2016-02-29,13.62,13.73,13.16,13.57,87002363,1220609536.00
2016-03-01,13.54,13.66,13.37,13.57,52838420,746283200.00
2016-03-02,13.63,14.02,13.57,14.01,103055244,1489415808.00
2016-03-03,14.01,14.15,13.95,14.13,71257589,1044684544.00
2016-03-04,14.06,14.86,14.05,14.78,228852447,3467258368.00
2016-03-07,14.74,14.84,14.47,14.51,83201196,1265750912.00
2016-03-08,14.49,14.77,14.08,14.70,73989041,1109151488.00
2016-03-09,14.44,14.78,14.29,14.76,95990497,1458630656.00
2016-03-10,14.58,14.73,14.40,14.42,39538379,601277696.00
2016-03-11,14.36,14.58,14.31,14.56,58160991,876312128.00
2016-03-14,14.53,14.83,14.34,14.38,86003066,1305507712.00
2016-03-15,14.40,14.79,14.32,14.76,96761415,1472275712.00
2016-03-16,14.65,15.19,14.62,15.11,195272705,3058604032.00
2016-03-17,15.07,15.24,14.63,14.82,134685320,2088278528.00
2016-03-18,14.82,14.95,14.77,14.80,135520222,2095826304.00
2016-03-21,14.85,15.12,14.85,14.92,100841467,1569021568.00
2016-03-22,14.89,15.07,14.86,14.89,56367036,876701760.00
2016-03-23,14.94,14.98,14.85,14.88,49898052,773555584.00
2016-03-24,14.87,14.89,14.71,14.77,47265726,729071744.00
2016-03-25,14.78,14.91,14.76,14.86,30636961,474089824.00
2016-03-28,14.86,15.03,14.70,14.73,34589714,535292512.00
2016-03-29,14.76,14.91,14.66,14.69,37490752,576609280.00
2016-03-30,14.79,14.98,14.74,14.96,46667313,723902720.00
2016-03-31,14.99,15.01,14.87,14.92,38865543,603764416.00
2016-04-01,14.96,15.04,14.77,15.00,61113914,948750144.00
2016-04-05,14.89,15.10,14.80,15.05,60838507,947800192.00
2016-04-06,14.97,15.04,14.88,14.94,44166856,686632704.00
2016-04-07,14.97,14.98,14.82,14.83,39350503,609399424.00
2016-04-08,14.77,14.86,14.71,14.79,48839727,752086528.00
2016-04-11,14.89,15.06,14.82,15.00,58181284,908365376.00
2016-04-12,15.00,15.07,14.95,14.99,30275359,472600576.00
2016-04-13,15.04,15.36,14.92,15.05,107865898,1701403008.00
2016-04-14,15.10,15.16,15.02,15.06,33014999,517793088.00
2016-04-15,15.09,15.34,15.06,15.23,76461425,1209255936.00
2016-04-18,15.14,15.41,15.10,15.26,98490706,1568092800.00
2016-04-19,15.29,15.31,15.18,15.26,48571620,770457152.00
2016-04-20,15.29,15.32,14.87,15.27,109680391,1726539648.00
2016-04-21,15.23,15.61,15.10,15.44,133822232,2146168320.00
2016-04-22,15.37,15.66,15.34,15.52,51473020,831782528.00
2016-04-25,15.41,15.61,15.29,15.49,74795887,1205132544.00
2016-04-26,15.45,15.64,15.45,15.55,29499874,476024320.00
2016-04-27,15.57,15.59,15.51,15.54,29501079,476729920.00
2016-04-28,15.59,15.70,15.53,15.57,49501946,803610560.00
2016-04-29,15.54,15.60,15.50,15.51,44797020,724671104.00
2016-05-03,15.51,15.67,15.41,15.54,69065301,1116096256.00
2016-05-04,15.54,15.60,15.47,15.56,43690372,705747456.00
2016-05-05,15.53,15.60,15.47,15.56,32118766,519157568.00
2016-05-06,15.55,15.59,15.40,15.41,56523370,912159744.00
2016-05-09,15.40,15.43,15.17,15.20,68260834,1089569024.00
2016-05-10,15.12,15.26,14.95,15.06,71213206,1121703040.00
2016-05-11,15.12,15.23,15.08,15.12,33695887,530937408.00
2016-05-12,15.12,15.35,15.07,15.30,39884443,631572736.00
2016-05-13,15.24,15.39,15.23,15.33,38614733,615845312.00
2016-05-16,15.28,15.38,15.24,15.30,26782983,426822592.00
2016-05-17,15.34,15.34,15.23,15.24,25531244,405043776.00
2016-05-18,15.23,15.48,15.21,15.45,70417790,1122700800.00
2016-05-19,15.41,15.47,15.36,15.42,26074228,418126464.00
2016-05-20,15.39,15.47,15.36,15.41,22990741,368542560.00
2016-05-23,15.46,15.47,15.29,15.33,22516380,359992480.00
2016-05-24,15.31,15.32,15.11,15.12,19656030,310480096.00
2016-05-25,15.24,15.24,15.13,15.19,18491358,292210080.00
2016-05-26,15.20,15.28,15.14,15.18,26199512,413866272.00
2016-05-27,15.19,15.21,15.15,15.16,18146514,286592544.00
2016-05-30,15.19,15.30,15.11,15.26,30262053,478104224.00
2016-05-31,15.31,15.64,15.31,15.59,70927413,1146137216.00
2016-06-01,15.61,15.64,15.52,15.53,35753221,578445312.00
2016-06-02,15.54,15.58,15.45,15.47,27014618,435032384.00
2016-06-03,15.54,15.57,15.46,15.55,34047897,548999552.00
2016-06-06,15.63,15.63,15.37,15.41,47919461,741831488.00
2016-06-07,15.47,15.48,15.38,15.40,23733484,365693184.00
2016-06-08,15.43,15.44,15.32,15.40,30107375,462811296.00
2016-06-13,15.30,15.40,15.27,15.30,59696095,916770496.00
2016-06-14,15.32,15.41,15.28,15.36,36688334,562865152.00
2016-06-15,15.24,15.43,15.21,15.37,41123454,631002624.00
2016-06-16,15.30,15.41,15.28,15.38,48588250,747521792.00
2016-06-17,15.37,15.47,15.34,15.43,42527261,656235584.00
2016-06-20,15.49,15.53,15.38,15.49,20266932,313132288.00
2016-06-21,15.50,15.54,15.39,15.44,25117861,388565216.00
2016-06-22,15.40,15.49,15.37,15.47,22349379,344911360.00
2016-06-23,15.48,15.48,15.32,15.35,19790074,304328928.00
2016-06-24,15.34,15.43,15.10,15.25,41131580,627826688.00
2016-06-27,15.20,15.31,15.11,15.25,50653599,772305024.00
2016-06-28,15.25,15.27,15.21,15.25,44194833,673566912.00
2016-06-29,15.28,15.32,15.24,15.31,53212839,812272704.00
2016-06-30,15.33,15.38,15.22,15.24,40247097,614792512.00
2016-07-01,15.26,15.36,15.23,15.35,32306059,494834848.00
2016-07-04,15.32,15.53,15.31,15.47,44118047,680791360.00
2016-07-05,15.47,15.47,15.37,15.42,37088960,571772352.00
2016-07-06,15.39,15.42,15.29,15.31,44832225,686849216.00
2016-07-07,15.33,15.34,15.23,15.29,47468829,724536896.00
2016-07-08,15.27,15.29,15.21,15.23,29735790,452965088.00
2016-07-11,15.25,15.30,15.21,15.22,40428869,616757824.00
2016-07-12,15.24,15.39,15.22,15.38,56162952,859277056.00
2016-07-13,15.40,15.66,15.40,15.48,92530887,1436959360.00
2016-07-14,15.48,15.52,15.35,15.41,44644616,688703360.00
2016-07-15,15.42,15.55,15.39,15.53,48120101,743679232.00
2016-07-18,15.52,15.68,15.50,15.59,56773857,885497664.00
2016-07-19,15.59,15.63,15.42,15.46,36745866,570062272.00
2016-07-20,15.46,15.49,15.40,15.48,29655078,457995232.00
2016-07-21,15.45,15.62,15.45,15.59,42321672,658299968.00
2016-07-22,15.55,15.59,15.44,15.46,27553973,426703456.00
2016-08-01,15.37,15.62,15.32,15.61,79677066,1233872256.00
2016-08-02,15.57,15.60,15.47,15.49,33104512,514161120.00
2016-08-03,15.45,15.49,15.42,15.45,20539334,317199808.00
2016-08-04,15.47,15.48,15.32,15.38,32049766,492774368.00
2016-08-05,15.41,15.59,15.38,15.51,39209683,608341696.00
2016-08-08,15.52,15.58,15.47,15.57,33506092,520323424.00
2016-08-09,15.59,15.64,15.55,15.63,37253723,580970176.00
2016-08-10,15.64,15.76,15.60,15.71,54686322,858471488.00
2016-08-11,15.71,16.18,15.71,15.83,110107500,1759933440.00
2016-08-12,15.91,16.22,15.86,16.18,90930518,1458896384.00
2016-08-15,16.30,16.70,16.28,16.42,172887891,2856737792.00
2016-08-16,16.46,16.51,16.04,16.15,127489019,2068702464.00
2016-08-17,16.20,16.26,16.05,16.06,50466102,814193856.00
2016-08-18,16.07,16.18,15.98,16.02,46892099,754240256.00
2016-08-19,16.07,16.13,15.99,16.04,29866384,479519552.00
2016-08-22,16.06,16.08,15.92,15.99,46168759,738962432.00
2016-08-23,16.00,16.18,15.99,16.09,47796335,769985024.00
2016-08-24,16.09,16.14,16.02,16.06,27168168,436795680.00
2016-08-25,16.03,16.03,15.89,15.97,45114653,719173312.00
2016-08-26,15.99,16.01,15.91,15.93,27210990,434407232.00
2016-08-29,15.90,15.96,15.80,15.94,34519899,548306368.00
2016-08-30,15.96,16.09,15.94,16.06,44427491,712068032.00
2016-08-31,16.03,16.13,15.99,16.07,32167048,516613248.00
2016-09-01,16.07,16.12,16.03,16.04,25740633,413736256.00
2016-09-02,16.02,16.08,15.99,16.05,32039970,513866880.00
2016-09-05,16.05,16.14,16.02,16.04,30960727,497488928.00
2016-09-06,16.05,16.09,15.90,15.93,53311681,852357568.00
2016-09-07,15.95,16.02,15.91,15.99,36874007,589273472.00
2016-09-08,15.99,16.02,15.98,16.01,25243707,403892320.00
2016-09-09,16.01,16.04,15.96,15.97,30422160,487048256.00
2016-09-12,15.82,15.89,15.71,15.77,61152016,965763136.00
2016-09-13,15.80,15.89,15.79,15.80,38276389,605622272.00
2016-09-14,15.78,15.84,15.72,15.73,38500359,607664832.00
2016-09-19,15.75,15.88,15.75,15.86,31667393,501827456.00
2016-09-20,15.85,15.92,15.82,15.90,38651958,613743872.00
2016-09-21,15.88,15.94,15.83,15.86,34631806,550762944.00
2016-09-22,15.90,16.01,15.86,16.00,36411160,580967360.00
2016-09-23,16.00,16.05,15.95,15.98,24716447,395589568.00
2016-09-26,15.96,15.98,15.90,15.91,30140632,480467936.00
2016-09-27,15.90,16.01,15.85,16.01,30429665,485197056.00
2016-09-28,16.04,16.04,15.97,15.98,21966795,351677632.00
2016-09-29,16.00,16.04,15.99,16.00,17933532,287073152.00
2016-09-30,15.95,16.01,15.95,15.97,24852204,397238432.00
2016-10-10,16.05,16.08,16.00,16.03,32033062,513190560.00
2016-10-11,16.04,16.06,16.00,16.04,27808012,445754944.00
2016-10-12,16.01,16.04,15.98,15.99,28965860,463536608.00
2016-10-13,15.99,16.04,15.94,16.01,30716361,491160128.00
2016-10-14,15.98,16.11,15.97,16.09,30906688,496735072.00
2016-10-17,16.09,16.12,15.97,15.98,29206972,469285120.00
2016-10-18,15.98,16.08,15.97,16.07,18089013,290036032.00
2016-10-19,16.09,16.11,16.02,16.06,18750944,301091168.00
2016-10-20,16.08,16.13,16.07,16.12,27738886,446764544.00
2016-10-21,16.08,16.26,16.08,16.24,41036544,664047168.00
2016-10-24,16.26,16.47,16.21,16.33,51730747,845924928.00
2016-10-25,16.35,16.37,16.24,16.26,23156748,377559296.00
2016-10-26,16.26,16.26,16.15,16.19,23074321,373699776.00
2016-10-27,16.16,16.25,16.15,16.20,19304122,312647424.00
2016-10-28,16.16,16.33,16.16,16.27,24601788,399949280.00
2016-10-31,16.28,16.32,16.20,16.31,37670554,613026368.00
2016-11-01,16.32,16.48,16.29,16.46,36004797,590997824.00
2016-11-02,16.44,16.45,16.35,16.40,32457524,532693440.00
2016-11-03,16.33,16.51,16.33,16.48,33324610,549006464.00
2016-11-04,16.44,16.52,16.33,16.36,28023622,460373024.00
2016-11-07,16.36,16.39,16.26,16.28,33598168,547396224.00
2016-11-08,16.32,16.42,16.24,16.39,38642991,631053568.00
2016-11-09,16.36,16.40,16.10,16.19,58523802,949611200.00
2016-11-10,16.30,16.40,16.27,16.36,33689980,550526912.00
2016-11-11,16.33,16.36,16.20,16.29,59868761,974339584.00
2016-11-14,16.27,16.47,16.26,16.29,72668391,1188481792.00
2016-11-15,16.31,16.32,16.24,16.27,48738611,792695552.00
2016-11-16,16.27,16.31,16.24,16.29,26888960,437761440.00
2016-11-17,16.29,16.29,16.22,16.26,28984328,471000064.00
2016-11-18,16.27,16.27,16.20,16.23,23912196,388059936.00
2016-11-21,16.21,16.42,16.19,16.34,49016447,800754624.00
2016-11-22,16.32,16.47,16.32,16.42,79368058,1302991872.00
2016-11-23,16.46,16.87,16.46,16.67,108141682,1807867520.00
2016-11-24,16.61,16.79,16.59,16.64,52382275,874086592.00
2016-11-25,16.63,16.93,16.63,16.90,87478666,1472126208.00
2016-11-28,17.00,17.29,17.00,17.07,77021700,1321409536.00
数据来源:通达信
