601111 中国国航 日线 前复权
      日期	    开盘	    最高	    最低	    收盘	    成交量	    成交额
2011-10-10,7.57,7.67,7.52,7.53,5700027,45360376.00
2011-10-11,7.74,7.79,7.46,7.56,8821400,70759520.00
2011-10-12,7.57,7.94,7.52,7.88,19980085,163424192.00
2011-10-13,7.87,7.94,7.82,7.90,11488665,94766528.00
2011-10-14,7.88,7.90,7.75,7.81,6537326,53574432.00
2011-10-17,7.84,7.87,7.62,7.68,15975470,129332560.00
2011-10-18,7.65,7.67,7.42,7.44,11153692,88245392.00
2011-10-19,7.50,7.54,7.42,7.44,6808547,53345680.00
2011-10-20,7.42,7.44,7.14,7.19,9177212,69792992.00
2011-10-21,7.22,7.25,7.14,7.16,5396714,40878088.00
2011-10-24,7.22,7.39,7.12,7.36,8340857,63842640.00
2011-10-25,7.32,7.49,7.25,7.47,13055779,101710000.00
2011-10-26,7.42,7.64,7.39,7.54,16531081,130762448.00
2011-10-27,7.60,7.74,7.50,7.59,18163019,144964656.00
2011-10-28,7.69,7.77,7.63,7.67,21509511,173757760.00
2011-10-31,7.68,7.70,7.51,7.60,13977294,111329264.00
2011-11-01,7.60,7.66,7.50,7.56,16605802,132355696.00
2011-11-02,7.43,7.65,7.40,7.62,14944834,118153144.00
2011-11-03,7.66,7.99,7.66,7.88,37789797,309808288.00
2011-11-04,7.87,7.95,7.82,7.87,20621278,170220864.00
2011-11-07,7.84,7.87,7.75,7.77,9299800,76067624.00
2011-11-08,7.82,7.84,7.70,7.80,10414582,84885376.00
2011-11-09,7.86,7.89,7.71,7.82,13917829,113885768.00
2011-11-10,7.75,7.75,7.62,7.62,10307582,82976432.00
2011-11-11,7.67,7.68,7.54,7.56,5822536,46522320.00
2011-11-14,7.63,7.76,7.60,7.73,7340615,59246692.00
2011-11-15,7.75,7.82,7.72,7.79,9654955,78749504.00
2011-11-16,7.79,7.82,7.57,7.59,9906431,79658632.00
2011-11-17,7.62,7.64,7.52,7.56,6663499,53019960.00
2011-11-18,7.52,7.59,7.37,7.38,7872264,61579772.00
2011-11-21,7.42,7.44,7.23,7.28,7234684,55434580.00
2011-11-22,7.25,7.30,6.76,6.86,45707073,334182048.00
2011-11-23,6.88,6.89,6.75,6.81,13463302,96641120.00
2011-11-24,6.76,6.85,6.67,6.80,9936782,70942032.00
2011-11-28,6.72,6.80,6.68,6.72,8059652,57351416.00
2011-11-29,6.81,6.84,6.70,6.82,11172102,80056264.00
2011-11-30,6.78,6.81,6.40,6.46,15582319,108300096.00
2011-12-01,6.72,6.73,6.54,6.58,18214832,127778272.00
2011-12-02,6.59,6.59,6.35,6.42,10223235,69510736.00
2011-12-05,6.45,6.45,6.12,6.20,13356038,88743552.00
2011-12-06,6.17,6.21,6.05,6.09,12184634,79051528.00
2011-12-07,6.10,6.12,6.01,6.07,8821747,56910056.00
2011-12-08,6.07,6.16,5.99,6.13,10997418,71059440.00
2011-12-09,6.07,6.20,6.06,6.15,9190980,59860664.00
2011-12-12,6.12,6.19,6.07,6.08,5152124,33541040.00
2011-12-13,6.07,6.08,5.87,5.88,9126633,57681008.00
2011-12-14,5.88,5.91,5.71,5.74,7100069,43955980.00
2011-12-15,5.72,5.73,5.44,5.46,11493174,68614128.00
2011-12-16,5.47,5.81,5.37,5.73,17197882,101627704.00
2011-12-19,5.64,5.74,5.42,5.63,11431802,67871576.00
2011-12-20,5.62,5.74,5.55,5.57,11957225,71835336.00
2011-12-21,5.62,5.72,5.58,5.71,24730266,149484336.00
2011-12-22,5.66,5.85,5.52,5.84,31742048,193240288.00
2011-12-23,5.82,6.00,5.77,5.95,23085646,145052096.00
2011-12-26,5.92,5.98,5.84,5.96,8853095,55573008.00
2011-12-27,5.95,5.98,5.86,5.90,8151102,51357048.00
2011-12-28,5.87,5.95,5.83,5.94,10076387,63135280.00
2011-12-29,5.91,5.99,5.88,5.94,9743478,61616032.00
2011-12-30,5.97,6.02,5.93,5.99,10699879,68070496.00
2012-01-04,6.05,6.12,5.93,5.96,8716934,55752460.00
2012-01-05,5.95,5.96,5.81,5.90,15076004,94357360.00
2012-01-06,5.85,5.92,5.84,5.91,8694378,54359168.00
2012-01-09,5.95,6.12,5.87,6.11,16719197,107193264.00
2012-01-10,6.12,6.50,6.10,6.46,24699128,165785648.00
2012-01-11,6.46,6.50,6.30,6.45,16708555,113061344.00
2012-01-12,6.40,6.47,6.36,6.40,11186793,75987728.00
2012-01-13,6.40,6.43,6.26,6.29,12103954,81086736.00
2012-01-16,6.22,6.30,6.15,6.18,9615825,63449680.00
2012-01-17,6.18,6.50,6.17,6.48,14763717,99890552.00
2012-01-18,6.42,6.63,6.36,6.39,14630950,100575120.00
2012-01-19,6.42,6.97,6.38,6.62,37598493,266464944.00
2012-01-30,6.53,6.61,6.43,6.45,10967494,75640960.00
2012-01-31,6.50,6.51,6.36,6.42,4824302,32745968.00
2012-02-01,6.42,6.47,6.28,6.30,5762718,38845632.00
2012-02-02,6.30,6.41,6.25,6.39,9515127,63725128.00
2012-02-03,6.34,6.51,6.34,6.45,12335703,83995264.00
2012-02-06,6.47,6.66,6.33,6.40,14849651,101051240.00
2012-02-07,6.33,6.35,6.04,6.12,17242387,112772840.00
2012-02-08,6.12,6.32,6.07,6.27,16198741,106752840.00
2012-02-09,6.24,6.37,6.23,6.33,11515171,77074728.00
2012-02-10,6.33,6.46,6.28,6.32,14566838,98181200.00
2012-02-13,6.28,6.42,6.21,6.32,14502795,97335968.00
2012-02-14,6.32,6.35,6.14,6.19,21403877,140898256.00
2012-02-15,6.17,6.41,6.16,6.32,30745240,206198384.00
2012-02-16,6.30,6.38,6.19,6.25,16809317,111992288.00
2012-02-17,6.30,6.34,6.24,6.31,10961218,73208368.00
2012-02-20,6.37,6.40,6.28,6.29,12802518,86141480.00
2012-02-21,6.31,6.32,6.20,6.31,9256094,61490384.00
2012-02-22,6.32,6.49,6.28,6.48,26132840,177158208.00
2012-02-23,6.47,6.56,6.42,6.48,18602888,127493352.00
2012-02-24,6.49,6.72,6.43,6.68,32774505,227891232.00
2012-02-27,6.69,7.05,6.65,6.88,61233577,445008960.00
2012-02-28,6.87,6.91,6.73,6.80,25275216,181464208.00
2012-02-29,6.75,6.82,6.63,6.63,17171466,121734064.00
2012-03-01,6.63,6.70,6.59,6.62,15888421,111765312.00
2012-03-02,6.63,6.73,6.63,6.72,17281513,122162344.00
2012-03-05,6.76,6.77,6.65,6.67,18255727,129183880.00
2012-03-06,6.67,6.67,6.52,6.53,13138015,91408256.00
2012-03-07,6.45,6.57,6.44,6.50,11005932,75809024.00
2012-03-08,6.46,6.61,6.46,6.56,11601664,80431272.00
2012-03-09,6.57,6.64,6.51,6.63,15206705,105473704.00
2012-03-12,6.62,6.63,6.48,6.54,16848459,116797208.00
2012-03-13,6.54,6.62,6.49,6.62,12821419,89088976.00
2012-03-14,6.68,6.73,6.34,6.39,23913981,166368256.00
2012-03-15,6.38,6.44,6.20,6.25,17527942,117491408.00
2012-03-16,6.29,6.36,6.19,6.35,13963310,92885520.00
2012-03-19,6.33,6.35,6.27,6.34,10424034,69796824.00
2012-03-20,6.26,6.31,6.11,6.16,12750065,83617904.00
2012-03-21,6.21,6.24,6.08,6.15,10442416,68240416.00
2012-03-22,6.15,6.19,6.12,6.16,7453871,48735640.00
2012-03-23,6.15,6.16,6.05,6.07,8632117,55816212.00
2012-03-26,6.07,6.11,6.01,6.02,9037444,58202448.00
2012-03-27,6.07,6.08,5.87,5.89,11968675,76129680.00
2012-03-28,5.84,5.93,5.61,5.62,19548104,119215936.00
2012-03-29,5.62,5.63,5.42,5.46,16418867,96850240.00
2012-03-30,5.42,5.55,5.42,5.50,7988064,47006136.00
2012-04-05,5.52,5.64,5.50,5.61,10464856,62363964.00
2012-04-06,5.61,5.62,5.54,5.58,9528953,56760668.00
2012-04-09,5.58,5.77,5.51,5.66,15511810,93474968.00
2012-04-10,5.60,5.68,5.56,5.68,8748528,52512220.00
2012-04-11,5.63,5.72,5.57,5.66,7225888,43471760.00
2012-04-12,5.67,5.79,5.66,5.78,10910973,66782364.00
2012-04-13,5.80,5.85,5.77,5.81,8587041,53249272.00
2012-04-16,5.81,5.85,5.72,5.79,12833785,79140632.00
2012-04-17,5.77,5.82,5.72,5.75,7541709,46351480.00
2012-04-18,5.73,5.90,5.73,5.88,9284029,57737444.00
2012-04-19,5.88,5.91,5.84,5.87,7971215,49884520.00
2012-04-27,5.95,6.14,5.92,5.97,27369270,175517584.00
2012-05-02,6.12,6.30,5.97,6.20,28906684,189149216.00
2012-05-03,6.24,6.51,6.24,6.33,45099237,304780224.00
2012-05-04,6.33,6.41,6.28,6.33,19725612,132882288.00
2012-05-07,6.35,6.47,6.19,6.31,29402582,196869152.00
2012-05-08,6.25,6.27,6.13,6.19,19113688,125598832.00
2012-05-09,6.12,6.15,6.02,6.07,17338545,111786056.00
2012-05-10,6.12,6.14,5.91,5.96,21215421,135522352.00
2012-05-11,5.97,5.98,5.85,5.90,12785002,80406608.00
2012-05-14,5.94,5.96,5.77,5.77,20239307,125473328.00
2012-05-15,5.72,5.72,5.63,5.70,14287084,86391560.00
2012-05-16,5.71,5.71,5.59,5.63,16980808,102167472.00
2012-05-17,5.63,5.83,5.55,5.81,23659008,144071088.00
2012-05-18,5.73,5.82,5.68,5.73,15992459,98081272.00
2012-05-21,5.74,5.77,5.60,5.66,11547270,69721360.00
2012-05-22,5.70,5.74,5.65,5.73,11773362,71433024.00
2012-05-23,5.70,5.74,5.64,5.69,12626727,76648304.00
2012-05-25,5.72,5.77,5.63,5.65,15857654,96396152.00
2012-05-28,5.64,5.74,5.49,5.70,32674323,194094016.00
2012-05-29,5.69,5.91,5.66,5.89,36229825,224385200.00
2012-05-30,5.86,5.92,5.80,5.85,17992511,112191120.00
2012-05-31,5.85,5.94,5.81,5.87,17568446,110161744.00
2012-06-01,5.91,6.00,5.89,5.93,14862952,93994000.00
2012-06-04,5.86,5.86,5.60,5.62,14922960,91003920.00
2012-06-05,5.61,6.02,5.61,5.84,24030946,149103840.00
2012-06-06,5.82,5.87,5.78,5.86,9856223,61148968.00
2012-06-07,5.90,5.92,5.79,5.83,9523063,59449084.00
2012-06-08,5.89,5.98,5.84,5.91,22027373,138378560.00
2012-06-11,5.89,5.89,5.71,5.83,12644764,78179088.00
2012-06-12,5.80,5.82,5.68,5.69,9328636,57019728.00
2012-06-13,5.71,5.81,5.63,5.77,11898643,73022848.00
2012-06-14,5.74,5.78,5.69,5.71,6699137,40901800.00
2012-06-15,5.73,5.74,5.66,5.67,7276674,44189628.00
2012-06-18,5.72,5.75,5.68,5.73,6403239,39057808.00
2012-06-19,5.72,5.73,5.67,5.72,4956309,30168328.00
2012-06-20,5.72,5.81,5.70,5.79,10923115,67096384.00
2012-06-21,5.80,5.84,5.69,5.72,14847536,91328840.00
2012-06-25,5.71,5.79,5.64,5.64,12525106,76345992.00
2012-06-27,5.66,5.80,5.62,5.62,18109210,110340576.00
2012-06-28,5.62,5.74,5.57,5.62,19462055,116892176.00
2012-06-29,5.62,5.82,5.57,5.77,24298664,147469248.00
2012-07-02,5.74,5.86,5.72,5.81,15596340,96505224.00
2012-07-03,5.82,5.87,5.79,5.82,15343994,95313832.00
2012-07-04,5.82,5.86,5.80,5.85,9886938,61406768.00
2012-07-05,5.81,5.85,5.69,5.73,14457836,88741208.00
2012-07-06,5.74,5.83,5.69,5.77,15936354,98015600.00
2012-07-09,5.75,5.91,5.74,5.82,24555416,152239088.00
2012-07-10,5.87,5.97,5.85,5.97,22778073,143351808.00
2012-07-11,5.96,5.98,5.86,5.95,15259642,96462056.00
2012-07-12,5.93,6.12,5.83,6.08,22178406,141437200.00
2012-07-13,6.04,6.14,6.01,6.05,14365449,92691944.00
2012-07-16,6.06,6.23,5.92,6.03,25809373,167323616.00
2012-07-17,6.07,6.14,5.99,6.09,9713356,61820408.00
2012-07-18,6.03,6.17,5.95,6.10,13839163,87367232.00
2012-07-19,6.11,6.28,6.01,6.24,19846882,128692760.00
2012-07-20,6.22,6.24,6.12,6.18,13971184,89917928.00
2012-07-23,6.07,6.12,6.02,6.07,7403848,46879184.00
2012-07-24,6.02,6.14,5.97,5.98,12509946,78563664.00
2012-07-25,5.99,6.02,5.74,5.81,14420641,88247816.00
2012-07-26,5.82,5.83,5.64,5.66,9967400,59743032.00
2012-07-27,5.68,5.75,5.67,5.74,6845163,40916280.00
2012-07-30,5.80,5.85,5.73,5.78,8082922,49003612.00
2012-07-31,5.74,5.84,5.72,5.79,6593118,39917140.00
2012-08-01,5.80,5.88,5.76,5.79,6338225,38567548.00
2012-08-02,5.79,5.82,5.56,5.68,9182462,54742360.00
2012-08-03,5.68,5.71,5.62,5.68,5013605,29691128.00
2012-08-06,5.68,5.71,5.43,5.60,35391964,205379120.00
2012-08-07,5.54,5.55,5.47,5.54,16906674,97507840.00
2012-08-08,5.54,5.54,5.48,5.51,13366284,77051688.00
2012-08-09,5.51,5.54,5.49,5.53,10220795,59030712.00
2012-08-10,5.52,5.56,5.46,5.51,9805881,56634136.00
2012-08-13,5.49,5.51,5.44,5.45,7238513,41532532.00
2012-08-14,5.46,5.48,5.23,5.33,15877021,88953560.00
2012-08-15,5.30,5.32,5.23,5.25,9161430,50477580.00
2012-08-16,5.26,5.26,5.12,5.16,12638825,68896256.00
2012-08-17,5.16,5.16,4.98,5.06,15778043,83770896.00
2012-08-20,5.00,5.01,4.91,4.94,15157349,78855656.00
2012-08-21,4.94,4.99,4.93,4.98,14356544,75090768.00
2012-08-22,4.98,4.98,4.82,4.83,15640646,80183264.00
2012-08-23,4.84,4.85,4.77,4.84,13817644,70209384.00
2012-08-24,4.79,4.83,4.74,4.76,11444698,57708424.00
2012-08-27,4.76,4.76,4.61,4.62,12602242,61905260.00
2012-08-28,4.61,4.66,4.53,4.63,11070615,53725708.00
2012-08-29,4.61,4.64,4.54,4.54,6110978,29627224.00
2012-08-30,4.56,4.59,4.51,4.57,6886435,33133928.00
2012-08-31,4.56,4.59,4.54,4.58,5044103,24350936.00
2012-09-03,4.56,4.57,4.46,4.54,11719436,56184192.00
2012-09-04,4.54,4.55,4.39,4.40,13378102,63265108.00
2012-09-05,4.41,4.42,4.26,4.27,16247628,74305672.00
2012-09-06,4.27,4.39,4.26,4.39,15210543,69851976.00
2012-09-07,4.41,4.79,4.41,4.71,41678775,203694496.00
2012-09-10,4.71,4.73,4.62,4.72,19037126,93943896.00
2012-09-11,4.67,4.69,4.60,4.69,12727768,62414252.00
2012-09-12,4.73,4.87,4.70,4.77,14987560,75291208.00
2012-09-13,4.76,4.78,4.69,4.73,11439454,57331992.00
2012-09-14,4.77,4.80,4.69,4.73,9732299,48610500.00
2012-09-17,4.74,4.74,4.56,4.57,9124071,44740976.00
2012-09-18,4.54,4.55,4.44,4.47,9893450,46891248.00
2012-09-19,4.46,4.51,4.43,4.45,8446807,39851948.00
2012-09-20,4.45,4.57,4.39,4.39,12514239,59131792.00
2012-09-21,4.38,4.64,4.35,4.56,22627503,109257272.00
2012-09-24,4.53,4.57,4.40,4.54,10251500,48743480.00
2012-09-25,4.55,4.58,4.46,4.48,5419742,25879382.00
2012-09-26,4.47,4.53,4.42,4.43,6324776,29932986.00
2012-09-27,4.44,4.79,4.43,4.66,19654250,96381840.00
2012-09-28,4.60,4.76,4.60,4.72,19358261,95862320.00
2012-10-08,4.75,4.82,4.67,4.71,11276982,56396640.00
2012-10-23,4.82,4.86,4.63,4.66,23357751,116331296.00
2012-10-24,4.64,4.76,4.62,4.74,17239536,85988784.00
2012-10-25,4.72,5.14,4.72,4.84,29823604,153929040.00
2012-10-26,4.83,4.86,4.65,4.78,18525454,92687424.00
2012-10-29,4.76,4.84,4.67,4.75,9586487,48071624.00
2012-10-30,4.75,4.98,4.75,4.80,14272667,72682816.00
2012-10-31,4.79,4.94,4.75,4.80,13471981,68323776.00
2012-11-01,4.83,4.86,4.78,4.85,16310757,83109336.00
2012-11-02,4.86,4.88,4.77,4.84,10438249,53104332.00
2012-11-05,4.84,4.91,4.82,4.87,11716633,60124128.00
2012-11-06,4.86,4.86,4.72,4.75,11979536,60171840.00
2012-11-07,4.74,4.77,4.70,4.71,7912852,39487004.00
2012-11-08,4.71,4.71,4.59,4.60,7675257,37749232.00
2012-11-09,4.57,4.62,4.49,4.56,7311184,35113580.00
2012-11-12,4.57,4.59,4.51,4.59,9911578,47758784.00
2012-11-13,4.60,4.62,4.45,4.48,9811901,46736516.00
2012-11-14,4.49,4.52,4.45,4.51,8788466,41793112.00
2012-11-15,4.47,4.49,4.41,4.43,4785441,22555648.00
2012-11-16,4.44,4.45,4.27,4.36,11879222,54731500.00
2012-11-19,4.35,4.35,4.24,4.31,7673221,34948420.00
2012-11-20,4.32,4.34,4.24,4.29,7547744,34281096.00
2012-11-21,4.30,4.38,4.27,4.37,7551716,34600596.00
2012-11-22,4.34,4.36,4.32,4.36,4570845,21032064.00
2012-11-23,4.37,4.41,4.33,4.39,6518319,30223550.00
2012-11-26,4.39,4.39,4.34,4.36,5907913,27310448.00
2012-11-27,4.34,4.37,4.27,4.28,6858720,31388064.00
2012-11-28,4.25,4.33,4.24,4.29,6231627,28322552.00
2012-11-29,4.30,4.46,4.29,4.43,11058630,51438180.00
2012-11-30,4.41,4.46,4.36,4.40,19672519,92178344.00
2012-12-03,4.40,4.45,4.38,4.39,6099614,28506696.00
2012-12-04,4.40,4.43,4.28,4.40,7415324,34166152.00
2012-12-05,4.41,4.69,4.36,4.65,22286027,107880208.00
2012-12-06,4.65,4.74,4.59,4.70,12634079,62138820.00
2012-12-07,4.68,4.84,4.65,4.77,15953411,80322240.00
2012-12-10,4.81,4.87,4.74,4.81,14259355,72245520.00
2012-12-11,4.81,4.81,4.74,4.76,9448007,47484244.00
2012-12-12,4.76,4.81,4.72,4.78,9038981,45317376.00
2012-12-13,4.78,4.82,4.75,4.77,9999795,50483368.00
2012-12-14,4.82,5.12,4.79,5.09,31316487,164226384.00
2012-12-17,5.09,5.41,5.09,5.35,36988623,205796544.00
2012-12-18,5.35,5.59,5.26,5.35,28987492,164835776.00
2012-12-19,5.35,5.42,5.23,5.31,15530591,86391648.00
2012-12-20,5.26,5.41,5.24,5.39,21957807,122825416.00
2012-12-21,5.39,5.57,5.34,5.35,15382135,88014088.00
2012-12-24,5.35,5.40,5.23,5.26,11970929,66707676.00
2012-12-25,5.26,5.50,5.22,5.45,23291597,131907104.00
2012-12-26,5.44,5.51,5.38,5.45,12253345,69692680.00
2012-12-27,5.47,5.53,5.41,5.51,13548567,77871496.00
2012-12-28,5.51,5.60,5.44,5.59,11992392,69192728.00
2012-12-31,5.59,5.75,5.54,5.74,17654080,104119248.00
2013-01-04,5.78,5.81,5.44,5.55,27060812,158217968.00
2013-01-07,5.55,5.59,5.38,5.47,19769979,112691368.00
2013-01-08,5.44,5.47,5.32,5.43,17292240,97916752.00
2013-01-09,5.40,5.46,5.35,5.42,16472381,93307800.00
2013-01-10,5.43,5.54,5.39,5.52,24046040,138063968.00
2013-01-11,5.51,5.63,5.37,5.41,21295167,123135984.00
2013-01-14,5.42,5.58,5.38,5.53,23653994,136433744.00
2013-01-15,5.54,5.59,5.46,5.53,43429538,251142368.00
2013-01-16,5.49,5.62,5.39,5.48,37849137,218248320.00
2013-01-17,5.42,5.50,5.37,5.41,21707091,123677656.00
2013-01-18,5.44,5.66,5.41,5.64,29272547,170256448.00
2013-01-21,5.65,5.93,5.64,5.79,49407959,299845024.00
2013-01-22,5.86,5.93,5.66,5.73,36552485,220749920.00
2013-01-23,5.66,5.81,5.65,5.78,21970490,132191528.00
2013-01-24,5.79,5.85,5.65,5.70,31196914,188298624.00
2013-01-25,5.67,5.77,5.60,5.67,18990691,112548152.00
2013-01-28,5.67,5.89,5.64,5.86,33613916,202755616.00
2013-01-29,5.88,5.88,5.68,5.74,25547173,153811296.00
2013-01-30,5.74,5.80,5.67,5.76,17247880,103322824.00
2013-01-31,5.76,5.89,5.65,5.70,34703988,208831584.00
2013-02-01,5.66,5.78,5.63,5.64,26835924,159370928.00
2013-02-04,5.66,5.73,5.62,5.72,19285793,114526768.00
2013-02-05,5.72,5.89,5.64,5.82,34357349,206940272.00
2013-02-06,5.82,5.87,5.78,5.79,14539436,88215904.00
2013-02-07,5.76,5.85,5.68,5.83,23496523,141802736.00
2013-02-08,5.83,5.85,5.77,5.80,16877927,102491424.00
2013-02-18,5.76,5.82,5.70,5.77,23587051,142445440.00
2013-02-19,5.76,5.81,5.65,5.68,15009072,90014512.00
2013-02-20,5.67,5.73,5.44,5.52,28166264,163798272.00
2013-02-21,5.47,5.48,5.26,5.29,37445464,209101632.00
2013-02-22,5.28,5.32,5.20,5.21,17037294,93838976.00
2013-02-25,5.21,5.28,5.19,5.25,12296180,67602200.00
2013-02-26,5.24,5.26,5.09,5.15,18418616,100809256.00
2013-02-27,5.13,5.22,5.02,5.10,18302096,97925712.00
2013-02-28,5.10,5.29,5.09,5.29,16011015,87700008.00
2013-03-01,5.29,5.29,5.12,5.25,15997485,87574120.00
2013-03-04,5.13,5.20,5.04,5.07,22239121,119587056.00
2013-03-05,5.09,5.30,5.09,5.27,19953797,109126976.00
2013-03-06,5.31,5.45,5.14,5.43,25612379,142228464.00
2013-03-07,5.37,5.44,5.25,5.35,22195071,124736680.00
2013-03-08,5.33,5.37,5.29,5.34,7702665,43062724.00
2013-03-11,5.32,5.34,5.21,5.25,12172685,67237144.00
2013-03-12,5.24,5.28,5.09,5.17,17003143,92254000.00
2013-03-13,5.17,5.17,5.01,5.04,13845625,73640592.00
2013-03-14,5.01,5.15,5.00,5.07,11360840,60920864.00
2013-03-15,5.17,5.43,5.17,5.41,39199597,219174640.00
2013-03-18,5.37,5.39,5.24,5.28,13069561,72944976.00
2013-03-19,5.35,5.36,5.27,5.31,9884202,55167648.00
2013-03-20,5.32,5.46,5.27,5.42,11830433,67100736.00
2013-03-21,5.45,5.51,5.43,5.50,14114401,81029920.00
2013-03-22,5.50,5.56,5.45,5.54,10712630,61907996.00
2013-03-25,5.57,5.61,5.53,5.58,12309564,71964792.00
2013-03-26,5.54,5.57,5.36,5.45,8371594,47772760.00
2013-03-27,5.47,5.57,5.44,5.53,11653238,67298592.00
2013-03-28,5.36,5.52,5.34,5.44,11145145,63381584.00
2013-03-29,5.48,5.48,5.29,5.30,6585165,37044840.00
2013-04-01,5.24,5.31,5.12,5.14,13570839,74248560.00
2013-04-02,5.14,5.26,5.10,5.20,8165377,44383816.00
2013-04-03,5.23,5.23,5.03,5.07,14837358,79525496.00
2013-04-08,4.74,4.94,4.62,4.89,31213028,156771056.00
2013-04-09,4.89,5.01,4.85,4.93,10694318,55690672.00
2013-04-10,4.92,4.96,4.89,4.90,5801801,30009914.00
2013-04-11,4.96,4.99,4.90,4.91,8110262,42161500.00
2013-04-12,4.91,4.94,4.80,4.86,11111854,56652780.00
2013-04-15,4.83,4.89,4.76,4.87,7748941,39450216.00
2013-04-16,4.87,4.98,4.78,4.95,14713985,75773248.00
2013-04-17,4.94,5.05,4.90,5.05,17262903,90727176.00
2013-04-18,5.02,5.19,5.01,5.18,14300577,77377496.00
2013-04-19,5.16,5.27,5.15,5.25,13584743,74604552.00
2013-04-22,5.18,5.25,5.12,5.21,13726851,74610048.00
2013-04-23,5.21,5.21,4.99,5.02,14406045,76591544.00
2013-04-24,5.02,5.13,5.02,5.13,10735209,57173372.00
2013-04-25,5.16,5.16,5.03,5.05,7487076,39966684.00
2013-04-26,5.07,5.11,4.94,4.97,5166291,27123900.00
2013-05-02,4.94,5.04,4.91,5.00,5911404,30952734.00
2013-05-03,5.04,5.20,5.01,5.14,10537779,56981780.00
2013-05-06,5.13,5.24,5.12,5.22,7001350,38317348.00
2013-05-07,5.16,5.18,5.09,5.17,6263599,33836128.00
2013-05-08,5.24,5.29,5.21,5.25,7839575,43258092.00
2013-05-09,5.29,5.29,5.13,5.17,6219147,33899432.00
2013-05-10,5.14,5.25,5.14,5.21,8340890,45655120.00
2013-05-13,5.21,5.25,5.18,5.22,5561229,30432864.00
2013-05-14,5.21,5.26,5.05,5.08,7204369,38833612.00
2013-05-15,5.11,5.11,5.05,5.08,6404585,34147272.00
2013-05-16,5.04,5.19,5.04,5.12,5752013,30842800.00
2013-05-17,5.12,5.28,5.08,5.26,10040805,54759748.00
2013-05-20,5.27,5.32,5.21,5.27,8095552,44746688.00
2013-05-21,5.26,5.29,5.22,5.28,6354766,35063296.00
2013-05-22,5.28,5.30,5.22,5.25,6106637,33702768.00
2013-05-23,5.21,5.24,5.14,5.15,8528874,46451492.00
2013-05-24,5.19,5.22,5.12,5.17,5463839,29696528.00
2013-05-27,5.18,5.20,5.13,5.17,5679385,30755700.00
2013-05-28,5.18,5.27,5.11,5.25,16179095,88397136.00
2013-05-29,5.27,5.29,5.20,5.22,14499303,79726936.00
2013-05-30,5.22,5.26,5.17,5.20,8670073,47480984.00
2013-05-31,5.22,5.23,5.03,5.05,16510349,88748192.00
2013-06-03,5.07,5.11,5.01,5.05,10523322,56078880.00
2013-06-04,5.07,5.07,5.01,5.05,9656927,51135740.00
2013-06-05,5.04,5.05,5.00,5.01,4681637,24726568.00
2013-06-06,5.00,5.02,4.91,4.96,7936807,41445584.00
2013-06-07,4.96,4.97,4.79,4.85,10750833,55477604.00
2013-06-13,4.79,4.81,4.56,4.62,15101735,74011848.00
2013-06-14,4.61,4.65,4.59,4.62,9676599,47192096.00
2013-06-17,4.63,4.68,4.59,4.59,8291163,40396220.00
2013-06-18,4.60,4.63,4.50,4.55,10188294,48962012.00
2013-06-19,4.54,4.54,4.35,4.49,7435523,35013624.00
2013-06-20,4.45,4.45,4.30,4.33,9750334,45115816.00
2013-06-21,4.27,4.32,4.21,4.27,9586677,43433816.00
2013-06-24,4.26,4.27,3.96,3.97,15895393,69333384.00
2013-06-25,3.97,4.01,3.74,3.94,23045931,95906856.00
2013-06-26,3.94,3.94,3.82,3.90,16855844,69673512.00
2013-06-27,3.92,3.99,3.90,3.93,14964238,63016288.00
2013-06-28,3.92,4.06,3.89,3.98,17359501,73795440.00
2013-07-01,3.99,4.01,3.83,3.89,16332058,67657000.00
2013-07-02,3.89,3.89,3.79,3.84,16572816,67747192.00
2013-07-03,3.82,3.83,3.75,3.78,8268269,33393512.00
2013-07-04,3.80,3.96,3.75,3.87,13192081,54161736.00
2013-07-05,3.89,3.91,3.82,3.83,10596081,43604976.00
2013-07-08,3.78,3.79,3.66,3.67,16119577,63839684.00
2013-07-09,3.65,3.72,3.64,3.68,9405314,37123920.00
2013-07-10,3.72,3.78,3.68,3.77,13005461,51129772.00
2013-07-11,3.78,3.99,3.76,3.93,27007539,110353072.00
2013-07-12,3.93,3.94,3.80,3.84,21308130,86790288.00
2013-07-15,3.86,3.93,3.82,3.88,26131207,106152688.00
2013-07-16,3.88,3.88,3.77,3.84,17821018,71560584.00
2013-07-17,3.83,3.87,3.78,3.79,17591372,70611408.00
2013-07-18,3.77,3.79,3.73,3.73,14076017,55545240.00
2013-07-19,3.74,3.75,3.65,3.66,14691975,57461044.00
2013-07-22,3.65,3.68,3.61,3.65,9510908,36491680.00
2013-07-23,3.66,3.77,3.64,3.77,14419535,56704900.00
2013-07-24,3.76,3.77,3.56,3.66,22991351,88911512.00
2013-07-25,3.66,3.70,3.61,3.64,21912659,84173952.00
2013-07-26,3.63,3.67,3.60,3.64,11939069,45767116.00
2013-07-29,3.62,3.63,3.54,3.56,10477392,39639952.00
2013-07-30,3.56,3.66,3.55,3.63,11217978,42809104.00
2013-07-31,3.64,3.66,3.62,3.64,7923645,30465920.00
2013-08-01,3.66,3.70,3.63,3.69,11140907,43162320.00
2013-08-02,3.70,3.71,3.64,3.67,10869717,42078504.00
2013-08-05,3.67,3.71,3.63,3.70,12952869,50184576.00
2013-08-06,3.68,3.73,3.65,3.72,11687805,45452980.00
2013-08-07,3.69,3.74,3.67,3.70,14042291,54864788.00
2013-08-08,3.70,3.72,3.66,3.68,9056508,35189192.00
2013-08-09,3.70,3.72,3.65,3.69,12382252,48051044.00
2013-08-12,3.69,3.84,3.68,3.82,25409527,100742032.00
2013-08-13,3.86,3.99,3.83,3.97,49034409,202805376.00
2013-08-14,3.94,4.01,3.93,3.95,18850104,78486496.00
2013-08-15,3.96,3.99,3.89,3.94,18184975,75290544.00
2013-08-16,3.94,4.35,3.90,3.91,27940122,117218632.00
2013-08-19,3.88,3.97,3.86,3.94,12043869,49557368.00
2013-08-20,3.94,3.96,3.76,3.80,21110251,85425832.00
2013-08-21,3.80,3.81,3.74,3.78,12606519,50079736.00
2013-08-22,3.78,3.81,3.69,3.73,12292931,48713056.00
2013-08-23,3.73,3.77,3.68,3.75,12502422,49120264.00
2013-08-26,3.72,3.83,3.72,3.82,12627466,50479032.00
2013-08-27,3.80,4.03,3.79,3.90,31428804,129656632.00
2013-08-28,3.87,4.04,3.81,3.95,37490615,154375552.00
2013-08-29,3.93,3.93,3.86,3.88,14968392,61250808.00
2013-08-30,3.88,4.00,3.87,3.95,29899862,124064032.00
2013-09-02,3.96,4.02,3.85,3.92,18501230,76110352.00
2013-09-03,3.92,3.96,3.88,3.95,16670035,68740400.00
2013-09-04,3.94,3.98,3.88,3.90,24472791,100481136.00
2013-09-05,3.90,3.91,3.79,3.81,22406724,90453544.00
2013-09-06,3.80,3.88,3.79,3.86,15767119,63843032.00
2013-09-09,3.84,4.04,3.84,4.00,55231255,230217376.00
2013-09-10,4.01,4.33,3.98,4.19,76577291,335745632.00
2013-09-11,4.20,4.45,4.16,4.25,84131297,376404160.00
2013-09-12,4.25,4.33,4.20,4.23,36665935,163155840.00
2013-09-13,4.30,4.41,4.19,4.24,48670891,218531632.00
2013-09-16,4.22,4.22,4.07,4.09,31729916,136889200.00
2013-09-17,4.10,4.10,3.95,3.97,28720139,120819496.00
2013-09-18,3.97,4.02,3.92,3.93,34226362,142549696.00
2013-09-23,3.95,4.00,3.91,3.99,38726893,160728032.00
2013-09-24,3.98,3.99,3.88,3.93,26734435,110380464.00
2013-09-25,3.95,3.96,3.86,3.88,33803266,138929888.00
2013-09-26,3.87,3.88,3.78,3.79,28442072,114394344.00
2013-09-27,3.79,3.82,3.79,3.82,14166009,56750804.00
2013-09-30,3.84,3.86,3.83,3.84,11079088,44759440.00
2013-10-08,3.82,3.86,3.77,3.86,16760078,67472288.00
2013-10-09,3.84,3.87,3.79,3.86,20267671,81648072.00
2013-10-10,3.87,3.88,3.80,3.83,22093624,88932264.00
2013-10-11,3.84,3.94,3.83,3.91,27878903,114030280.00
2013-10-14,3.91,3.93,3.88,3.91,21110773,86624128.00
2013-10-15,3.91,3.93,3.86,3.89,18645192,76226480.00
2013-10-16,3.88,3.88,3.81,3.83,19188362,77482600.00
2013-10-17,3.82,3.87,3.81,3.82,13089858,52762336.00
2013-10-18,3.83,3.84,3.80,3.81,16916328,67977400.00
2013-10-21,3.83,3.84,3.78,3.84,20835163,83595592.00
2013-10-22,3.83,3.86,3.81,3.84,20222930,81570224.00
2013-10-23,3.83,3.92,3.80,3.81,19213802,77858136.00
2013-10-24,3.81,3.82,3.78,3.79,14173344,56660408.00
2013-10-25,3.80,3.81,3.70,3.72,24913380,97998752.00
2013-10-28,3.72,3.74,3.68,3.72,10827255,42358664.00
2013-10-29,3.72,3.77,3.64,3.69,20615735,80386744.00
2013-10-30,3.70,3.78,3.68,3.77,19166461,75629392.00
2013-10-31,3.74,3.76,3.72,3.74,14772183,58138836.00
2013-11-01,3.73,3.76,3.72,3.76,8575024,33832044.00
2013-11-04,3.78,3.79,3.71,3.73,9307335,36738896.00
2013-11-05,3.71,3.74,3.68,3.73,9959267,38959336.00
2013-11-06,3.73,3.74,3.70,3.71,9221152,36153916.00
2013-11-07,3.71,3.72,3.69,3.71,7985978,31203756.00
2013-11-08,3.70,3.71,3.67,3.68,9278480,36063024.00
2013-11-11,3.68,3.69,3.64,3.67,7849841,30361662.00
2013-11-12,3.68,3.71,3.67,3.70,6615223,25703942.00
2013-11-13,3.69,3.69,3.64,3.66,10818730,41792272.00
2013-11-14,3.66,3.70,3.64,3.67,7149699,27651604.00
2013-11-15,3.69,3.77,3.68,3.72,18048778,71056736.00
2013-11-18,3.74,3.81,3.72,3.81,24238567,96213472.00
2013-11-19,3.81,3.83,3.77,3.78,19203136,76681440.00
2013-11-20,3.79,3.94,3.78,3.92,44931261,182938288.00
2013-11-21,3.90,4.08,3.89,4.01,68149490,286013376.00
2013-11-22,4.04,4.06,3.94,3.95,33040795,138514304.00
2013-11-25,3.93,3.99,3.90,3.91,21165101,87578512.00
2013-11-26,3.91,3.96,3.89,3.92,19888750,82288320.00
2013-11-27,3.93,3.97,3.90,3.95,17549689,72575008.00
2013-11-28,3.96,4.03,3.94,3.97,20955470,87613352.00
2013-11-29,3.98,4.04,3.97,3.99,22980146,96576704.00
2013-12-02,3.96,4.00,3.87,3.93,27266256,113036080.00
2013-12-03,3.93,3.95,3.88,3.94,14808970,60912428.00
2013-12-04,3.93,4.11,3.91,4.07,39130252,166712496.00
2013-12-05,4.07,4.07,3.99,4.01,23671678,99956936.00
2013-12-06,4.00,4.02,3.94,3.99,19266815,80533440.00
2013-12-09,4.00,4.02,3.95,3.96,11590291,48356888.00
2013-12-10,3.96,4.00,3.93,3.95,13371469,55567592.00
2013-12-11,3.93,3.94,3.84,3.86,19712614,80410856.00
2013-12-12,3.85,3.89,3.84,3.87,9622497,39081900.00
2013-12-13,3.82,3.87,3.80,3.87,11431279,46304580.00
2013-12-16,3.87,3.88,3.75,3.79,17292027,69355232.00
2013-12-17,3.79,3.80,3.76,3.78,8389214,33392978.00
2013-12-18,3.78,3.79,3.76,3.79,8344770,33211252.00
2013-12-19,3.79,3.81,3.75,3.76,8957176,35607048.00
2013-12-20,3.77,3.77,3.68,3.69,14359092,56093072.00
2013-12-23,3.70,3.71,3.65,3.68,8135660,31597284.00
2013-12-24,3.72,3.75,3.70,3.72,7785734,30547482.00
2013-12-25,3.73,3.74,3.69,3.73,5809759,22768102.00
2013-12-26,3.71,3.72,3.66,3.67,6656701,25886540.00
2013-12-27,3.68,3.75,3.63,3.74,13601260,52892256.00
2013-12-30,3.74,3.75,3.71,3.72,7235816,28406504.00
2013-12-31,3.70,3.76,3.68,3.75,12745752,50047404.00
2014-01-02,3.74,3.75,3.71,3.73,7585375,29804666.00
2014-01-03,3.71,3.72,3.66,3.68,8782098,34071908.00
2014-01-06,3.67,3.67,3.59,3.62,12474590,47593912.00
2014-01-07,3.60,3.63,3.58,3.61,5107651,19454868.00
2014-01-08,3.62,3.65,3.58,3.60,8266673,31427624.00
2014-01-09,3.60,3.62,3.55,3.55,7499379,28378550.00
2014-01-10,3.55,3.56,3.51,3.54,7856847,29330676.00
2014-01-13,3.54,3.57,3.51,3.53,6018908,22474724.00
2014-01-14,3.52,3.57,3.51,3.55,8309259,31075380.00
2014-01-15,3.54,3.57,3.52,3.55,5271306,19725432.00
2014-01-16,3.55,3.57,3.52,3.56,5919737,22200516.00
2014-01-17,3.56,3.56,3.51,3.52,6367971,23701024.00
2014-01-20,3.52,3.53,3.50,3.53,4879978,18136072.00
2014-01-21,3.54,3.59,3.52,3.56,7540730,28363664.00
2014-01-22,3.57,3.64,3.55,3.63,11596325,44133880.00
2014-01-23,3.62,3.63,3.59,3.61,8173216,31098320.00
2014-01-24,3.58,3.64,3.55,3.61,9801060,37332532.00
2014-01-27,3.59,3.59,3.55,3.56,9854378,37100088.00
2014-01-28,3.56,3.59,3.54,3.59,10143414,38201352.00
2014-01-29,3.59,3.61,3.54,3.55,11136481,41971972.00
2014-01-30,3.55,3.57,3.52,3.53,7998269,29953180.00
2014-02-07,3.51,3.55,3.49,3.54,5795804,21569108.00
2014-02-10,3.54,3.62,3.53,3.61,12475351,47349844.00
2014-02-11,3.60,3.65,3.59,3.64,12921415,49358964.00
2014-02-12,3.62,3.65,3.61,3.63,9740036,37292700.00
2014-02-13,3.62,3.69,3.60,3.63,23194044,89373704.00
2014-02-14,3.63,3.70,3.63,3.68,14427837,55880684.00
2014-02-17,3.69,3.71,3.65,3.69,10572171,40987180.00
2014-02-18,3.68,3.71,3.61,3.63,14062151,54062408.00
2014-02-19,3.62,3.74,3.61,3.70,24327902,94830704.00
2014-02-20,3.67,3.72,3.65,3.65,16384133,63545804.00
2014-02-21,3.67,3.70,3.60,3.62,14002541,53876168.00
2014-02-24,3.61,3.61,3.52,3.54,12279304,45964352.00
2014-02-25,3.54,3.55,3.48,3.49,13098070,48709260.00
2014-02-26,3.50,3.50,3.45,3.48,11065440,40636600.00
2014-02-27,3.49,3.49,3.43,3.46,14749305,54031168.00
2014-02-28,3.45,3.50,3.43,3.49,9099436,33361772.00
2014-03-03,3.48,3.55,3.46,3.51,12395499,46005116.00
2014-03-04,3.51,3.51,3.45,3.49,8772498,32247868.00
2014-03-05,3.48,3.50,3.44,3.45,7489894,27474276.00
2014-03-06,3.46,3.47,3.42,3.45,7343093,26743300.00
2014-03-07,3.44,3.48,3.44,3.44,7160605,26160474.00
2014-03-10,3.39,3.39,3.25,3.26,24754752,86917640.00
2014-03-11,3.26,3.29,3.23,3.29,9802352,33937904.00
2014-03-12,3.29,3.32,3.26,3.29,6638453,23123224.00
2014-03-13,3.29,3.33,3.28,3.32,6661648,23372976.00
2014-03-14,3.30,3.31,3.27,3.30,5282074,18417352.00
2014-03-17,3.31,3.38,3.28,3.34,7085756,24971960.00
2014-03-18,3.33,3.34,3.29,3.31,7649624,26851100.00
2014-03-19,3.30,3.30,3.23,3.27,10533445,36402016.00
2014-03-20,3.26,3.28,3.23,3.24,9124258,31562464.00
2014-03-21,3.21,3.32,3.21,3.31,16133271,55906304.00
2014-03-24,3.31,3.38,3.28,3.38,23876092,84287784.00
2014-03-25,3.38,3.40,3.33,3.36,22546909,80285480.00
2014-03-26,3.34,3.37,3.31,3.33,21777543,76955320.00
2014-03-27,3.32,3.35,3.24,3.31,30394632,106486624.00
2014-03-28,3.31,3.31,3.26,3.27,14484277,50498416.00
2014-03-31,3.27,3.27,3.22,3.24,14741699,50854016.00
2014-04-01,3.24,3.28,3.23,3.26,10011023,34594420.00
2014-04-02,3.26,3.31,3.25,3.30,11999943,41841008.00
2014-04-03,3.33,3.33,3.27,3.27,8128888,28452382.00
2014-04-04,3.26,3.29,3.25,3.28,7991474,27745790.00
2014-04-08,3.26,3.33,3.26,3.31,19622593,68719968.00
2014-04-09,3.33,3.34,3.30,3.33,17287906,60823812.00
2014-04-10,3.34,3.45,3.32,3.41,52503527,188300896.00
2014-04-11,3.42,3.44,3.34,3.37,33982297,121281776.00
2014-04-14,3.36,3.37,3.32,3.36,9579050,33962764.00
2014-04-15,3.35,3.35,3.31,3.32,16511011,58198512.00
2014-04-16,3.30,3.33,3.29,3.30,10242031,35926216.00
2014-04-17,3.30,3.32,3.29,3.31,8784471,30782164.00
2014-04-18,3.29,3.30,3.27,3.28,12845483,44706784.00
2014-04-21,3.27,3.29,3.25,3.25,10162843,35260972.00
2014-04-22,3.24,3.25,3.20,3.21,18153417,62079308.00
2014-04-23,3.21,3.23,3.20,3.22,7193581,24563242.00
2014-04-24,3.22,3.23,3.21,3.23,8351285,28542260.00
2014-04-25,3.23,3.23,3.15,3.16,21368646,71946208.00
2014-04-28,3.15,3.15,3.10,3.12,17344911,57604416.00
2014-04-29,3.13,3.14,3.09,3.13,6530401,21681424.00
2014-04-30,3.13,3.14,3.11,3.11,8553799,28381372.00
2014-05-05,3.11,3.12,3.08,3.11,7933844,26132892.00
2014-05-06,3.11,3.14,3.09,3.12,9304615,30841532.00
2014-05-07,3.12,3.12,3.08,3.09,7771643,25626036.00
2014-05-08,3.10,3.13,3.08,3.10,9246403,30599834.00
2014-05-09,3.10,3.11,3.08,3.09,8087736,26599828.00
2014-05-12,3.11,3.21,3.08,3.20,31656266,106597704.00
2014-05-13,3.19,3.19,3.15,3.16,12780585,43023400.00
2014-05-14,3.16,3.18,3.15,3.17,7423856,24997488.00
2014-05-15,3.17,3.18,3.12,3.13,6854945,22959214.00
2014-05-16,3.14,3.14,3.10,3.13,5941361,19718924.00
2014-05-19,3.12,3.12,3.08,3.09,5571366,18379186.00
2014-05-20,3.11,3.12,3.08,3.10,7815772,25797064.00
2014-05-21,3.09,3.12,3.06,3.12,10841237,35711428.00
2014-05-22,3.12,3.15,3.09,3.10,8575573,28483524.00
2014-05-23,3.09,3.12,3.08,3.11,4964660,16375401.00
2014-05-26,3.11,3.13,3.11,3.13,4833314,16042319.00
2014-05-27,3.12,3.14,3.10,3.11,5838394,19379802.00
2014-05-28,3.11,3.12,3.08,3.12,9917824,32728308.00
2014-05-29,3.12,3.13,3.09,3.10,8323300,27543312.00
2014-05-30,3.09,3.11,3.08,3.08,9898363,32618008.00
2014-06-03,3.10,3.10,3.07,3.07,9588805,31501524.00
2014-06-04,3.08,3.09,3.03,3.05,11416026,37187220.00
2014-06-05,3.04,3.07,3.03,3.06,8840101,28686244.00
2014-06-06,3.06,3.08,3.04,3.07,9150403,29782652.00
2014-06-09,3.06,3.08,3.04,3.06,9810102,32000528.00
2014-06-10,3.07,3.11,3.04,3.11,13609124,44691164.00
2014-06-11,3.11,3.17,3.09,3.13,23228383,77625456.00
2014-06-12,3.12,3.13,3.09,3.11,7748864,25601166.00
2014-06-13,3.10,3.14,3.09,3.12,10291198,34150256.00
2014-06-16,3.13,3.14,3.11,3.13,9031410,30065392.00
2014-06-17,3.12,3.13,3.09,3.10,6028471,19937616.00
2014-06-18,3.09,3.11,3.08,3.08,5906224,19428152.00
2014-06-19,3.08,3.09,3.02,3.04,11426189,37143864.00
2014-06-20,3.04,3.05,3.01,3.04,10586368,34160000.00
2014-06-23,3.04,3.05,3.03,3.03,9278626,30056096.00
2014-06-24,3.03,3.06,3.02,3.06,9442472,30549674.00
2014-06-25,3.05,3.05,3.02,3.04,5172835,16738581.00
2014-06-26,3.04,3.07,3.03,3.05,7038087,22895300.00
2014-06-27,3.05,3.09,3.04,3.06,11633320,37976448.00
2014-06-30,3.06,3.10,3.06,3.09,8600580,28223744.00
2014-07-01,3.08,3.10,3.07,3.08,9473947,31104264.00
2014-07-02,3.08,3.11,3.07,3.10,9077995,29874792.00
2014-07-03,3.10,3.20,3.08,3.15,27361465,91759336.00
2014-07-04,3.14,3.15,3.12,3.12,10386671,34652356.00
2014-07-07,3.11,3.12,3.09,3.10,7190140,23741314.00
2014-07-08,3.11,3.18,3.09,3.15,18010725,60334692.00
2014-07-09,3.15,3.15,3.10,3.10,8887604,29569234.00
2014-07-10,3.10,3.13,3.09,3.12,5907366,19560700.00
2014-07-11,3.11,3.14,3.10,3.14,12537066,41637020.00
2014-07-14,3.14,3.17,3.12,3.16,11702401,39102428.00
2014-07-15,3.17,3.22,3.14,3.17,18671853,62106904.00
2014-07-16,3.17,3.26,3.16,3.20,29318787,99059232.00
2014-07-17,3.20,3.21,3.16,3.17,12301521,41048256.00
2014-07-18,3.14,3.21,3.12,3.19,17383356,57999664.00
2014-07-21,3.19,3.21,3.17,3.21,10871978,36459092.00
2014-07-22,3.21,3.25,3.19,3.23,16974113,57610056.00
2014-07-23,3.23,3.25,3.20,3.22,13247705,44778840.00
2014-07-24,3.22,3.32,3.21,3.27,28918308,99117784.00
2014-07-25,3.29,3.30,3.26,3.29,15345711,52776852.00
2014-07-28,3.29,3.44,3.29,3.43,62428323,221279968.00
2014-07-29,3.42,3.43,3.39,3.41,20049189,71499568.00
2014-07-30,3.39,3.48,3.38,3.44,31952713,114679904.00
2014-07-31,3.43,3.46,3.40,3.45,19302719,69152944.00
2014-08-01,3.44,3.46,3.37,3.38,28170462,100737440.00
2014-08-04,3.38,3.52,3.37,3.51,36442248,131436416.00
2014-08-05,3.50,3.54,3.46,3.49,26644500,97436760.00
2014-08-06,3.48,3.56,3.43,3.54,33157643,121616784.00
2014-08-07,3.55,3.57,3.45,3.46,24998261,91590304.00
2014-08-08,3.45,3.48,3.44,3.45,13087155,47337640.00
2014-08-11,3.46,3.54,3.45,3.53,23885063,87572944.00
2014-08-12,3.51,3.53,3.49,3.53,12188398,44714628.00
2014-08-13,3.53,3.53,3.43,3.48,31288819,113627320.00
2014-08-14,3.47,3.51,3.42,3.43,22124570,80235648.00
2014-08-15,3.44,3.48,3.43,3.48,21808040,78953280.00
2014-08-18,3.47,3.50,3.43,3.46,32446193,117419352.00
2014-08-19,3.46,3.49,3.43,3.48,29705477,107377232.00
2014-08-20,3.48,3.49,3.45,3.48,15005279,54438892.00
2014-08-21,3.47,3.47,3.42,3.45,24433950,87973632.00
2014-08-22,3.45,3.46,3.43,3.45,11431478,41238616.00
2014-08-25,3.46,3.72,3.40,3.56,68839957,255772992.00
2014-08-26,3.51,3.52,3.42,3.42,41780500,151333184.00
2014-08-27,3.41,3.43,3.39,3.40,15766099,56258568.00
2014-08-28,3.40,3.41,3.36,3.39,14623459,51849476.00
2014-08-29,3.39,3.41,3.37,3.41,9407349,33361308.00
2014-09-01,3.41,3.43,3.39,3.42,12212562,43614744.00
2014-09-02,3.43,3.48,3.42,3.47,27720821,100103328.00
2014-09-03,3.48,3.52,3.47,3.50,32830300,120073984.00
2014-09-04,3.52,3.54,3.49,3.54,28881712,106331400.00
2014-09-05,3.55,3.61,3.52,3.57,40146264,149827472.00
2014-09-09,3.60,3.67,3.57,3.64,70074723,264712656.00
2014-09-10,3.61,3.69,3.58,3.63,30779369,116733264.00
2014-09-11,3.63,3.66,3.56,3.59,27395757,103218264.00
2014-09-12,3.58,3.70,3.56,3.67,47255443,180241328.00
2014-09-15,3.66,3.80,3.64,3.75,60730863,237207552.00
2014-09-16,3.76,3.86,3.67,3.68,83280688,328504896.00
2014-09-17,3.68,3.72,3.62,3.68,32307741,123874720.00
2014-09-18,3.66,3.75,3.65,3.68,28846274,111138576.00
2014-09-19,3.68,3.75,3.66,3.72,26026669,100558560.00
2014-09-22,3.71,3.71,3.60,3.63,21959634,83628656.00
2014-09-23,3.62,3.66,3.61,3.65,11979223,45482412.00
2014-09-24,3.64,3.71,3.62,3.70,20227854,77674016.00
2014-09-25,3.72,3.84,3.71,3.76,41116445,161608064.00
2014-09-26,3.74,3.89,3.73,3.84,42812812,170303936.00
2014-09-29,3.84,3.88,3.79,3.83,48963578,195333920.00
2014-09-30,3.88,3.94,3.80,3.83,59263113,238266080.00
2014-10-08,3.83,3.84,3.75,3.82,27865393,110277896.00
2014-10-09,3.82,3.84,3.78,3.81,20189747,80088712.00
2014-10-10,3.79,3.87,3.79,3.84,39609184,158112944.00
2014-10-13,3.82,3.82,3.75,3.81,20414211,80521576.00
2014-10-14,3.77,3.83,3.74,3.77,18388799,72625320.00
2014-10-15,3.78,4.16,3.78,4.16,148481992,638015296.00
2014-10-16,4.15,4.51,4.09,4.25,214877726,951791680.00
2014-10-17,4.16,4.23,4.04,4.12,94711039,404798208.00
2014-10-20,4.06,4.11,3.98,4.08,80891960,339115360.00
2014-10-21,4.05,4.13,3.99,4.06,52901429,223380240.00
2014-10-22,4.04,4.10,4.01,4.03,40716916,171185408.00
2014-10-23,4.03,4.06,3.90,3.91,44056247,181564432.00
2014-10-24,3.89,3.93,3.83,3.85,28619834,115593520.00
2014-10-27,3.84,3.95,3.78,3.91,35457410,143153680.00
2014-10-28,3.94,4.06,3.92,4.04,47316982,196825920.00
2014-10-29,4.06,4.32,4.02,4.20,125496683,545456640.00
2014-10-30,4.14,4.45,4.04,4.31,137221308,606614784.00
2014-10-31,4.26,4.39,4.21,4.26,87238058,388343904.00
2014-11-03,4.26,4.64,4.25,4.47,146710228,677584832.00
2014-11-04,4.48,4.70,4.40,4.50,107605962,505076704.00
2014-11-05,4.58,4.62,4.40,4.46,68467427,317351040.00
2014-11-06,4.42,4.45,4.30,4.38,57376448,259220560.00
2014-11-07,4.41,4.57,4.37,4.41,84882040,392532960.00
2014-11-10,4.43,4.63,4.38,4.60,99218901,464614368.00
2014-11-11,4.63,4.89,4.42,4.56,143386993,690584704.00
2014-11-12,4.55,4.80,4.49,4.72,92135197,446856512.00
2014-11-13,4.74,4.92,4.72,4.87,93939059,468179872.00
2014-11-14,5.02,5.06,4.78,4.82,89589573,451716832.00
2014-11-17,4.85,4.87,4.58,4.70,52615858,256423648.00
2014-11-18,4.70,4.70,4.52,4.60,47089444,223907808.00
2014-11-19,4.61,4.71,4.60,4.65,34109014,164361104.00
2014-11-20,4.64,4.65,4.53,4.60,18888657,89702200.00
2014-11-21,4.56,4.67,4.48,4.66,54907132,260014000.00
2014-11-24,4.70,4.88,4.61,4.79,95410887,468952448.00
2014-11-25,4.78,4.91,4.72,4.83,79968136,399113888.00
2014-11-26,4.86,4.88,4.72,4.80,66614343,330518880.00
2014-11-27,4.83,4.97,4.77,4.95,78808951,394129440.00
2014-11-28,5.35,5.46,5.30,5.46,224929688,1257968768.00
2014-12-01,5.69,6.02,5.69,6.02,212111030,1292297856.00
2014-12-02,5.84,6.40,5.64,6.16,218839953,1337879552.00
2014-12-03,6.12,6.34,5.85,6.01,170187423,1059168896.00
2014-12-04,5.97,6.23,5.85,6.17,122222926,760010304.00
2014-12-05,6.19,6.36,5.88,5.98,150382155,937371392.00
2014-12-08,6.02,6.31,5.99,6.18,159426437,1004275392.00
2014-12-09,6.54,6.70,5.85,5.99,213310507,1399471872.00
2014-12-10,5.91,6.20,5.71,6.17,128565927,785112640.00
2014-12-11,6.52,6.80,6.39,6.80,136186162,925824256.00
2014-12-12,7.22,7.29,6.69,6.93,203119686,1442638208.00
2014-12-15,7.16,7.22,6.78,6.90,129528714,921421440.00
2014-12-16,7.09,7.19,6.82,7.13,158084850,1133005696.00
2014-12-17,7.14,7.70,6.94,7.50,208523421,1573479936.00
2014-12-18,7.23,7.83,7.15,7.57,189361003,1456509568.00
2014-12-19,7.50,8.34,7.50,8.34,258935411,2156238080.00
2014-12-22,8.19,8.35,7.69,7.82,246090718,2004633728.00
2014-12-23,8.01,8.11,7.30,7.39,142424749,1129139456.00
2014-12-24,7.22,7.31,6.79,6.93,179964952,1286874496.00
2014-12-25,7.04,7.39,6.89,7.38,131118705,955139584.00
2014-12-26,7.42,7.83,7.15,7.64,152014244,1171100928.00
2014-12-29,7.62,7.94,7.50,7.67,146006051,1143076736.00
2014-12-30,7.78,7.88,7.46,7.65,110445612,861387584.00
2014-12-31,7.56,7.76,7.46,7.68,96096254,747777344.00
2015-01-05,7.82,8.46,7.82,8.46,231611758,1954000896.00
2015-01-06,8.84,9.19,8.50,8.82,226387392,2035689216.00
2015-01-07,9.11,9.41,8.89,9.01,164205392,1523493504.00
2015-01-08,8.86,8.88,8.49,8.64,111971272,989441152.00
2015-01-09,8.47,9.03,8.46,8.62,106096607,944273600.00
2015-01-12,8.63,8.80,8.25,8.78,84105002,728123392.00
2015-01-13,8.96,9.22,8.78,8.80,100246560,916688192.00
2015-01-14,8.76,8.76,8.30,8.53,78939843,683461248.00
2015-01-15,8.30,8.58,8.04,8.57,93094804,786596928.00
2015-01-16,8.58,8.63,8.33,8.43,84450077,727436160.00
2015-01-19,7.74,8.08,7.57,7.57,108312424,856759232.00
2015-01-20,7.49,7.79,7.48,7.78,92891743,724690368.00
2015-01-21,7.92,8.08,7.85,8.07,97808260,795287936.00
2015-01-22,8.00,8.09,7.87,7.98,65075433,529326976.00
2015-01-23,8.00,8.27,7.94,8.10,83991964,695600768.00
2015-01-26,8.24,8.42,8.03,8.39,92436802,772733056.00
2015-01-27,8.31,8.32,7.88,8.11,92547862,763824320.00
2015-01-28,7.94,8.00,7.84,7.86,61740781,496818592.00
2015-01-29,7.71,7.96,7.65,7.76,45075402,359523360.00
2015-01-30,7.76,7.87,7.49,7.53,61877792,481157696.00
2015-02-02,7.29,7.35,7.09,7.13,57952168,426873600.00
2015-02-03,7.13,7.29,6.90,7.25,74340632,539057024.00
2015-02-04,7.12,7.21,7.01,7.03,55131167,401077024.00
2015-02-05,7.25,7.35,7.01,7.05,58525474,430421856.00
2015-02-06,6.94,6.99,6.53,6.74,88555722,607298048.00
2015-02-09,6.64,6.77,6.55,6.68,38619482,263909568.00
2015-02-10,6.65,7.00,6.61,6.93,53177766,373865664.00
2015-02-11,7.01,7.04,6.89,6.97,33054385,235476032.00
2015-02-12,7.00,7.24,6.90,7.15,39071706,283130464.00
2015-02-13,7.15,7.22,7.04,7.15,42936036,313493536.00
2015-02-16,7.09,7.18,7.01,7.12,37696906,273902720.00
2015-02-17,7.11,7.69,7.11,7.59,86883944,658539968.00
2015-02-25,7.62,7.66,7.44,7.49,44627376,342976256.00
2015-02-26,7.44,7.56,7.22,7.51,50410267,381521984.00
2015-02-27,7.56,7.89,7.56,7.74,83818602,660706112.00
2015-03-02,7.73,7.73,7.51,7.66,48440374,376632000.00
2015-03-03,7.57,7.63,7.30,7.32,53612800,406994592.00
2015-03-04,7.30,7.39,7.22,7.30,31289791,233360256.00
2015-03-05,7.24,7.29,6.99,7.09,57677427,417902496.00
2015-03-06,7.09,7.49,7.07,7.16,45295092,334686208.00
2015-03-09,7.10,7.29,6.95,7.24,33709024,245583072.00
2015-03-10,7.20,7.50,7.18,7.41,52757606,397501760.00
2015-03-11,7.45,8.02,7.44,7.75,116008415,926420288.00
2015-03-12,7.76,7.94,7.59,7.75,68327296,541564224.00
2015-03-13,7.88,8.52,7.88,8.23,133804064,1120187264.00
2015-03-16,8.47,8.69,8.18,8.62,139405235,1194764416.00
2015-03-17,8.66,9.50,8.49,9.50,231667123,2190311424.00
2015-03-18,9.84,10.47,9.76,9.87,306301089,3130348800.00
2015-03-19,9.55,9.61,9.38,9.52,159326119,1534296064.00
2015-03-20,9.54,9.57,9.07,9.21,145686629,1373541760.00
2015-03-23,9.14,9.34,9.08,9.25,111652061,1047643840.00
2015-03-24,9.17,9.83,9.09,9.70,199387256,1914615680.00
2015-03-25,9.43,9.45,9.20,9.26,109442132,1035131200.00
2015-03-26,9.20,9.21,8.89,9.02,108500398,994224000.00
2015-03-27,8.94,9.13,8.84,9.04,67642107,617888320.00
2015-03-30,9.17,9.60,9.08,9.53,142538895,1362303104.00
2015-03-31,9.54,9.59,9.14,9.27,83165279,794959424.00
2015-04-01,9.22,9.95,9.22,9.82,132794517,1310614400.00
2015-04-02,9.64,9.76,9.45,9.68,90056090,878273600.00
2015-04-03,9.70,9.99,9.61,9.73,79689070,792528320.00
2015-04-07,9.54,10.72,9.44,10.39,193210802,1998105344.00
2015-04-08,10.30,10.72,9.90,10.26,168803942,1772743936.00
2015-04-09,10.43,10.49,9.85,10.11,107299826,1108507776.00
2015-04-10,10.10,10.44,9.96,10.28,78459052,818249088.00
2015-04-13,10.46,10.55,10.29,10.35,88014104,930424512.00
2015-04-14,10.45,10.55,10.14,10.26,72583038,759603456.00
2015-04-15,10.19,10.24,9.86,9.94,75256921,765848704.00
2015-04-16,9.70,10.09,9.55,9.98,82696526,828401280.00
2015-04-17,10.34,10.79,10.20,10.53,201450524,2131952384.00
2015-04-20,10.40,11.54,10.25,10.91,243271062,2687098880.00
2015-04-21,10.92,11.02,10.59,11.00,115450562,1268023168.00
2015-04-22,11.34,11.44,11.05,11.13,120612807,1368551936.00
2015-04-23,11.21,11.26,10.77,10.93,110707068,1231065344.00
2015-04-24,10.84,11.83,10.64,11.80,211316118,2426898688.00
2015-04-27,12.27,13.00,12.14,13.00,283458371,3651062784.00
2015-04-28,13.04,14.12,12.59,13.43,307440834,4136139264.00
2015-04-29,13.04,13.32,12.65,12.96,141311675,1853796992.00
2015-04-30,12.98,13.84,12.84,12.89,151944964,2033484160.00
2015-05-04,12.89,13.11,12.33,12.66,114719880,1473669632.00
2015-05-05,12.80,12.85,11.48,11.85,124483133,1528198912.00
2015-05-06,11.64,11.95,10.85,11.18,107211610,1255871488.00
2015-05-07,10.96,11.14,10.36,10.40,88642717,964849088.00
2015-05-08,10.54,11.46,10.54,11.45,128475041,1422026240.00
2015-05-11,11.54,11.82,11.21,11.63,140299213,1637203968.00
2015-05-12,11.62,11.69,11.21,11.59,105563277,1227503104.00
2015-05-13,11.39,11.54,11.04,11.13,88609865,1012175360.00
2015-05-14,11.13,11.57,10.99,11.52,102307259,1174122368.00
2015-05-15,11.34,11.45,10.89,10.99,65811020,739783296.00
2015-05-18,10.79,11.13,10.64,10.67,65826784,725035008.00
2015-05-19,10.57,11.14,10.55,11.01,66378981,736730816.00
2015-05-20,11.19,11.54,10.94,11.09,91167375,1051926528.00
2015-05-21,11.11,11.68,10.74,11.45,93725675,1069561472.00
2015-05-22,11.63,11.84,11.28,11.81,127035227,1486646272.00
2015-05-25,11.74,12.60,11.67,12.39,130516934,1620073600.00
2015-05-26,12.41,12.65,12.06,12.55,135507209,1700565760.00
2015-05-27,12.59,13.37,12.59,12.63,136794659,1789107968.00
2015-05-28,12.54,12.54,11.35,11.36,159107280,1932771968.00
2015-05-29,11.26,11.49,10.52,11.03,95731211,1079627264.00
2015-06-01,10.98,11.72,10.85,11.56,82253174,942123264.00
2015-06-02,11.49,11.84,11.36,11.83,84692791,995616064.00
2015-06-03,11.77,11.97,11.39,11.72,88816550,1049431680.00
2015-06-04,11.81,11.90,10.84,11.63,81726692,954283648.00
2015-06-05,11.83,12.24,11.69,12.09,131893061,1602295040.00
2015-06-08,12.24,13.32,12.21,13.32,218415591,2882029568.00
2015-06-09,13.82,13.93,13.13,13.17,259766911,3546548736.00
2015-06-10,12.68,14.02,12.43,13.38,200639609,2694254848.00
2015-06-11,12.95,13.34,12.84,12.98,101020678,1333392128.00
2015-06-12,12.95,13.22,12.60,12.74,82105129,1062717120.00
2015-06-15,12.80,13.33,12.74,12.93,111405347,1479141248.00
2015-06-16,12.73,13.27,12.31,12.77,106644462,1389004288.00
2015-06-17,12.59,12.76,11.90,12.56,100853015,1265977216.00
2015-06-18,12.64,13.82,12.50,13.05,179859559,2447767296.00
2015-06-19,12.34,13.04,11.73,11.73,121438571,1504275968.00
2015-06-23,11.63,12.87,11.14,12.82,123202838,1521384064.00
2015-06-24,13.02,14.12,13.02,14.12,239963545,3379646976.00
2015-06-25,14.40,15.09,13.64,14.13,271276077,3978721280.00
2015-06-26,13.39,14.99,12.92,13.80,266134696,3797832704.00
2015-06-29,14.42,15.20,14.22,15.20,359940102,5436006400.00
2015-07-29,13.67,14.78,13.67,14.39,555724754,7782455808.00
2015-07-30,13.58,13.76,12.94,12.94,300972497,4010730240.00
2015-07-31,12.58,12.58,11.64,11.64,233678473,2812576512.00
2015-08-03,11.64,12.16,10.67,11.12,198688314,2319736320.00
2015-08-04,11.24,12.18,11.07,12.17,261990377,3079942912.00
2015-08-05,12.08,12.12,11.25,11.42,211580841,2494860544.00
2015-08-06,10.89,11.36,10.79,11.02,104747312,1169577472.00
2015-08-07,11.17,11.63,11.10,11.30,132146297,1513049600.00
2015-08-10,11.64,12.38,11.44,12.12,194055801,2340259584.00
2015-08-11,11.97,12.08,11.09,11.39,298307965,3472001024.00
2015-08-12,10.87,11.13,10.49,10.81,231638649,2538659840.00
2015-08-13,10.83,11.12,10.81,11.11,135104691,1501520256.00
2015-08-14,11.35,11.39,10.94,10.99,121875095,1368129280.00
2015-08-17,11.09,11.99,10.92,11.95,244674670,2793359104.00
2015-08-18,11.79,11.79,10.74,10.74,213025429,2420675584.00
2015-08-19,10.38,11.18,10.03,10.93,138236950,1478777216.00
2015-08-20,10.74,10.86,10.13,10.20,92736031,985525952.00
2015-08-21,9.99,10.27,9.17,9.28,125301228,1218917632.00
2015-08-24,8.86,8.86,8.34,8.34,91798572,782522048.00
2015-08-25,7.50,7.91,7.50,7.50,134615996,1039983616.00
2015-08-26,7.50,7.74,6.74,6.74,147882824,1078530560.00
2015-08-27,6.89,7.14,6.42,7.08,121043342,847507392.00
2015-08-28,7.13,7.74,7.02,7.72,166281649,1245754368.00
2015-08-31,7.49,7.69,7.20,7.63,130394613,986885632.00
2015-09-01,7.39,7.95,6.94,7.90,157750239,1202686848.00
2015-09-02,7.49,8.70,7.40,8.48,217489225,1816849792.00
2015-09-07,8.29,8.83,7.89,7.95,99576087,846097792.00
2015-09-08,7.78,8.29,7.50,8.12,62101092,498798144.00
2015-09-09,8.19,8.52,8.12,8.24,72356399,609336192.00
2015-09-10,8.15,8.46,8.07,8.10,47039795,393382688.00
2015-09-11,8.20,8.29,7.96,8.13,36284242,298778848.00
2015-09-14,8.30,8.36,7.36,7.88,72143708,575748800.00
2015-09-15,7.54,7.78,7.08,7.10,49051782,368654016.00
2015-09-16,7.14,7.79,7.12,7.70,46151342,348260608.00
2015-09-17,7.67,7.87,7.31,7.33,47551694,368287296.00
2015-09-18,7.48,7.54,7.32,7.39,26529237,199852560.00
2015-09-21,7.39,7.81,7.33,7.69,37130494,287037152.00
2015-09-22,7.69,8.21,7.62,8.04,64873867,519418528.00
2015-09-23,7.79,7.97,7.70,7.72,40811402,323796416.00
2015-09-24,7.75,7.94,7.66,7.78,29920537,236185792.00
2015-09-25,7.75,7.84,7.39,7.45,29682315,228565232.00
2015-09-28,7.48,7.55,7.34,7.53,20865181,158210432.00
2015-09-29,7.42,7.48,7.29,7.31,21850840,163905808.00
2015-09-30,7.37,7.65,7.31,7.43,25375011,192441488.00
2015-10-08,7.59,7.74,7.49,7.66,37592019,291158208.00
2015-10-09,7.62,7.99,7.58,7.81,41965349,330685280.00
2015-10-12,7.80,8.26,7.80,8.23,66580393,546522304.00
2015-10-13,8.19,8.41,8.10,8.26,59082989,495464800.00
2015-10-14,8.17,8.21,7.95,7.99,43757229,357778912.00
2015-10-15,7.94,8.25,7.90,8.20,57098582,470450784.00
2015-10-16,8.47,8.89,8.41,8.67,108221420,947211712.00
2015-10-19,8.64,9.08,8.42,8.89,105185972,936084544.00
2015-10-20,8.85,9.07,8.66,9.01,98961115,890670848.00
2015-10-21,9.06,9.16,8.27,8.49,117336195,1050512192.00
2015-10-22,8.86,9.35,8.69,9.35,163751698,1499430784.00
2015-10-23,9.29,9.38,8.79,9.29,153213931,1413256064.00
2015-10-26,9.30,9.35,8.94,9.07,103933203,954338368.00
2015-10-27,8.98,8.98,8.51,8.95,82415784,731496704.00
2015-10-28,8.94,9.08,8.69,8.76,65811216,596636288.00
2015-10-29,8.71,8.94,8.69,8.83,40086842,358030688.00
2015-10-30,8.89,8.92,8.71,8.83,36488615,326033568.00
2015-11-02,8.59,8.75,8.40,8.56,36068258,315845472.00
2015-11-03,8.69,8.69,8.49,8.57,23758501,206597680.00
2015-11-04,8.58,9.03,8.54,8.96,59907255,534843168.00
2015-11-05,8.97,9.87,8.87,9.68,230513917,2230628352.00
2015-11-06,9.42,9.85,9.37,9.74,132471859,1284861824.00
2015-11-09,9.64,10.25,9.55,9.75,178317734,1790248704.00
2015-11-10,9.62,9.74,9.48,9.55,81143326,786575168.00
2015-11-11,9.49,9.66,9.42,9.55,50456141,486985824.00
2015-11-12,9.61,9.73,9.42,9.48,53046536,513474656.00
2015-11-13,9.40,9.69,9.39,9.49,63414758,611648256.00
2015-11-16,9.19,9.27,9.07,9.26,69729543,644838208.00
2015-11-17,9.31,9.64,9.19,9.26,78050396,744524928.00
2015-11-18,9.27,9.31,8.94,8.99,48693107,449833984.00
2015-11-19,9.02,9.19,8.97,9.18,32556249,298682336.00
2015-11-20,9.21,9.25,9.06,9.14,36012681,332826016.00
2015-11-23,9.15,9.16,8.91,8.96,41087206,376019040.00
2015-11-24,8.93,8.93,8.70,8.81,41456633,368667136.00
2015-11-25,8.70,8.93,8.67,8.92,33749451,301656384.00
2015-11-26,8.92,8.95,8.78,8.81,29193027,261971552.00
2015-11-27,8.75,8.78,8.03,8.10,66151468,564696576.00
2015-11-30,8.08,8.25,7.66,7.96,46956539,378372032.00
2015-12-01,8.01,8.29,7.96,8.25,40342890,331800480.00
2015-12-02,8.21,8.55,8.06,8.49,51768479,437496512.00
2015-12-03,8.64,8.73,8.40,8.52,43084114,373241696.00
2015-12-04,8.38,8.43,8.10,8.20,51724731,432524416.00
2015-12-07,8.24,8.29,8.12,8.22,29053645,242399344.00
2015-12-08,8.39,9.01,8.38,8.56,110692491,975861696.00
2015-12-09,8.40,8.46,8.11,8.24,64969396,545553152.00
2015-12-10,8.25,8.30,8.07,8.09,37678734,311288896.00
2015-12-11,8.12,8.14,7.89,8.00,28276969,228765856.00
2015-12-14,7.97,8.37,7.91,8.31,37814751,313334240.00
2015-12-15,8.30,8.39,8.14,8.27,31217900,261294432.00
2015-12-16,8.17,8.27,8.13,8.18,28156715,233673104.00
2015-12-17,8.30,8.54,8.27,8.46,59125844,503772064.00
2015-12-18,8.54,9.28,8.54,8.75,116330630,1048060160.00
2015-12-21,8.69,9.18,8.58,8.92,72241761,652886912.00
2015-12-22,8.99,9.00,8.74,8.88,46381020,414877664.00
2015-12-23,8.86,8.93,8.74,8.77,43472498,389395712.00
2015-12-24,8.70,8.75,8.45,8.62,36047781,313380416.00
2015-12-25,8.65,8.79,8.59,8.68,24821142,218385024.00
2015-12-28,8.70,8.80,8.43,8.46,31208170,272828032.00
2015-12-29,8.47,8.65,8.46,8.63,22899890,198876128.00
2015-12-30,8.63,8.63,8.44,8.52,26896023,232089968.00
2015-12-31,8.57,8.57,8.45,8.47,18197535,156832032.00
2016-01-04,8.39,8.39,7.68,7.70,30834338,252102112.00
2016-01-05,7.46,7.79,7.31,7.49,41358286,316494816.00
2016-01-06,7.56,7.76,7.55,7.75,32931271,255897008.00
2016-01-07,7.71,7.91,7.41,7.43,15837617,122876176.00
2016-01-08,7.59,7.94,7.19,7.69,48295494,374211744.00
2016-01-11,7.56,8.15,7.50,7.56,77408225,617950720.00
2016-01-12,7.80,7.93,7.42,7.65,49895887,387531520.00
2016-01-13,7.76,7.79,7.38,7.40,34982510,268364912.00
2016-01-14,7.18,7.46,6.99,7.37,42905462,313635392.00
2016-01-15,7.26,7.33,6.62,6.62,54732819,382178048.00
2016-01-18,6.60,7.00,6.55,6.81,39200359,270167072.00
2016-01-19,6.83,7.13,6.75,7.04,31190926,221104848.00
2016-01-20,7.04,7.76,7.00,7.76,139691019,1085306368.00
2016-01-21,7.81,7.88,7.25,7.30,133395291,1030226304.00
2016-01-22,7.25,7.44,6.84,7.27,68133706,497275232.00
2016-01-25,7.18,7.29,7.04,7.17,47439118,346030944.00
2016-01-26,7.19,7.28,6.67,6.73,61165883,435080736.00
2016-01-27,6.68,6.74,6.14,6.44,46482116,304024768.00
2016-01-28,6.39,6.39,6.00,6.10,29840445,189296512.00
2016-01-29,6.12,6.49,5.99,6.36,37099775,236801568.00
2016-02-01,6.37,6.37,6.10,6.21,24851418,158237616.00
2016-02-02,6.27,6.64,6.25,6.45,34388145,226320480.00
2016-02-03,6.46,6.68,6.39,6.63,39845464,266895904.00
2016-02-04,6.62,6.79,6.53,6.69,31057149,210842368.00
2016-02-05,6.79,6.99,6.69,6.71,38281596,266577904.00
2016-02-15,6.55,6.94,6.44,6.78,32872102,224126576.00
2016-02-16,6.83,6.99,6.79,6.94,32295470,226741728.00
2016-02-17,6.93,7.00,6.83,6.98,28535047,201105088.00
2016-02-18,6.94,7.00,6.84,6.87,29825074,209034848.00
2016-02-19,6.89,6.91,6.69,6.77,20364746,140299840.00
2016-02-22,6.85,7.03,6.85,6.98,31920599,225216656.00
2016-02-23,6.96,6.97,6.71,6.82,25277692,175201792.00
2016-02-24,6.86,6.95,6.75,6.93,25851379,179791184.00
2016-02-25,6.89,6.89,6.23,6.29,37400990,248838416.00
2016-02-26,6.41,6.44,6.24,6.37,22828630,147719808.00
2016-02-29,6.32,6.32,5.87,6.03,38007474,231274176.00
2016-03-01,6.01,6.15,5.94,6.12,22861231,140905120.00
2016-03-02,6.12,6.42,6.09,6.40,32781543,209816240.00
2016-03-03,6.42,6.54,6.33,6.48,38813098,254206480.00
2016-03-04,6.44,6.58,6.34,6.51,46559704,306815392.00
2016-03-07,6.48,6.61,6.42,6.55,22656923,150227936.00
2016-03-08,6.47,6.52,6.10,6.50,30195172,193591808.00
2016-03-09,6.32,6.52,6.25,6.51,24227807,157231648.00
2016-03-10,6.42,6.48,6.30,6.33,12601101,82061656.00
2016-03-11,6.29,6.35,6.21,6.31,10837448,69166664.00
2016-03-14,6.35,6.61,6.35,6.52,31794543,211197488.00
2016-03-15,6.54,6.54,6.36,6.52,16042820,105447784.00
2016-03-16,6.49,6.74,6.47,6.64,39612404,267675152.00
2016-03-17,6.67,6.74,6.55,6.68,22885007,154792352.00
2016-03-18,6.70,6.84,6.66,6.73,38390650,263111584.00
2016-03-21,6.78,7.04,6.72,6.92,48867658,343245312.00
2016-03-22,6.90,6.96,6.80,6.83,21100092,147363696.00
2016-03-23,6.80,6.83,6.60,6.73,43543947,296211392.00
2016-03-24,6.72,6.84,6.65,6.67,31257307,214259936.00
2016-03-25,6.61,6.70,6.60,6.68,17162180,115961456.00
2016-03-28,6.72,6.84,6.71,6.73,26733578,183899920.00
2016-03-29,6.75,6.76,6.46,6.52,29747999,198695056.00
2016-03-30,6.57,6.73,6.57,6.70,19282309,130720992.00
2016-03-31,6.83,6.85,6.72,6.75,25337834,174335328.00
2016-04-01,6.74,7.25,6.74,7.03,66048308,473921504.00
2016-04-05,7.03,7.38,6.98,7.28,69055115,507243904.00
2016-04-06,7.28,7.28,7.09,7.15,32369694,234570096.00
2016-04-07,7.15,7.24,7.01,7.08,31176508,225107920.00
2016-04-08,6.99,7.12,6.95,7.04,19694586,140544640.00
2016-04-11,7.11,7.13,7.03,7.07,26403623,189990048.00
2016-04-12,7.07,7.08,6.85,6.94,26764060,188770176.00
2016-04-13,6.96,7.13,6.95,7.08,42207397,302821824.00
2016-04-14,7.16,7.27,7.12,7.17,36047282,263378640.00
2016-04-15,7.13,7.17,7.03,7.08,29028019,208526720.00
2016-04-18,7.19,7.23,7.00,7.05,33845963,244008848.00
2016-04-19,7.02,7.16,6.89,7.01,37354450,266099440.00
2016-04-20,6.98,7.11,6.60,7.00,46436542,324824480.00
2016-04-21,6.99,6.99,6.75,6.81,22401793,156174880.00
2016-04-22,6.75,6.79,6.63,6.75,14812626,100947608.00
2016-04-25,6.75,6.77,6.64,6.69,10866236,74024456.00
2016-04-26,6.69,6.75,6.64,6.73,11290471,76835400.00
2016-04-27,6.73,6.73,6.66,6.67,13444648,91319296.00
2016-04-28,6.67,6.73,6.60,6.72,14190984,96143016.00
2016-04-29,6.71,6.74,6.65,6.70,12665231,86311872.00
2016-05-03,6.74,6.90,6.69,6.80,40660797,280373408.00
2016-05-04,6.76,7.39,6.74,7.25,100936227,730824896.00
2016-05-05,7.29,7.59,7.19,7.36,89296336,672772544.00
2016-05-06,7.34,7.69,7.24,7.25,54555469,411771072.00
2016-05-09,7.10,7.39,6.87,7.05,62569942,450932576.00
2016-05-10,7.09,7.44,7.02,7.19,45887955,338258592.00
2016-05-11,7.24,7.89,7.10,7.61,72210633,552114816.00
2016-05-12,7.48,7.83,7.36,7.62,47598444,367430880.00
2016-05-13,7.61,7.62,7.33,7.43,39049913,295427584.00
2016-05-16,7.35,7.61,7.19,7.56,31018727,233467392.00
2016-05-17,7.49,7.53,7.30,7.37,18920605,142164880.00
2016-05-18,7.39,7.51,7.12,7.34,27211787,201706704.00
2016-05-19,7.28,7.41,7.17,7.24,20550253,151724352.00
2016-05-20,7.20,7.32,7.09,7.27,15696173,114696752.00
2016-05-23,7.28,7.42,7.23,7.36,17505185,130492080.00
2016-05-24,7.36,7.37,7.19,7.26,10421655,76862656.00
2016-05-25,7.32,7.32,6.88,6.90,40517918,288578720.00
2016-05-26,6.86,6.88,6.65,6.83,23255138,159475440.00
2016-05-27,6.79,6.91,6.76,6.84,10229293,70983688.00
2016-05-30,6.79,6.79,6.63,6.66,22320819,151608480.00
2016-05-31,6.65,6.88,6.64,6.87,31358062,217272448.00
2016-06-01,6.86,6.99,6.79,6.90,30704112,215058352.00
2016-06-02,6.92,7.10,6.89,7.06,28375819,202501968.00
2016-06-03,7.00,7.07,6.96,7.05,20799617,148363360.00
2016-06-06,7.27,7.36,7.06,7.08,31645774,230405936.00
2016-06-07,7.05,7.08,6.97,7.04,13045047,92980040.00
2016-06-08,7.04,7.04,6.89,6.99,17014927,120397600.00
2016-06-13,6.90,7.04,6.85,6.87,19215111,135786176.00
2016-06-14,6.82,6.91,6.77,6.88,9614964,66909624.00
2016-06-15,6.82,7.01,6.79,6.99,17620520,124389080.00
2016-06-16,6.99,7.11,6.80,6.87,26750586,189171040.00
2016-06-17,6.90,7.11,6.90,6.98,21106675,150524672.00
2016-06-20,6.96,6.99,6.85,6.98,16423951,115275360.00
2016-06-21,7.00,7.02,6.89,6.92,14375175,101667320.00
2016-06-22,6.90,6.94,6.87,6.93,9094666,63809020.00
2016-06-23,6.92,6.93,6.82,6.83,17161593,119712320.00
2016-06-24,6.85,6.87,6.61,6.68,26379922,180550064.00
2016-06-27,6.66,6.79,6.64,6.79,15031042,102828032.00
2016-06-28,6.74,6.81,6.68,6.79,19514520,133461728.00
2016-06-29,6.81,6.81,6.74,6.79,28807457,198264816.00
2016-06-30,6.84,6.84,6.71,6.76,19550600,131965128.00
2016-07-01,6.77,6.82,6.76,6.78,12594044,85436608.00
2016-07-04,6.78,6.98,6.72,6.93,38628180,264994240.00
2016-07-05,6.94,7.32,6.92,7.15,59849086,428222784.00
2016-07-06,7.15,7.15,7.03,7.11,25693736,182318688.00
2016-07-07,7.10,7.27,7.03,7.17,37588850,269203872.00
2016-07-08,7.25,7.32,7.15,7.17,32892912,237565584.00
2016-07-11,7.20,7.34,7.06,7.27,45661113,330324288.00
2016-07-12,7.24,8.00,7.21,8.00,120092878,929611392.00
2016-07-13,8.08,8.32,7.86,7.88,100860952,816562560.00
2016-07-14,7.94,7.94,7.72,7.90,41015375,320251744.00
2016-07-15,7.95,8.10,7.87,7.96,41616934,332895936.00
2016-07-18,7.89,8.20,7.80,8.10,44507009,359523328.00
2016-07-19,8.02,8.05,7.70,7.85,37505354,293748800.00
2016-07-20,7.84,7.88,7.72,7.79,17173165,133649712.00
2016-07-21,7.79,8.00,7.77,7.85,28870111,228232512.00
2016-07-22,7.97,8.02,7.67,7.70,27689947,215576608.00
2016-07-25,7.70,7.79,7.66,7.72,13152011,101563680.00
2016-07-26,7.72,8.05,7.72,8.04,41506423,330056352.00
2016-07-27,8.06,8.26,7.74,8.18,50668257,407592896.00
2016-07-28,8.13,8.69,8.00,8.34,65099951,545686464.00
2016-07-29,8.33,8.60,8.23,8.26,38642519,324819808.00
2016-08-01,8.25,8.38,7.99,8.23,28096446,229540384.00
2016-08-02,8.28,8.36,8.07,8.23,20287191,165878272.00
2016-08-03,8.24,8.46,8.19,8.45,30466643,253899008.00
2016-08-04,8.35,8.39,8.18,8.20,29225025,240202992.00
2016-08-05,8.16,8.18,7.94,8.00,47163719,377312320.00
2016-08-08,7.90,7.99,7.80,7.98,31884601,250959968.00
2016-08-09,7.90,8.01,7.84,7.98,25300122,200372960.00
2016-08-10,7.95,8.00,7.84,7.90,26824097,211849680.00
2016-08-11,7.89,7.96,7.71,7.76,41380961,323743584.00
2016-08-12,7.70,7.84,7.69,7.84,30245391,234709456.00
2016-08-15,7.84,8.20,7.81,8.12,60584292,486867296.00
2016-08-16,8.12,8.20,7.99,8.04,47892253,387145344.00
2016-08-17,8.04,8.04,7.90,7.94,31154160,247564080.00
2016-08-18,7.98,8.02,7.88,7.94,23705614,187934992.00
2016-08-19,7.85,7.93,7.72,7.84,33516986,261418848.00
2016-08-22,7.85,7.85,7.70,7.74,27582439,213453088.00
2016-08-23,7.76,7.78,7.62,7.73,26916787,207718080.00
2016-08-24,7.70,7.75,7.66,7.70,20882840,160630000.00
2016-08-25,7.70,7.71,7.58,7.66,19666960,149927696.00
2016-08-26,7.67,7.73,7.62,7.66,26974159,206671888.00
2016-08-29,7.66,7.69,7.61,7.65,14086888,107738608.00
2016-08-30,7.62,7.66,7.46,7.49,38536080,289843616.00
2016-08-31,7.47,7.49,7.33,7.46,35210647,260613280.00
2016-09-01,7.50,7.52,7.43,7.47,16039093,119952776.00
2016-09-02,7.44,7.60,7.43,7.59,22053704,165693120.00
2016-09-05,7.61,7.62,7.50,7.51,19036885,143497808.00
2016-09-06,7.51,7.51,7.40,7.49,21307728,158655328.00
2016-09-07,7.50,7.51,7.46,7.49,16254561,121721296.00
2016-09-08,7.49,7.58,7.46,7.54,16790400,126286968.00
2016-09-09,7.50,7.55,7.46,7.46,12072593,90558704.00
2016-09-12,7.40,7.44,7.20,7.41,35162702,257253632.00
2016-09-13,7.43,7.45,7.32,7.38,13518858,99513160.00
2016-09-14,7.36,7.36,7.24,7.33,13519720,98558080.00
2016-09-19,7.33,7.37,7.33,7.37,13344417,98103448.00
2016-09-20,7.41,7.41,7.31,7.36,10631709,78015728.00
2016-09-21,7.35,7.38,7.31,7.37,8036094,59151944.00
2016-09-22,7.40,7.55,7.37,7.53,24071208,180001920.00
2016-09-23,7.53,7.56,7.45,7.51,11776532,88297456.00
2016-09-26,7.52,7.56,7.32,7.34,16829068,125697912.00
2016-09-27,7.30,7.34,7.22,7.31,15280366,111230496.00
2016-09-28,7.36,7.46,7.25,7.41,21701922,160617408.00
2016-09-29,7.33,7.38,7.28,7.32,15878403,116210520.00
2016-09-30,7.29,7.31,7.24,7.24,23536706,171154640.00
2016-10-10,7.25,7.32,7.21,7.32,15139836,110061032.00
2016-10-11,7.31,7.39,7.29,7.34,14506932,106525752.00
2016-10-12,7.32,7.33,7.24,7.28,18055451,131207720.00
2016-10-13,7.27,7.28,7.22,7.25,15969005,115626024.00
2016-10-14,7.24,7.66,7.22,7.62,43453706,322810304.00
2016-10-17,7.59,7.61,7.48,7.52,40300337,303500352.00
2016-10-18,7.51,7.62,7.43,7.59,31511215,237699888.00
2016-10-19,7.60,7.78,7.55,7.67,43242953,331905408.00
2016-10-20,7.61,7.67,7.51,7.59,19638684,149007680.00
2016-10-21,7.59,7.66,7.43,7.47,33402286,251665728.00
2016-10-24,7.45,7.60,7.42,7.52,33373317,250719840.00
2016-10-25,7.53,7.55,7.42,7.53,24546090,183478864.00
2016-10-26,7.52,7.52,7.40,7.44,22531149,167799664.00
2016-10-27,7.42,7.44,7.35,7.40,12090226,89449208.00
2016-10-28,7.43,7.48,7.35,7.36,14420464,106958840.00
2016-10-31,7.36,7.42,7.35,7.40,11288533,83394032.00
2016-11-01,7.43,7.44,7.39,7.43,13629118,101007248.00
2016-11-02,7.48,7.57,7.46,7.47,28849208,216399056.00
2016-11-03,7.48,7.66,7.47,7.55,42798770,323021760.00
2016-11-04,7.54,7.56,7.47,7.49,20401148,153228992.00
2016-11-07,7.49,7.52,7.42,7.49,15494841,115685712.00
2016-11-08,7.54,7.54,7.41,7.43,27743729,206603232.00
2016-11-09,7.42,7.42,7.29,7.37,29388406,216160912.00
2016-11-10,7.40,7.51,7.36,7.47,32408780,241566896.00
2016-11-11,7.45,7.56,7.43,7.55,59364510,445013440.00
2016-11-14,7.56,7.74,7.53,7.67,81284851,620738944.00
2016-11-15,7.70,7.83,7.59,7.65,71996349,554404800.00
2016-11-16,7.62,7.74,7.55,7.65,43670812,332140864.00
2016-11-17,7.64,7.85,7.56,7.78,82046967,634332544.00
2016-11-18,7.79,7.79,7.58,7.60,48963630,375357280.00
2016-11-21,7.57,7.69,7.54,7.61,32358899,246650960.00
2016-11-22,7.62,7.66,7.53,7.64,38296226,290998144.00
2016-11-23,7.65,7.70,7.56,7.57,36784962,280558080.00
2016-11-24,7.56,7.70,7.53,7.63,44275492,336672224.00
2016-11-25,7.63,7.75,7.55,7.74,74517910,572230016.00
2016-11-28,7.75,7.83,7.69,7.81,45846700,356076768.00
数据来源:通达信
